sample_index	label	no_pain	low_pain	high_pain
000	no_pain	0.8150638	0.05928553	0.12565073
001	no_pain	0.8167964	0.06617607	0.11702756
002	no_pain	0.8188795	0.059117217	0.122003384
003	no_pain	0.81232613	0.057991855	0.12968202
004	no_pain	0.82201636	0.05484066	0.12314301
005	high_pain	0.4507183	0.04976172	0.49952003
006	no_pain	0.81122965	0.05725034	0.13152008
007	no_pain	0.83304566	0.057609387	0.10934495
008	no_pain	0.81184727	0.058225505	0.12992726
009	no_pain	0.81674165	0.061190546	0.12206781
010	no_pain	0.8289029	0.06069047	0.1104066
011	no_pain	0.8228589	0.060500212	0.11664091
012	no_pain	0.818657	0.061027486	0.12031557
013	no_pain	0.8097335	0.060773138	0.12949336
014	no_pain	0.812961	0.068370275	0.1186688
015	no_pain	0.80430305	0.056024496	0.13967253
016	low_pain	0.43623805	0.46512607	0.09863591
017	no_pain	0.8048809	0.05938219	0.13573696
018	high_pain	0.4435937	0.04852388	0.5078824
019	no_pain	0.8170191	0.05801046	0.12497046
020	no_pain	0.8072496	0.06096932	0.13178112
021	no_pain	0.81859505	0.06425637	0.117148556
022	no_pain	0.80064785	0.056178145	0.14317401
023	low_pain	0.43392923	0.4658638	0.10020699
024	no_pain	0.8044934	0.05570802	0.13979857
025	no_pain	0.82622087	0.06139204	0.11238714
026	low_pain	0.4334953	0.46785712	0.09864757
027	no_pain	0.8197137	0.06286023	0.117426105
028	no_pain	0.8187224	0.062076677	0.11920091
029	no_pain	0.8142039	0.061761025	0.12403506
030	no_pain	0.8258334	0.061730683	0.11243599
031	no_pain	0.8108917	0.07274885	0.11635948
032	no_pain	0.814607	0.06726452	0.118128516
033	no_pain	0.5729667	0.31596836	0.11106493
034	no_pain	0.8122962	0.06337435	0.12432946
035	no_pain	0.8311015	0.055692345	0.113206245
036	low_pain	0.4343851	0.46626785	0.09934708
037	no_pain	0.80747074	0.05472293	0.1378064
038	no_pain	0.56944627	0.3129325	0.11762126
039	no_pain	0.8053271	0.0781498	0.116523094
040	no_pain	0.80777866	0.054957084	0.1372643
041	no_pain	0.46468654	0.43396184	0.10135167
042	low_pain	0.4359677	0.45711797	0.10691435
043	no_pain	0.5283996	0.33579156	0.13580891
044	no_pain	0.82181925	0.05967628	0.1185045
045	no_pain	0.44684806	0.30024213	0.25290987
046	high_pain	0.43359444	0.04704583	0.51935977
047	no_pain	0.8095519	0.066775	0.1236731
048	no_pain	0.8266443	0.05926036	0.11409537
049	high_pain	0.43298075	0.046992388	0.52002686
050	high_pain	0.4501792	0.04809731	0.50172347
051	no_pain	0.81430477	0.06118292	0.1245124
052	low_pain	0.43499035	0.46658656	0.09842311
053	no_pain	0.45988443	0.4372213	0.102894306
054	no_pain	0.8274731	0.061548863	0.11097803
055	high_pain	0.44153532	0.04826952	0.51019514
056	no_pain	0.8056465	0.06881628	0.12553726
057	no_pain	0.5759889	0.31818554	0.10582554
058	no_pain	0.81344354	0.07026414	0.11629236
059	no_pain	0.8026676	0.063508414	0.133824
060	no_pain	0.7773854	0.054208554	0.16840605
061	no_pain	0.7800128	0.06352898	0.15645826
062	no_pain	0.8151569	0.05957111	0.12527208
063	no_pain	0.82441604	0.064397916	0.11118608
064	no_pain	0.82306385	0.060869522	0.11606668
065	no_pain	0.8173114	0.064063236	0.1186254
066	no_pain	0.814614	0.06593425	0.11945174
067	no_pain	0.82158786	0.05920021	0.119211994
068	no_pain	0.5859519	0.05079547	0.36325264
069	no_pain	0.8218084	0.05903673	0.119154826
070	no_pain	0.82834095	0.061469134	0.11018999
071	low_pain	0.43455055	0.46502668	0.100422785
072	no_pain	0.83389616	0.055301625	0.110802285
073	no_pain	0.78558695	0.054388024	0.16002505
074	no_pain	0.80115324	0.063600644	0.13524611
075	no_pain	0.8117272	0.06538586	0.12288698
076	no_pain	0.8064769	0.057574574	0.13594863
077	no_pain	0.82871425	0.059927434	0.1113584
078	no_pain	0.82914114	0.060632195	0.11022668
079	no_pain	0.81829435	0.06465985	0.11704588
080	high_pain	0.43616349	0.04865055	0.51518595
081	high_pain	0.45296383	0.061378516	0.4856577
082	high_pain	0.43258968	0.04723376	0.5201766
083	no_pain	0.8252222	0.05537829	0.119399555
084	no_pain	0.8196249	0.063588366	0.11678677
085	no_pain	0.8137649	0.06423319	0.12200192
086	no_pain	0.8299246	0.059426215	0.11064925
087	low_pain	0.44402343	0.44739294	0.10858365
088	no_pain	0.82406193	0.0643702	0.11156791
089	no_pain	0.6575812	0.22430626	0.11811258
090	no_pain	0.78997034	0.05346621	0.15656352
091	no_pain	0.81883174	0.06184005	0.119328246
092	no_pain	0.8331123	0.058224928	0.10866284
093	no_pain	0.5097801	0.37764364	0.11257628
094	no_pain	0.8252607	0.06297227	0.11176706
095	no_pain	0.633121	0.251644	0.11523507
096	no_pain	0.8191122	0.063391656	0.117496185
097	no_pain	0.5609265	0.050654206	0.3884193
098	high_pain	0.43980962	0.047892634	0.5122978
099	low_pain	0.43593526	0.46460813	0.099456675
100	no_pain	0.8205544	0.06486722	0.11457843
101	no_pain	0.8314001	0.05913009	0.10946981
102	low_pain	0.43603376	0.46495846	0.0990078
103	no_pain	0.6241921	0.26416707	0.11164086
104	no_pain	0.8237011	0.06064496	0.115653984
105	high_pain	0.433396	0.047460575	0.51914346
106	high_pain	0.45379168	0.048208244	0.49800012
107	no_pain	0.79980403	0.06758682	0.13260923
108	no_pain	0.8161575	0.063747056	0.12009544
109	no_pain	0.82094795	0.059939213	0.11911292
110	no_pain	0.8224632	0.06561991	0.11191688
111	no_pain	0.8057456	0.061100025	0.13315439
112	no_pain	0.5878175	0.2960103	0.11617227
113	no_pain	0.82300234	0.063015774	0.113981895
114	no_pain	0.80301857	0.07923049	0.11775102
115	no_pain	0.7759301	0.05673652	0.16733336
116	no_pain	0.8015587	0.060864	0.13757731
117	high_pain	0.43281183	0.046974752	0.5202134
118	high_pain	0.43776563	0.04755088	0.51468354
119	no_pain	0.8275484	0.059505146	0.11294651
120	no_pain	0.8157376	0.058594514	0.12566794
121	no_pain	0.83652127	0.056523025	0.10695575
122	no_pain	0.814559	0.055434983	0.13000602
123	no_pain	0.8298192	0.06018781	0.109993
124	no_pain	0.82339144	0.05690662	0.11970197
125	no_pain	0.82216924	0.064907715	0.11292306
126	no_pain	0.82299644	0.064110495	0.112893105
127	no_pain	0.8204188	0.06530197	0.11427932
128	no_pain	0.8216043	0.0636834	0.11471234
129	no_pain	0.82473505	0.06347043	0.11179454
130	no_pain	0.83273566	0.058071483	0.10919291
131	no_pain	0.83220524	0.05817091	0.109623894
132	no_pain	0.8232881	0.059774123	0.11693784
133	no_pain	0.82983685	0.058804844	0.11135835
134	no_pain	0.83230746	0.056628894	0.11106365
135	no_pain	0.8152891	0.060345728	0.12436527
136	low_pain	0.4330563	0.46792883	0.099014945
137	high_pain	0.44098958	0.04812494	0.51088554
138	no_pain	0.8079672	0.07556186	0.116471015
139	no_pain	0.7586709	0.1220675	0.11926161
140	no_pain	0.7896907	0.08537489	0.12493441
141	no_pain	0.830753	0.059716936	0.10953001
142	no_pain	0.82043934	0.056740813	0.12281986
143	no_pain	0.81638557	0.060851038	0.12276346
144	high_pain	0.4358034	0.04781422	0.5163824
145	no_pain	0.8221835	0.060318936	0.11749762
146	low_pain	0.43575922	0.4654712	0.09876964
147	no_pain	0.814274	0.06107109	0.124654874
148	low_pain	0.43467242	0.46653906	0.09878857
149	no_pain	0.81153965	0.059865296	0.12859511
150	no_pain	0.8220938	0.06213287	0.115773395
151	no_pain	0.8125497	0.062168024	0.1252823
152	no_pain	0.8329527	0.05642232	0.11062501
153	no_pain	0.8151797	0.060993273	0.12382704
154	no_pain	0.8082776	0.06256749	0.12915494
155	no_pain	0.8137906	0.057339367	0.12887008
156	no_pain	0.8052944	0.054905154	0.1398005
157	no_pain	0.8087401	0.05869514	0.13256478
158	no_pain	0.8158116	0.062167317	0.12202116
159	high_pain	0.43621683	0.04799143	0.5157918
160	low_pain	0.43920293	0.46091968	0.099877454
161	no_pain	0.82065755	0.058167	0.12117554
162	no_pain	0.8208637	0.06030766	0.11882863
163	no_pain	0.803327	0.07361757	0.12305542
164	no_pain	0.8183192	0.058508296	0.12317254
165	no_pain	0.560178	0.32527906	0.11454298
166	no_pain	0.81211936	0.06134986	0.1265308
167	no_pain	0.8286974	0.059306856	0.111995764
168	no_pain	0.56281453	0.052546415	0.38463908
169	no_pain	0.82269293	0.064736746	0.11257039
170	low_pain	0.43927878	0.45982602	0.10089523
171	low_pain	0.4427796	0.45536858	0.10185183
172	no_pain	0.80942905	0.07386606	0.11670498
173	no_pain	0.4586491	0.3970419	0.14430904
174	no_pain	0.8130894	0.06651698	0.12039374
175	low_pain	0.43431726	0.45852	0.10716273
176	no_pain	0.8218249	0.056119423	0.12205575
177	no_pain	0.83041793	0.058020946	0.11156116
178	no_pain	0.8230872	0.058267184	0.11864567
179	no_pain	0.81803006	0.059626672	0.12234326
180	no_pain	0.81634486	0.06721699	0.11643813
181	no_pain	0.8179159	0.059422214	0.12266188
182	no_pain	0.79322904	0.06311297	0.14365806
183	no_pain	0.8238494	0.0629138	0.113236845
184	no_pain	0.8182271	0.058380146	0.123392805
185	no_pain	0.79104996	0.06077809	0.14817198
186	high_pain	0.43276066	0.04711623	0.5201232
187	no_pain	0.82704675	0.060513068	0.11244025
188	no_pain	0.57511276	0.050600138	0.37428716
189	high_pain	0.4323296	0.04731652	0.520354
190	no_pain	0.8334238	0.05684116	0.10973501
191	high_pain	0.4600885	0.04875615	0.4911554
192	no_pain	0.81133586	0.061261285	0.12740293
193	no_pain	0.81768906	0.065346226	0.1169647
194	no_pain	0.8297982	0.06028136	0.10992045
195	no_pain	0.83322704	0.05680784	0.10996519
196	no_pain	0.8149938	0.06471143	0.120294794
197	no_pain	0.7774049	0.073112495	0.14948261
198	low_pain	0.43621263	0.4649325	0.098854885
199	no_pain	0.8156338	0.058797438	0.1255688
200	no_pain	0.8144594	0.062264327	0.12327635
201	high_pain	0.43257445	0.047189772	0.52023584
202	low_pain	0.43309322	0.46712938	0.099777445
203	low_pain	0.43570998	0.4659462	0.09834387
204	no_pain	0.8132264	0.06367491	0.12309873
205	no_pain	0.8097223	0.062246464	0.12803128
206	no_pain	0.5585319	0.3394577	0.102010526
207	no_pain	0.81854016	0.05856814	0.12289173
208	no_pain	0.81085056	0.05776635	0.13138314
209	no_pain	0.8246428	0.06346208	0.11189518
210	no_pain	0.816769	0.07096751	0.11226352
211	no_pain	0.8338886	0.05798504	0.108126365
212	no_pain	0.810822	0.06307848	0.12609954
213	no_pain	0.82306963	0.060279097	0.11665129
214	low_pain	0.43483332	0.46555743	0.09960927
215	no_pain	0.81660974	0.06190027	0.12149
216	no_pain	0.8189945	0.059482906	0.12152258
217	no_pain	0.81325054	0.0706153	0.116134204
218	no_pain	0.8162756	0.06114308	0.12258134
219	no_pain	0.8254048	0.054890268	0.1197049
220	low_pain	0.43620497	0.4609973	0.102797754
221	no_pain	0.827443	0.060445867	0.11211116
222	no_pain	0.43430188	0.2066023	0.35909584
223	no_pain	0.8031371	0.06370821	0.13315475
224	no_pain	0.815555	0.059878383	0.12456671
225	no_pain	0.8272567	0.061803527	0.11093986
226	no_pain	0.5909191	0.2894065	0.11967446
227	no_pain	0.8272603	0.059732456	0.11300727
228	no_pain	0.80261666	0.068003476	0.12937996
229	no_pain	0.8195491	0.05880186	0.12164909
230	no_pain	0.81653076	0.0683027	0.11516655
231	no_pain	0.8157424	0.06336241	0.120895304
232	no_pain	0.8289382	0.059440155	0.111621685
233	no_pain	0.6667678	0.22127019	0.11196203
234	no_pain	0.81939745	0.05762113	0.12298148
235	no_pain	0.81427526	0.06214488	0.12357987
236	no_pain	0.81322545	0.057521973	0.12925254
237	no_pain	0.82018656	0.05686174	0.12295176
238	low_pain	0.43539265	0.4616007	0.10300668
239	no_pain	0.811124	0.05817843	0.13069753
240	no_pain	0.8207684	0.05886053	0.120371126
241	no_pain	0.82515776	0.06151939	0.11332289
242	no_pain	0.817266	0.066879965	0.1158541
243	no_pain	0.80942374	0.062446717	0.1281296
244	no_pain	0.8216966	0.06289203	0.11541144
245	no_pain	0.81645316	0.06909908	0.11444776
246	no_pain	0.8166858	0.06261085	0.12070334
247	no_pain	0.8305107	0.057969335	0.111520015
248	no_pain	0.8131378	0.06216814	0.12469407
249	no_pain	0.80815715	0.06761955	0.12422331
250	no_pain	0.82164353	0.05968725	0.118669204
251	low_pain	0.43664005	0.4622448	0.10111516
252	no_pain	0.8047629	0.06411424	0.1311229
253	no_pain	0.8221355	0.06296737	0.11489713
254	no_pain	0.8168703	0.057701383	0.12542836
255	no_pain	0.81041634	0.060265202	0.12931848
256	no_pain	0.8181967	0.058675084	0.12312826
257	high_pain	0.4469733	0.048799437	0.5042273
258	no_pain	0.78531444	0.055308912	0.15937665
259	no_pain	0.81318396	0.06141249	0.12540358
260	no_pain	0.8197626	0.057531316	0.12270615
261	high_pain	0.43263263	0.046850402	0.52051705
262	no_pain	0.8081628	0.062149066	0.12968817
263	no_pain	0.8102721	0.06549035	0.124237634
264	no_pain	0.8027812	0.060281128	0.1369377
265	no_pain	0.8168482	0.063976444	0.11917542
266	low_pain	0.4366694	0.46315604	0.10017458
267	no_pain	0.8364951	0.05687691	0.10662802
268	high_pain	0.45968622	0.04860634	0.4917075
269	high_pain	0.43704727	0.0475558	0.51539695
270	low_pain	0.43598652	0.46372038	0.10029311
271	no_pain	0.8225685	0.064897574	0.11253398
272	low_pain	0.43440905	0.46529102	0.10029999
273	low_pain	0.44085783	0.45954314	0.099599086
274	no_pain	0.8135944	0.058478806	0.12792678
275	no_pain	0.82342595	0.061998878	0.11457516
276	no_pain	0.4365171	0.31992406	0.24355888
277	no_pain	0.7161723	0.06277024	0.22105755
278	no_pain	0.8005276	0.07987434	0.119598106
279	no_pain	0.818483	0.06880496	0.112712026
280	no_pain	0.82362354	0.065606296	0.11077019
281	no_pain	0.792005	0.057279535	0.15071546
282	no_pain	0.8214541	0.06578351	0.11276237
283	low_pain	0.44594198	0.4528649	0.101193145
284	no_pain	0.8381743	0.055487145	0.10633863
285	no_pain	0.82824403	0.060525347	0.111230664
286	no_pain	0.8212253	0.06570747	0.113067225
287	low_pain	0.4358382	0.46512884	0.099033006
288	no_pain	0.8013131	0.07018767	0.12849922
289	no_pain	0.8248887	0.061025318	0.11408603
290	no_pain	0.80800444	0.07182925	0.12016637
291	low_pain	0.4346327	0.46527907	0.100088306
292	no_pain	0.7993599	0.081986666	0.11865346
293	no_pain	0.8367781	0.056551933	0.106669955
294	low_pain	0.43376818	0.46365595	0.1025759
295	no_pain	0.83591944	0.057066586	0.10701399
296	no_pain	0.79871356	0.060592562	0.14069393
297	no_pain	0.82482487	0.060454838	0.11472035
298	no_pain	0.80795145	0.058819074	0.1332295
299	no_pain	0.6767815	0.05445963	0.26875892
300	low_pain	0.43717885	0.45564088	0.10718029
301	no_pain	0.8364643	0.05642459	0.10711118
302	no_pain	0.436526	0.43133947	0.13213454
303	no_pain	0.8063424	0.057236552	0.13642108
304	no_pain	0.8154894	0.06852017	0.11599041
305	no_pain	0.60793555	0.055217803	0.33684665
306	no_pain	0.82598513	0.05946861	0.11454629
307	no_pain	0.775894	0.10456634	0.11953974
308	low_pain	0.44685748	0.4484537	0.104688846
309	no_pain	0.8112299	0.06432845	0.12444167
310	no_pain	0.8161095	0.06458555	0.119305
311	no_pain	0.8193286	0.067407496	0.113264
312	no_pain	0.8086115	0.061387055	0.13000144
313	no_pain	0.8056545	0.06784935	0.12649617
314	no_pain	0.8094385	0.06326167	0.12729985
315	no_pain	0.8277357	0.059590787	0.11267352
316	no_pain	0.566706	0.18505105	0.24824296
317	no_pain	0.80180365	0.07486417	0.123332195
318	no_pain	0.82924664	0.0585338	0.112219535
319	high_pain	0.43313017	0.047023274	0.51984656
320	no_pain	0.8163991	0.05717119	0.12642977
321	low_pain	0.43320653	0.455839	0.1109545
322	low_pain	0.43366906	0.4667146	0.09961641
323	no_pain	0.567846	0.051500645	0.3806534
324	no_pain	0.8250294	0.06300444	0.11196621
325	no_pain	0.439841	0.36378458	0.19637445
326	high_pain	0.44360584	0.047759324	0.5086349
327	no_pain	0.7172658	0.062122982	0.2206112
328	no_pain	0.81345236	0.06325702	0.123290636
329	no_pain	0.82895803	0.060165387	0.11087661
330	low_pain	0.43418148	0.4664471	0.09937147
331	no_pain	0.82189494	0.059099656	0.11900546
332	no_pain	0.82754195	0.060640045	0.11181802
333	no_pain	0.8218445	0.060831554	0.117323995
334	high_pain	0.43866238	0.04749137	0.5138463
335	no_pain	0.8047307	0.06593598	0.12933333
336	no_pain	0.8031188	0.062337082	0.13454412
337	no_pain	0.81106365	0.059311304	0.1296251
338	no_pain	0.8123763	0.057991415	0.12963235
339	no_pain	0.81310815	0.06706159	0.119830295
340	no_pain	0.43408436	0.3270309	0.23888476
341	no_pain	0.8036126	0.06869371	0.12769376
342	no_pain	0.81662935	0.061798632	0.121572055
343	no_pain	0.8157352	0.062465906	0.12179894
344	no_pain	0.81373703	0.069505475	0.11675753
345	no_pain	0.8206128	0.058865163	0.12052206
346	no_pain	0.73453695	0.06041456	0.20504855
347	no_pain	0.8195287	0.057590988	0.12288029
348	high_pain	0.44297722	0.048253637	0.50876915
349	no_pain	0.796473	0.07876106	0.12476592
350	no_pain	0.8011634	0.05978365	0.13905294
351	no_pain	0.81486225	0.067123175	0.11801464
352	low_pain	0.43499112	0.46496806	0.10004086
353	no_pain	0.815112	0.06971274	0.115175314
354	no_pain	0.79928714	0.081887655	0.11882525
355	no_pain	0.6316029	0.25344568	0.11495144
356	no_pain	0.8178411	0.05885039	0.123308524
357	no_pain	0.81408596	0.067052834	0.11886122
358	no_pain	0.8318024	0.058113348	0.11008426
359	no_pain	0.8084386	0.07118393	0.120377555
360	no_pain	0.6833495	0.20555751	0.111092985
361	high_pain	0.43947557	0.04774249	0.512782
362	no_pain	0.81334245	0.055800546	0.13085704
363	no_pain	0.8239297	0.0579593	0.11811098
364	no_pain	0.8139228	0.06111643	0.12496078
365	no_pain	0.8026423	0.06333604	0.13402173
366	no_pain	0.83310574	0.057312578	0.1095817
367	no_pain	0.8186655	0.05928668	0.12204785
368	no_pain	0.82674295	0.05797157	0.11528553
369	no_pain	0.81721467	0.06424589	0.118539415
370	no_pain	0.8151664	0.06856986	0.11626373
371	low_pain	0.4362119	0.4625099	0.10127816
372	no_pain	0.43669555	0.37223393	0.19107056
373	no_pain	0.54726136	0.3474825	0.10525613
374	no_pain	0.82014024	0.059556764	0.120303035
375	low_pain	0.4331676	0.46667442	0.10015805
376	no_pain	0.82433087	0.05986392	0.11580526
377	no_pain	0.81507814	0.060738135	0.12418375
378	no_pain	0.81493336	0.067156576	0.11791011
379	high_pain	0.43618068	0.047873676	0.5159457
380	no_pain	0.82352144	0.064605154	0.11187345
381	no_pain	0.52920777	0.36236972	0.108422555
382	no_pain	0.8307461	0.059080187	0.11017378
383	no_pain	0.7794018	0.074864395	0.14573382
384	no_pain	0.8040623	0.06351234	0.13242537
385	no_pain	0.7947219	0.05419303	0.15108512
386	high_pain	0.43654272	0.048285604	0.5151717
387	no_pain	0.8171517	0.061359506	0.12148877
388	no_pain	0.8203779	0.06101415	0.11860798
389	no_pain	0.8140672	0.06937598	0.116556905
390	no_pain	0.8244416	0.057434108	0.11812429
391	no_pain	0.6761742	0.073968284	0.2498575
392	low_pain	0.4386155	0.45894936	0.10243519
393	no_pain	0.7985376	0.05981973	0.1416427
394	no_pain	0.82846725	0.06048173	0.111051045
395	no_pain	0.8140675	0.062229376	0.12370312
396	no_pain	0.82162416	0.06474597	0.11362993
397	no_pain	0.80237526	0.06363005	0.1339947
398	low_pain	0.4432593	0.4570424	0.09969836
399	low_pain	0.4340081	0.44037977	0.1256122
400	low_pain	0.44022775	0.4592258	0.100546494
401	no_pain	0.43382168	0.1817024	0.38447598
402	no_pain	0.82558817	0.062251072	0.11216082
403	high_pain	0.4620307	0.048473813	0.48949552
404	no_pain	0.8129296	0.06874524	0.11832527
405	no_pain	0.8133273	0.05634869	0.13032404
406	no_pain	0.815193	0.06640665	0.1184004
407	no_pain	0.825642	0.06047262	0.11388545
408	no_pain	0.8331397	0.05777457	0.10908579
409	no_pain	0.8253125	0.06056712	0.114120424
410	no_pain	0.8173409	0.05807198	0.12458717
411	no_pain	0.80659485	0.062036633	0.13136853
412	no_pain	0.8215851	0.058634322	0.119780555
413	low_pain	0.4431946	0.4561844	0.10062106
414	low_pain	0.4333559	0.4675479	0.09909622
415	no_pain	0.46031475	0.42870042	0.11098487
416	low_pain	0.4346146	0.46472958	0.10065584
417	no_pain	0.8209411	0.06486413	0.1141948
418	low_pain	0.4331313	0.46656856	0.10030014
419	no_pain	0.8089952	0.06273008	0.12827478
420	no_pain	0.8110214	0.058073223	0.13090543
421	high_pain	0.4364697	0.04741896	0.51611143
422	low_pain	0.44794634	0.45021868	0.10183499
423	no_pain	0.8256675	0.0625071	0.111825414
424	no_pain	0.82048523	0.062652	0.116862826
425	no_pain	0.54527587	0.33754307	0.11718108
426	low_pain	0.4358904	0.46521023	0.09889942
427	high_pain	0.43355617	0.047219697	0.51922417
428	high_pain	0.43400338	0.04788478	0.5181118
429	high_pain	0.45501503	0.04906083	0.49592414
430	no_pain	0.8311745	0.058902115	0.109923385
431	no_pain	0.8059941	0.064603284	0.12940267
432	no_pain	0.8046831	0.061730355	0.1335866
433	no_pain	0.8076172	0.054967202	0.13741566
434	no_pain	0.81282234	0.06024148	0.12693623
435	no_pain	0.8192258	0.06643096	0.11434326
436	no_pain	0.7835432	0.053981338	0.16247544
437	no_pain	0.51002216	0.049555134	0.44042274
438	no_pain	0.8233167	0.059035573	0.11764772
439	no_pain	0.8326047	0.058056414	0.109338924
440	no_pain	0.8258462	0.059164774	0.114989094
441	no_pain	0.78617287	0.082875855	0.1309513
442	no_pain	0.8265495	0.06269828	0.11075228
443	no_pain	0.8232602	0.05920976	0.1175301
444	no_pain	0.81897056	0.06715177	0.11387769
445	no_pain	0.8281785	0.05963495	0.11218655
446	no_pain	0.5549674	0.05145341	0.3935792
447	no_pain	0.5868706	0.3068592	0.1062702
448	no_pain	0.8145321	0.06231461	0.123153344
449	no_pain	0.8030449	0.062339306	0.13461581
450	low_pain	0.4369547	0.46221432	0.10083098
451	high_pain	0.44170234	0.049263723	0.509034
452	no_pain	0.79917556	0.054889824	0.14593467
453	no_pain	0.8099804	0.05983425	0.13018541
454	high_pain	0.43471438	0.047319822	0.51796585
455	no_pain	0.8174437	0.06049957	0.12205672
456	no_pain	0.8249017	0.060636263	0.11446203
457	no_pain	0.8104483	0.05887713	0.13067462
458	no_pain	0.80415374	0.057785925	0.13806042
459	no_pain	0.82115656	0.063246585	0.115596905
460	high_pain	0.45544332	0.048368413	0.4961883
461	no_pain	0.828994	0.060666446	0.110339604
462	low_pain	0.4338335	0.46548638	0.10068015
463	no_pain	0.814011	0.05769778	0.1282913
464	no_pain	0.79090786	0.059611615	0.14948058
465	high_pain	0.43395916	0.047286265	0.5187546
466	no_pain	0.8044499	0.06682211	0.12872802
467	no_pain	0.81649053	0.06692148	0.11658809
468	no_pain	0.81268054	0.056544	0.13077553
469	no_pain	0.82300526	0.06033132	0.116663456
470	no_pain	0.7316829	0.06266195	0.20565513
471	no_pain	0.48722863	0.04936915	0.46340227
472	no_pain	0.8090981	0.05959173	0.13131022
473	no_pain	0.7991285	0.06357768	0.13729386
474	no_pain	0.8139841	0.059748203	0.12626769
475	no_pain	0.48025647	0.41176125	0.10798232
476	no_pain	0.8316997	0.059228964	0.10907137
477	no_pain	0.8131724	0.06386929	0.122958325
478	high_pain	0.43297812	0.047748566	0.51927334
479	high_pain	0.44940004	0.04878687	0.5018131
480	no_pain	0.8204609	0.061360527	0.11817859
481	no_pain	0.8131666	0.06280085	0.1240326
482	no_pain	0.8220124	0.06263556	0.11535206
483	low_pain	0.43541813	0.46393046	0.10065142
484	no_pain	0.81384474	0.061955187	0.124200106
485	no_pain	0.8242019	0.05787909	0.11791905
486	no_pain	0.82593066	0.058038566	0.11603081
487	no_pain	0.81682885	0.055577237	0.1275939
488	no_pain	0.81561244	0.05749033	0.12689722
489	no_pain	0.46875525	0.42579916	0.10544564
490	low_pain	0.43258968	0.4629247	0.104485646
491	no_pain	0.81694394	0.06184057	0.12121557
492	high_pain	0.43560007	0.047967825	0.5164321
493	no_pain	0.8203964	0.0672838	0.11231983
494	no_pain	0.8139399	0.07406968	0.11199047
495	no_pain	0.8276213	0.06033782	0.112040974
496	no_pain	0.81185955	0.061990116	0.12615037
497	no_pain	0.8105906	0.067072034	0.12233738
498	no_pain	0.80940026	0.06402795	0.12657179
499	no_pain	0.6620551	0.052390616	0.28555432
500	no_pain	0.818936	0.06415971	0.1169043
501	no_pain	0.82007176	0.05714556	0.12278271
502	no_pain	0.8373889	0.055642396	0.10696882
503	no_pain	0.8231462	0.059262987	0.11759085
504	no_pain	0.812981	0.07033422	0.11668482
505	no_pain	0.8158808	0.05983618	0.12428304
506	no_pain	0.814753	0.061672214	0.123574845
507	no_pain	0.45304546	0.4362022	0.11075239
508	no_pain	0.4390536	0.32514808	0.23579836
509	no_pain	0.81038505	0.06537387	0.12424115
510	low_pain	0.43681666	0.46401718	0.09916618
511	no_pain	0.8202681	0.06265081	0.11708116
512	no_pain	0.8168976	0.06821451	0.11488795
513	no_pain	0.79600465	0.072230086	0.1317653
514	no_pain	0.6152077	0.053880434	0.3309119
515	no_pain	0.7048775	0.05306711	0.24205542
516	no_pain	0.5376333	0.1740534	0.28831333
517	no_pain	0.8252417	0.059972726	0.11478559
518	no_pain	0.8091344	0.059062243	0.1318034
519	no_pain	0.81878513	0.062472153	0.11874275
520	no_pain	0.80900383	0.05922464	0.13177153
521	no_pain	0.8199974	0.062233347	0.11776932
522	no_pain	0.8203092	0.06783809	0.11185271
523	no_pain	0.79875547	0.055087876	0.1461567
524	no_pain	0.81879365	0.057371195	0.12383518
525	no_pain	0.81760365	0.059187863	0.12320856
526	no_pain	0.82524353	0.061340053	0.11341642
527	no_pain	0.8237851	0.063568175	0.11264675
528	no_pain	0.8235498	0.06398408	0.112466134
529	low_pain	0.43463996	0.46500832	0.100351736
530	no_pain	0.81602347	0.06153347	0.12244308
531	low_pain	0.43915397	0.45802832	0.10281771
532	high_pain	0.43587783	0.04806781	0.5160544
533	high_pain	0.4501727	0.048089005	0.50173837
534	high_pain	0.43266922	0.04716397	0.5201668
535	no_pain	0.8091282	0.057028573	0.13384329
536	no_pain	0.43711752	0.18541037	0.37747213
537	no_pain	0.80108976	0.061958786	0.13695146
538	no_pain	0.8178073	0.061703116	0.12048958
539	no_pain	0.51382333	0.37575477	0.11042192
540	low_pain	0.43195802	0.46864194	0.09940006
541	no_pain	0.7959655	0.079495564	0.124538995
542	no_pain	0.77652675	0.082524106	0.1409492
543	no_pain	0.8273966	0.055921827	0.11668161
544	low_pain	0.43521234	0.4659118	0.098875865
545	no_pain	0.6801457	0.053167284	0.2666871
546	no_pain	0.7874157	0.06560171	0.1469826
547	no_pain	0.793995	0.06573609	0.14026892
548	no_pain	0.8219499	0.060284317	0.11776584
549	low_pain	0.436533	0.46379334	0.09967368
550	no_pain	0.43607765	0.18589671	0.37802568
551	no_pain	0.8186289	0.06494766	0.11642343
552	no_pain	0.830789	0.058305297	0.1109057
553	high_pain	0.4418779	0.048099987	0.5100221
554	no_pain	0.8094956	0.07588374	0.1146206
555	no_pain	0.81594384	0.05844416	0.12561205
556	no_pain	0.8034876	0.061355405	0.13515702
557	no_pain	0.79240423	0.05747194	0.15012386
558	low_pain	0.43567964	0.46309525	0.101225115
559	no_pain	0.81386894	0.05985963	0.12627146
560	low_pain	0.43681103	0.46411508	0.099073924
561	no_pain	0.8290566	0.05951726	0.11142617
562	high_pain	0.43444386	0.048321724	0.51723444
563	no_pain	0.8060071	0.061543398	0.13244955
564	no_pain	0.8096266	0.06580859	0.12456488
565	low_pain	0.43606433	0.45276052	0.11117519
566	no_pain	0.79396963	0.05679673	0.14923367
567	no_pain	0.83459777	0.058204986	0.10719723
568	no_pain	0.8161114	0.06382269	0.12006598
569	no_pain	0.8109781	0.060183458	0.12883839
570	no_pain	0.69182396	0.18904535	0.11913077
571	no_pain	0.83689773	0.055941906	0.10716045
572	no_pain	0.80866337	0.07409002	0.11724664
573	no_pain	0.8044096	0.05716612	0.13842429
574	no_pain	0.817808	0.059542358	0.12264974
575	no_pain	0.8352322	0.05760933	0.10715855
576	no_pain	0.8210435	0.06596006	0.112996474
577	low_pain	0.43478924	0.46623492	0.09897588
578	no_pain	0.8143527	0.062385015	0.12326233
579	no_pain	0.6647228	0.05391073	0.28136653
580	low_pain	0.43319088	0.46840563	0.098403506
581	no_pain	0.81798494	0.06800998	0.11400513
582	low_pain	0.43529084	0.46650353	0.09820567
583	no_pain	0.8147827	0.05844342	0.12677397
584	low_pain	0.435419	0.46523952	0.09934153
585	no_pain	0.829823	0.05900091	0.11117611
586	no_pain	0.80768883	0.060499616	0.1318116
587	no_pain	0.8325562	0.056069095	0.11137476
588	no_pain	0.8193161	0.05812231	0.12256161
589	no_pain	0.8227719	0.06019607	0.11703204
590	no_pain	0.81916875	0.0651962	0.11563504
591	no_pain	0.8330585	0.058052603	0.1088889
592	no_pain	0.81716126	0.069388375	0.11345039
593	no_pain	0.8091276	0.07416511	0.11670729
594	no_pain	0.7889601	0.06137112	0.1496688
595	no_pain	0.8313929	0.058859862	0.10974729
596	no_pain	0.83203304	0.05593596	0.112031005
597	low_pain	0.43345657	0.46688464	0.09965883
598	no_pain	0.82523763	0.062283814	0.11247859
599	no_pain	0.82206863	0.060007136	0.117924266
600	no_pain	0.828522	0.060994145	0.11048394
601	no_pain	0.83439726	0.056518607	0.109084174
602	no_pain	0.820618	0.059717886	0.11966424
603	no_pain	0.8190016	0.061068624	0.11992984
604	no_pain	0.81302273	0.060445912	0.12653135
605	no_pain	0.7048129	0.058111284	0.23707588
606	no_pain	0.8237742	0.06374736	0.11247846
607	low_pain	0.44899458	0.45094553	0.10005991
608	no_pain	0.81610113	0.06699814	0.116900735
609	no_pain	0.82130635	0.058827702	0.119866
610	no_pain	0.812503	0.06520864	0.12228836
611	no_pain	0.8177964	0.05688786	0.12531574
612	low_pain	0.4352723	0.46458334	0.10014441
613	high_pain	0.43212837	0.0470227	0.52084905
614	no_pain	0.8120413	0.06475417	0.123204544
615	no_pain	0.80121505	0.061094016	0.13769093
616	low_pain	0.4344279	0.46734223	0.0982299
617	no_pain	0.76088995	0.05780306	0.18130705
618	no_pain	0.8298984	0.055817742	0.11428388
619	no_pain	0.82302237	0.06021895	0.11675874
620	no_pain	0.82882875	0.062825724	0.108345546
621	no_pain	0.81259435	0.061554488	0.12585123
622	no_pain	0.6317606	0.2541593	0.11408009
623	no_pain	0.8090124	0.060712058	0.13027558
624	no_pain	0.7560216	0.09864276	0.1453356
625	no_pain	0.81942457	0.05878057	0.12179489
626	no_pain	0.80822724	0.0688876	0.12288518
627	no_pain	0.80275595	0.060398143	0.13684592
628	no_pain	0.8140788	0.060710542	0.12521072
629	no_pain	0.80232877	0.077852584	0.11981862
630	no_pain	0.82590884	0.061790638	0.11230056
631	no_pain	0.82657367	0.061168082	0.11225833
632	no_pain	0.6309362	0.054016206	0.31504756
633	no_pain	0.800695	0.08414097	0.115164034
634	no_pain	0.78653485	0.05445173	0.15901342
635	no_pain	0.8278037	0.061332803	0.11086357
636	no_pain	0.8117483	0.064489655	0.12376206
637	low_pain	0.43437234	0.4669011	0.09872661
638	no_pain	0.81302005	0.06420701	0.122772984
639	low_pain	0.4330581	0.46755904	0.09938286
640	no_pain	0.8323174	0.057425585	0.110257015
641	no_pain	0.6817559	0.061339803	0.25690433
642	no_pain	0.43751892	0.35080603	0.21167505
643	no_pain	0.62283176	0.24203953	0.13512875
644	no_pain	0.8212084	0.06387436	0.11491728
645	no_pain	0.82659775	0.05744141	0.11596088
646	no_pain	0.8074364	0.054898955	0.13766468
647	low_pain	0.4339971	0.446699	0.11930396
648	no_pain	0.7992158	0.079194196	0.121590056
649	high_pain	0.4369282	0.04779044	0.5152814
650	no_pain	0.82037014	0.06388737	0.11574251
651	no_pain	0.80260503	0.06515129	0.13224372
652	no_pain	0.8077143	0.0631196	0.12916617
653	no_pain	0.81662315	0.06330575	0.12007118
654	no_pain	0.80591613	0.07647937	0.117604576
655	no_pain	0.8121694	0.06320471	0.12462596
656	no_pain	0.8209275	0.05959001	0.11948252
657	no_pain	0.7068799	0.053735137	0.239385
658	low_pain	0.4366477	0.4614632	0.101889126
659	high_pain	0.43192077	0.048606914	0.5194723
660	no_pain	0.8093356	0.075388156	0.11527634
661	high_pain	0.43176547	0.050376516	0.5178581
662	no_pain	0.82124585	0.063922465	0.114831686
663	no_pain	0.82990485	0.062037174	0.108058
664	no_pain	0.8256288	0.060442835	0.11392834
665	no_pain	0.75752836	0.07651837	0.16595331
666	no_pain	0.79440105	0.07060573	0.13499327
667	no_pain	0.8267201	0.06042959	0.11285031
668	no_pain	0.81591743	0.056740724	0.12734191
669	no_pain	0.829408	0.06079033	0.10980177
670	no_pain	0.8361635	0.05660936	0.107227154
671	no_pain	0.82085407	0.0641346	0.11501142
672	no_pain	0.8222391	0.061375074	0.11638583
673	no_pain	0.82717144	0.06123166	0.1115969
674	no_pain	0.80826646	0.071472295	0.12026132
675	no_pain	0.83248705	0.05749618	0.11001681
676	low_pain	0.4356052	0.4599075	0.10448734
677	no_pain	0.8146094	0.07060231	0.11478835
678	high_pain	0.43197384	0.04698586	0.5210404
679	no_pain	0.8310038	0.05877316	0.11022307
680	no_pain	0.82094735	0.064922445	0.114130236
681	no_pain	0.8123563	0.06005522	0.12758854
682	no_pain	0.822715	0.05547825	0.12180681
683	high_pain	0.47184208	0.04922601	0.47893193
684	no_pain	0.8314476	0.057960063	0.11059239
685	no_pain	0.7677717	0.059060615	0.17316769
686	high_pain	0.43304744	0.047077943	0.51987463
687	high_pain	0.43770957	0.04757229	0.5147182
688	no_pain	0.8235522	0.064068496	0.112379365
689	no_pain	0.8117222	0.0740629	0.11421494
690	no_pain	0.81175554	0.056822367	0.13142215
691	low_pain	0.43544498	0.46456698	0.09998808
692	no_pain	0.8241571	0.06242617	0.11341678
693	no_pain	0.8173813	0.06275579	0.119862966
694	no_pain	0.8182127	0.06288777	0.1188996
695	high_pain	0.43335968	0.047314502	0.51932585
696	no_pain	0.82778025	0.060560625	0.11165921
697	no_pain	0.8113399	0.06987735	0.11878275
698	low_pain	0.43684095	0.4638577	0.09930134
699	no_pain	0.81385314	0.07070492	0.115441956
700	no_pain	0.8114038	0.06613396	0.12246231
701	no_pain	0.80909234	0.06485347	0.12605427
702	no_pain	0.8087622	0.060047228	0.13119057
703	no_pain	0.8238843	0.06378583	0.112329945
704	no_pain	0.82413834	0.0639305	0.11193119
705	no_pain	0.8079092	0.067205764	0.12488506
706	no_pain	0.83518916	0.056503747	0.108307146
707	no_pain	0.8012063	0.06750945	0.13128431
708	low_pain	0.44107848	0.4594948	0.09942677
709	no_pain	0.80361456	0.062010646	0.13437483
710	no_pain	0.81270856	0.06387788	0.12341356
711	no_pain	0.832002	0.058330007	0.10966806
712	no_pain	0.8307625	0.059722006	0.10951549
713	no_pain	0.8138046	0.057713997	0.1284814
714	low_pain	0.43553528	0.4646205	0.09984424
715	no_pain	0.8209735	0.06046496	0.11856149
716	no_pain	0.82130104	0.05641247	0.122286536
717	low_pain	0.4364931	0.46215516	0.101351775
718	no_pain	0.4464105	0.44264293	0.11094658
719	no_pain	0.83339554	0.05769688	0.10890759
720	no_pain	0.8037246	0.054510843	0.14176463
721	low_pain	0.43474987	0.46612182	0.09912836
722	no_pain	0.56005627	0.3355262	0.1044176
723	no_pain	0.8224298	0.063233815	0.11433639
724	no_pain	0.81736547	0.05849528	0.124139294
725	high_pain	0.43420783	0.048185468	0.51760674
726	no_pain	0.53104347	0.35902733	0.109929256
727	no_pain	0.81179726	0.06678711	0.12141567
728	no_pain	0.82915074	0.0604857	0.11036356
729	no_pain	0.6638118	0.22091484	0.11527337
730	no_pain	0.8156888	0.060541652	0.123769574
731	low_pain	0.4356382	0.46608353	0.09827832
732	no_pain	0.5672695	0.05360155	0.37912893
733	no_pain	0.81632096	0.068094395	0.115584634
734	high_pain	0.4472187	0.050482083	0.5022993
735	no_pain	0.82784873	0.06388661	0.10826473
736	no_pain	0.8126317	0.059708614	0.12765972
737	no_pain	0.81986266	0.058555774	0.12158166
738	no_pain	0.78529346	0.058357682	0.15634894
739	no_pain	0.82735974	0.06054608	0.11209423
740	no_pain	0.82455057	0.058754575	0.11669492
741	no_pain	0.8102152	0.05843526	0.13134955
742	low_pain	0.44020876	0.45878544	0.101005845
743	no_pain	0.69596297	0.06178466	0.24225238
744	no_pain	0.83382654	0.057992514	0.108180985
745	no_pain	0.826035	0.061330967	0.112634055
746	no_pain	0.7388086	0.14467797	0.11651353
747	no_pain	0.8099542	0.06305821	0.12698755
748	low_pain	0.43602124	0.4622941	0.10168468
749	low_pain	0.4328677	0.46225363	0.10487869
750	no_pain	0.80869246	0.06756711	0.12374049
751	no_pain	0.8264049	0.061131455	0.11246366
752	no_pain	0.8172965	0.057555508	0.12514804
753	no_pain	0.81929153	0.060480423	0.12022807
754	high_pain	0.43542737	0.04781837	0.5167543
755	no_pain	0.8018614	0.07200812	0.12613048
756	no_pain	0.7878291	0.07576956	0.13640131
757	high_pain	0.43304014	0.047346096	0.5196138
758	low_pain	0.43496567	0.4628446	0.10218973
759	no_pain	0.8012005	0.074971095	0.1238284
760	no_pain	0.81387097	0.06314544	0.12298361
761	no_pain	0.72692114	0.057338532	0.21574032
762	no_pain	0.83626765	0.057088215	0.10664414
763	no_pain	0.8218193	0.066078246	0.11210251
764	no_pain	0.55214465	0.33731857	0.11053683
765	no_pain	0.81886184	0.060264084	0.12087409
766	no_pain	0.8369344	0.05611369	0.10695201
767	no_pain	0.6272964	0.0570443	0.31565937
768	low_pain	0.4341137	0.46646637	0.09941999
769	no_pain	0.8227621	0.057376232	0.119861715
770	no_pain	0.8183595	0.058761306	0.12287925
771	no_pain	0.8211247	0.06870843	0.11016692
772	no_pain	0.8199471	0.0673637	0.112689205
773	no_pain	0.80947524	0.06132347	0.12920132
774	no_pain	0.77885807	0.0569691	0.16417287
775	high_pain	0.43448067	0.04742389	0.5180955
776	no_pain	0.81521714	0.059910707	0.12487219
777	no_pain	0.814138	0.05740955	0.12845245
778	no_pain	0.8183146	0.06683922	0.114846185
779	low_pain	0.43416834	0.46771196	0.09811974
780	no_pain	0.8342611	0.055909526	0.10982936
781	no_pain	0.82313716	0.057590477	0.11927241
782	no_pain	0.8043834	0.0614802	0.13413642
783	no_pain	0.8037405	0.078045644	0.118213885
784	high_pain	0.45016807	0.048595797	0.50123614
785	no_pain	0.8197907	0.065522455	0.114686914
786	low_pain	0.43663767	0.46208116	0.10128119
787	no_pain	0.81846094	0.05909746	0.122441605
788	no_pain	0.6644474	0.22859249	0.10696011
789	no_pain	0.80705434	0.059813667	0.13313203
790	no_pain	0.8164257	0.06801001	0.115564354
791	low_pain	0.43587607	0.46520707	0.09891691
792	no_pain	0.805202	0.06505846	0.12973957
793	no_pain	0.82204896	0.061644394	0.11630671
794	no_pain	0.8033965	0.06450473	0.13209884
795	no_pain	0.5677096	0.31900397	0.11328648
796	low_pain	0.43346912	0.46239668	0.10413424
797	no_pain	0.7813243	0.07914598	0.13952978
798	no_pain	0.8190247	0.06631028	0.114665054
799	no_pain	0.8282181	0.059531894	0.11225004
800	no_pain	0.8106329	0.07506327	0.11430388
801	no_pain	0.82892674	0.061309975	0.10976328
802	no_pain	0.8194489	0.06672304	0.113828145
803	no_pain	0.81947863	0.060023148	0.12049828
804	no_pain	0.8040713	0.057745457	0.1381833
805	no_pain	0.80558616	0.06255243	0.13186143
806	no_pain	0.7739488	0.10241903	0.12363221
807	no_pain	0.79913074	0.087561846	0.11330748
808	no_pain	0.8261035	0.062741086	0.111155495
809	no_pain	0.8095642	0.06455288	0.12588295
810	low_pain	0.4339045	0.4630067	0.10308884
811	high_pain	0.43334463	0.04755619	0.51909924
812	no_pain	0.81560236	0.05780276	0.12659489
813	no_pain	0.82054806	0.065919586	0.11353237
814	low_pain	0.43326715	0.46694595	0.09978693
815	no_pain	0.81890625	0.05755161	0.12354219
816	no_pain	0.8057503	0.06767838	0.12657131
817	no_pain	0.8265543	0.060647223	0.11279849
818	no_pain	0.82225037	0.05736642	0.12038326
819	no_pain	0.8113801	0.073594026	0.11502592
820	no_pain	0.82172334	0.060131717	0.118144974
821	no_pain	0.7840539	0.057664093	0.158282
822	no_pain	0.81375694	0.058557987	0.12768511
823	no_pain	0.8258143	0.062315352	0.11187035
824	no_pain	0.6576496	0.22688808	0.11546236
825	no_pain	0.4354743	0.1729621	0.39156362
826	no_pain	0.82955354	0.0591037	0.1113428
827	no_pain	0.81707907	0.057115756	0.12580523
828	no_pain	0.8275738	0.061173733	0.11125254
829	low_pain	0.43658438	0.46296135	0.10045435
830	no_pain	0.8126959	0.073153675	0.11415043
831	no_pain	0.5570386	0.05031051	0.3926509
832	no_pain	0.823648	0.055395357	0.1209567
833	no_pain	0.79764706	0.07717343	0.1251795
834	no_pain	0.8013242	0.05661319	0.14206266
835	no_pain	0.80643123	0.061629083	0.13193975
836	high_pain	0.4337726	0.047869198	0.51835823
837	no_pain	0.7972366	0.074159384	0.12860401
838	no_pain	0.83049643	0.055797067	0.11370652
839	no_pain	0.82065827	0.06030913	0.11903264
840	high_pain	0.47324017	0.04893065	0.4778292
841	no_pain	0.81804746	0.057613324	0.124339245
842	no_pain	0.77609295	0.06052227	0.16338481
843	no_pain	0.5166387	0.3172467	0.1661146
844	no_pain	0.8036732	0.06550541	0.13082145
845	no_pain	0.8095168	0.07163481	0.118848495
846	no_pain	0.8277927	0.060296528	0.111910775
847	no_pain	0.8212207	0.065615654	0.113163695
848	no_pain	0.8213235	0.05915888	0.11951762
849	no_pain	0.8305241	0.05831418	0.11116176
850	no_pain	0.82517284	0.059597496	0.11522972
851	no_pain	0.8202328	0.06669515	0.11307206
852	high_pain	0.43611914	0.0475496	0.5163313
853	no_pain	0.8134716	0.05874747	0.12778099
854	no_pain	0.8151547	0.059520245	0.1253251
855	no_pain	0.80327606	0.060531776	0.13619222
856	no_pain	0.81854194	0.059996452	0.12146163
857	low_pain	0.43346667	0.46775928	0.098774076
858	low_pain	0.4333554	0.46723387	0.09941079
859	no_pain	0.8105456	0.05801606	0.13143836
860	no_pain	0.82508266	0.06452388	0.11039354
861	no_pain	0.8187996	0.05929173	0.12190865
862	no_pain	0.5845503	0.2938883	0.12156142
863	no_pain	0.79177964	0.08898799	0.11923241
864	no_pain	0.8063735	0.05667281	0.1369538
865	no_pain	0.8091011	0.059301633	0.13159731
866	no_pain	0.545784	0.050129138	0.40408686
867	no_pain	0.61286175	0.18552266	0.20161562
868	low_pain	0.43550915	0.46091372	0.10357719
869	low_pain	0.43620965	0.46489114	0.09889927
870	low_pain	0.4400978	0.45954984	0.10035241
871	no_pain	0.53719383	0.049547724	0.4132585
872	no_pain	0.8099853	0.063851915	0.1261628
873	no_pain	0.8242985	0.057499476	0.11820203
874	low_pain	0.4420903	0.45436954	0.10354019
875	high_pain	0.43851978	0.050083693	0.5113965
876	no_pain	0.8154977	0.059764463	0.124737896
877	no_pain	0.8044745	0.0604936	0.13503195
878	no_pain	0.8193483	0.060634106	0.12001764
879	low_pain	0.4361525	0.4629815	0.10086604
880	no_pain	0.80260026	0.055069484	0.14233033
881	no_pain	0.83295625	0.056876514	0.11016724
882	no_pain	0.8262063	0.062141385	0.111652315
883	no_pain	0.8186017	0.06724831	0.114149995
884	low_pain	0.43365812	0.4666278	0.09971411
885	no_pain	0.4346692	0.32906508	0.23626576
886	no_pain	0.8199624	0.06578157	0.11425609
887	no_pain	0.6460953	0.23099646	0.12290826
888	low_pain	0.4357269	0.46143487	0.10283826
889	no_pain	0.8165277	0.059616417	0.123855874
890	no_pain	0.6524234	0.23015276	0.117423885
891	low_pain	0.43425086	0.46608362	0.09966554
892	no_pain	0.8224829	0.0578165	0.11970066
893	low_pain	0.43570647	0.46604386	0.098249696
894	low_pain	0.43436664	0.46645355	0.09917982
895	no_pain	0.8287946	0.058878392	0.112327
896	no_pain	0.81160253	0.06937741	0.11902013
897	no_pain	0.48845667	0.049098246	0.4624451
898	no_pain	0.820448	0.058873277	0.12067877
899	no_pain	0.8134408	0.06106391	0.12549533
900	no_pain	0.8217417	0.05823084	0.12002752
901	no_pain	0.8356672	0.05627184	0.108060956
902	low_pain	0.43534368	0.4639864	0.100669965
903	no_pain	0.7667438	0.061145682	0.17211053
904	no_pain	0.8268089	0.062032353	0.111158766
905	no_pain	0.8135594	0.070400484	0.116040125
906	low_pain	0.44567135	0.45438153	0.09994717
907	no_pain	0.8162399	0.059684366	0.12407578
908	no_pain	0.8011111	0.056510482	0.1423785
909	no_pain	0.8051192	0.060810424	0.13407035
910	no_pain	0.8085942	0.062613055	0.12879273
911	no_pain	0.8226313	0.060521036	0.1168477
912	no_pain	0.8283135	0.059983134	0.11170337
913	no_pain	0.81064844	0.058221515	0.13113007
914	no_pain	0.77612484	0.10448805	0.1193872
915	no_pain	0.8141183	0.060764063	0.12511767
916	no_pain	0.8246284	0.061439566	0.11393201
917	no_pain	0.81420153	0.059202906	0.12659557
918	no_pain	0.8194741	0.05837103	0.12215495
919	no_pain	0.8023652	0.055297576	0.14233728
920	no_pain	0.814113	0.06862694	0.117260054
921	no_pain	0.83783764	0.0556162	0.10654626
922	no_pain	0.81216866	0.059731666	0.12809972
923	no_pain	0.5432319	0.21006061	0.24670751
924	no_pain	0.8228898	0.058407255	0.118702985
925	no_pain	0.8246854	0.06300317	0.11231148
926	no_pain	0.8153938	0.05734081	0.12726544
927	high_pain	0.44381258	0.04868745	0.5075
928	no_pain	0.7984654	0.08329474	0.11823989
929	low_pain	0.44192395	0.45622635	0.10184971
930	low_pain	0.43470612	0.46616966	0.099124275
931	no_pain	0.83467335	0.057045672	0.10828098
932	no_pain	0.8088385	0.059650667	0.13151088
933	no_pain	0.81423706	0.06566984	0.120093174
934	no_pain	0.81920105	0.06345497	0.11734397
935	high_pain	0.43304154	0.047263075	0.5196954
936	no_pain	0.8180774	0.057312112	0.12461054
937	high_pain	0.44270876	0.049703546	0.50758773
938	no_pain	0.83218926	0.059734326	0.10807643
939	no_pain	0.8178376	0.06491197	0.11725048
940	no_pain	0.8201055	0.058520306	0.12137424
941	no_pain	0.82498014	0.059879422	0.115140505
942	no_pain	0.83029133	0.059025466	0.1106832
943	no_pain	0.4577644	0.42965752	0.11257815
944	no_pain	0.8339241	0.05643883	0.1096371
945	no_pain	0.7924776	0.06118455	0.14633787
946	high_pain	0.43414655	0.04805241	0.5178011
947	low_pain	0.4392688	0.46143693	0.09929434
948	no_pain	0.81299454	0.059040394	0.12796511
949	no_pain	0.7950205	0.060561992	0.14441752
950	no_pain	0.8130633	0.05860252	0.12833418
951	no_pain	0.80779296	0.058306497	0.13390055
952	no_pain	0.58492994	0.3048114	0.1102587
953	no_pain	0.80210483	0.08049522	0.117399976
954	no_pain	0.80619085	0.056836095	0.13697313
955	no_pain	0.83649915	0.056579012	0.1069219
956	no_pain	0.8155407	0.060800873	0.123658486
957	low_pain	0.4396604	0.45688468	0.10345493
958	no_pain	0.81433344	0.058598984	0.12706761
959	no_pain	0.8179402	0.05730363	0.12475622
960	high_pain	0.47194502	0.048922855	0.47913218
961	no_pain	0.8139869	0.05862353	0.12738958
962	no_pain	0.81672394	0.067799516	0.115476504
963	no_pain	0.802013	0.05537359	0.14261344
964	no_pain	0.8061422	0.063077495	0.13078035
965	no_pain	0.80929816	0.061466064	0.12923579
966	no_pain	0.8122169	0.067161016	0.12062211
967	no_pain	0.81902933	0.06074222	0.120228454
968	no_pain	0.8240876	0.06461467	0.11129773
969	no_pain	0.56271595	0.31839862	0.1188855
970	no_pain	0.82301944	0.06451734	0.11246325
971	no_pain	0.82384783	0.06031329	0.115838885
972	no_pain	0.80756503	0.07578958	0.11664546
973	no_pain	0.79867756	0.06742752	0.13389489
974	no_pain	0.81772816	0.05928213	0.122989714
975	no_pain	0.80664146	0.06444007	0.12891853
976	no_pain	0.7811747	0.08452831	0.13429698
977	no_pain	0.8188061	0.05837265	0.12282129
978	no_pain	0.8070973	0.056526083	0.13637665
979	no_pain	0.8106734	0.060675297	0.12865125
980	no_pain	0.83567905	0.057224188	0.10709678
981	no_pain	0.814499	0.07011085	0.115390144
982	no_pain	0.8200731	0.060642105	0.11928479
983	low_pain	0.43486983	0.4660666	0.09906361
984	no_pain	0.81537634	0.06974617	0.11487753
985	no_pain	0.81281245	0.058954265	0.12823328
986	no_pain	0.52958155	0.34463724	0.12578122
987	no_pain	0.8236621	0.058480363	0.117857575
988	no_pain	0.82827663	0.06166825	0.110055126
989	no_pain	0.8348714	0.05561748	0.10951114
990	no_pain	0.5218783	0.23036215	0.24775963
991	low_pain	0.4334791	0.45421907	0.11230188
992	no_pain	0.8137045	0.06744769	0.11884783
993	no_pain	0.68097156	0.052134957	0.26689357
994	no_pain	0.8384803	0.05498471	0.10653507
995	high_pain	0.43452686	0.04932248	0.5161507
996	no_pain	0.8170571	0.058498975	0.12444402
997	low_pain	0.43753836	0.45999765	0.10246403
998	no_pain	0.79954386	0.075349614	0.12510659
999	no_pain	0.818021	0.06517068	0.11680835
1000	no_pain	0.8171374	0.057949893	0.124912724
1001	no_pain	0.8204937	0.06631249	0.11319386
1002	no_pain	0.8222348	0.06442137	0.113343835
1003	no_pain	0.62463987	0.24586068	0.12949948
1004	no_pain	0.8160363	0.05884296	0.12512074
1005	no_pain	0.8133906	0.06635442	0.120255016
1006	high_pain	0.43263915	0.04691442	0.5204464
1007	no_pain	0.79780686	0.06408453	0.13810858
1008	no_pain	0.81227887	0.07003174	0.11768937
1009	no_pain	0.8163752	0.05983921	0.12378563
1010	no_pain	0.79327786	0.059069928	0.14765222
1011	no_pain	0.63127774	0.053650405	0.31507185
1012	low_pain	0.43783352	0.46035597	0.101810575
1013	no_pain	0.80855817	0.07463717	0.11680467
1014	no_pain	0.82307273	0.06489345	0.112033896
1015	no_pain	0.80961084	0.060903635	0.12948559
1016	no_pain	0.79964966	0.057022195	0.14332817
1017	no_pain	0.8247153	0.06192427	0.11336042
1018	no_pain	0.8275332	0.059252378	0.11321451
1019	no_pain	0.8188381	0.06163221	0.119529724
1020	no_pain	0.82605356	0.05992875	0.11401775
1021	no_pain	0.8132791	0.059937604	0.1267833
1022	no_pain	0.829628	0.060243238	0.110128835
1023	low_pain	0.44661713	0.45234007	0.10104287
1024	no_pain	0.5405384	0.28367803	0.17578365
1025	no_pain	0.8175077	0.06354869	0.118943654
1026	high_pain	0.43441683	0.047049813	0.5185334
1027	no_pain	0.83028615	0.058357716	0.11135615
1028	no_pain	0.8061813	0.06151055	0.13230821
1029	no_pain	0.8148044	0.06408819	0.1211075
1030	low_pain	0.4367997	0.4643782	0.098822065
1031	high_pain	0.4341483	0.047607932	0.5182438
1032	no_pain	0.8137248	0.05611492	0.13016035
1033	low_pain	0.43505988	0.45955437	0.105385795
1034	no_pain	0.78207475	0.060653515	0.15727177
1035	no_pain	0.8179658	0.06591167	0.11612256
1036	no_pain	0.80134267	0.0791338	0.11952354
1037	no_pain	0.80609286	0.060461786	0.13344535
1038	low_pain	0.43466383	0.46627116	0.09906501
1039	no_pain	0.8178209	0.05916273	0.12301642
1040	no_pain	0.74771166	0.053236794	0.19905157
1041	no_pain	0.80474764	0.08082976	0.11442261
1042	no_pain	0.8319507	0.057859164	0.11019011
1043	no_pain	0.8292855	0.059427697	0.111286834
1044	no_pain	0.83663076	0.05653832	0.10683097
1045	no_pain	0.8186898	0.05766987	0.12364035
1046	no_pain	0.8179835	0.059890833	0.12212568
1047	no_pain	0.8135319	0.05824371	0.12822446
1048	no_pain	0.8200563	0.05927924	0.12066452
1049	no_pain	0.8196433	0.05844879	0.121907964
1050	no_pain	0.7971223	0.06414726	0.13873051
1051	no_pain	0.8279166	0.059490737	0.112592645
1052	no_pain	0.81999236	0.060186367	0.119821325
1053	no_pain	0.83167493	0.058548894	0.109776236
1054	no_pain	0.817102	0.06915595	0.11374209
1055	no_pain	0.80781776	0.06563712	0.1265452
1056	no_pain	0.81238693	0.0581949	0.12941824
1057	low_pain	0.4360261	0.4649721	0.09900181
1058	no_pain	0.80260855	0.06989426	0.12749718
1059	no_pain	0.824016	0.06189626	0.11408782
1060	no_pain	0.80936974	0.07302499	0.11760532
1061	low_pain	0.43598527	0.46248892	0.10152584
1062	no_pain	0.76859885	0.08388866	0.14751256
1063	no_pain	0.81958455	0.0561718	0.124243714
1064	no_pain	0.8173186	0.06488842	0.11779294
1065	no_pain	0.43262902	0.18421005	0.383161
1066	no_pain	0.82858986	0.057276584	0.114133574
1067	no_pain	0.81733716	0.06734234	0.115320496
1068	no_pain	0.51314896	0.37325022	0.11360084
1069	no_pain	0.82297766	0.057779826	0.119242564
1070	no_pain	0.81637245	0.061602894	0.12202467
1071	low_pain	0.43295962	0.46379375	0.103246674
1072	no_pain	0.79997605	0.07310112	0.12692282
1073	low_pain	0.43450028	0.46644878	0.09905095
1074	no_pain	0.83041364	0.059899416	0.10968697
1075	low_pain	0.4350894	0.46539912	0.0995115
1076	no_pain	0.8318351	0.057870172	0.110294804
1077	low_pain	0.43551305	0.46059003	0.103896976
1078	high_pain	0.43340233	0.048617303	0.5179804
1079	no_pain	0.45307732	0.44625506	0.10066763
1080	no_pain	0.7990404	0.07607049	0.12488915
1081	no_pain	0.79144156	0.054285575	0.15427291
1082	no_pain	0.6451464	0.051722705	0.30313087
1083	no_pain	0.8110253	0.06952692	0.11944776
1084	no_pain	0.8239986	0.06113711	0.114864334
1085	no_pain	0.80640143	0.05660936	0.13698924
1086	no_pain	0.81402487	0.06739854	0.11857659
1087	low_pain	0.43503085	0.4644527	0.1005165
1088	no_pain	0.82040846	0.062137645	0.117453925
1089	low_pain	0.4335971	0.46768346	0.098719515
1090	no_pain	0.81562483	0.067218386	0.11715681
1091	no_pain	0.7730674	0.057335805	0.16959682
1092	no_pain	0.8278752	0.05930732	0.112817526
1093	no_pain	0.8254939	0.062433276	0.11207291
1094	no_pain	0.8018537	0.063600935	0.1345454
1095	no_pain	0.8283426	0.05886245	0.11279491
1096	no_pain	0.7782063	0.084143884	0.1376499
1097	no_pain	0.8121911	0.063124344	0.12468457
1098	low_pain	0.43463558	0.4624042	0.102960266
1099	no_pain	0.8130149	0.0641703	0.12281479
1100	no_pain	0.83180964	0.056596678	0.11159371
1101	no_pain	0.8163017	0.06328458	0.12041376
1102	no_pain	0.8195752	0.065343335	0.1150815
1103	no_pain	0.5345297	0.06865678	0.39681357
1104	no_pain	0.8241707	0.058341283	0.117488004
1105	high_pain	0.4559827	0.04857598	0.49544135
1106	high_pain	0.458602	0.059841998	0.48155603
1107	no_pain	0.81065464	0.061332643	0.12801275
1108	no_pain	0.4729481	0.4215808	0.10547114
1109	high_pain	0.43235287	0.047306377	0.5203408
1110	no_pain	0.81951714	0.06099213	0.11949074
1111	no_pain	0.80064595	0.054367688	0.14498636
1112	no_pain	0.83762294	0.055576842	0.1068003
1113	no_pain	0.8025755	0.07672846	0.12069599
1114	no_pain	0.83666074	0.056407697	0.106931604
1115	high_pain	0.4384248	0.048140474	0.51343477
1116	no_pain	0.82909787	0.05876106	0.11214105
1117	no_pain	0.81522506	0.06130173	0.12347322
1118	low_pain	0.4351609	0.4664183	0.0984208
1119	no_pain	0.8256008	0.06085188	0.113547325
1120	high_pain	0.43373173	0.04709003	0.5191783
1121	no_pain	0.8120809	0.057893272	0.13002582
1122	no_pain	0.6334353	0.056356568	0.31020814
1123	no_pain	0.82435936	0.05945949	0.11618122
1124	no_pain	0.8380974	0.05575124	0.10615142
1125	no_pain	0.82606167	0.06100512	0.11293328
1126	no_pain	0.82287025	0.06366271	0.113467045
1127	low_pain	0.4341378	0.46410307	0.10175916
1128	no_pain	0.8208011	0.06316623	0.11603277
1129	no_pain	0.82905436	0.059582505	0.11136318
1130	no_pain	0.82654846	0.06135837	0.11209321
1131	no_pain	0.81006366	0.05889141	0.13104497
1132	no_pain	0.8142486	0.05918186	0.12656951
1133	no_pain	0.8212454	0.066144004	0.11261059
1134	no_pain	0.4353946	0.32332844	0.24127698
1135	no_pain	0.80239683	0.06397908	0.1336241
1136	no_pain	0.8284604	0.059848987	0.111690626
1137	no_pain	0.81653744	0.059157304	0.12430526
1138	no_pain	0.8157652	0.064871	0.11936389
1139	no_pain	0.8049694	0.062870994	0.13215968
1140	high_pain	0.4342129	0.047235247	0.5185519
1141	no_pain	0.8030835	0.058128115	0.13878843
1142	no_pain	0.8152494	0.06454043	0.12021021
1143	no_pain	0.8236967	0.058450896	0.117852464
1144	no_pain	0.817594	0.057253778	0.12515225
1145	no_pain	0.82352006	0.056875627	0.119604334
1146	high_pain	0.43530133	0.049386464	0.51531225
1147	no_pain	0.8172616	0.060343258	0.12239521
1148	no_pain	0.812633	0.060457636	0.12690943
1149	no_pain	0.80850714	0.066882774	0.12461007
1150	no_pain	0.7820054	0.080249704	0.13774489
1151	no_pain	0.47326878	0.33007398	0.1966573
1152	no_pain	0.44817337	0.4433443	0.10848237
1153	no_pain	0.82355595	0.059612878	0.11683118
1154	no_pain	0.80684805	0.06691005	0.12624194
1155	no_pain	0.4527419	0.44507423	0.10218392
1156	high_pain	0.4369449	0.047532808	0.51552236
1157	no_pain	0.8382619	0.055545036	0.10619315
1158	no_pain	0.81674707	0.059541643	0.12371136
1159	low_pain	0.43725994	0.46376613	0.098973975
1160	no_pain	0.8021801	0.059910875	0.13790907
1161	no_pain	0.8232499	0.059134815	0.117615335
1162	no_pain	0.50045776	0.051094007	0.44844824
1163	no_pain	0.8271648	0.062079586	0.11075558
1164	low_pain	0.43974447	0.46040985	0.09984572
1165	no_pain	0.80436057	0.06511021	0.13052925
1166	low_pain	0.43604693	0.46486634	0.099086754
1167	no_pain	0.82505	0.06254386	0.11240615
1168	low_pain	0.43860582	0.46179676	0.099597454
1169	no_pain	0.818072	0.057723764	0.12420421
1170	no_pain	0.8164236	0.060973193	0.122603215
1171	no_pain	0.8004956	0.059565417	0.13993897
1172	no_pain	0.8132588	0.07248814	0.11425305
1173	no_pain	0.81316537	0.055200495	0.13163415
1174	no_pain	0.7834519	0.08894217	0.12760599
1175	no_pain	0.8094786	0.07391505	0.11660644
1176	no_pain	0.8236746	0.06111142	0.11521397
1177	no_pain	0.81921625	0.06229902	0.11848475
1178	no_pain	0.7951215	0.06156195	0.14331666
1179	low_pain	0.44496843	0.45192504	0.10310657
1180	no_pain	0.8213272	0.06767356	0.110999234
1181	no_pain	0.8258084	0.060770493	0.113421135
1182	no_pain	0.81014746	0.058118373	0.13173418
1183	no_pain	0.81718624	0.06413325	0.11868056
1184	no_pain	0.8159371	0.061922226	0.1221407
1185	low_pain	0.43602556	0.46388695	0.100087576
1186	high_pain	0.43505636	0.04736455	0.51757914
1187	no_pain	0.81851226	0.06778533	0.11370245
1188	no_pain	0.79149055	0.08877897	0.11973048
1189	no_pain	0.8289543	0.058601934	0.11244384
1190	low_pain	0.4360076	0.46551982	0.09847261
1191	no_pain	0.82086045	0.061272256	0.11786729
1192	no_pain	0.78182083	0.066467755	0.15171142
1193	no_pain	0.78101647	0.06074472	0.15823886
1194	low_pain	0.4351749	0.46668717	0.09813794
1195	no_pain	0.8194142	0.058806248	0.121779606
1196	no_pain	0.82683706	0.061782334	0.111380644
1197	low_pain	0.43554336	0.4617584	0.10269825
1198	high_pain	0.43868774	0.048621953	0.51269037
1199	no_pain	0.8177174	0.059790354	0.12249235
1200	no_pain	0.821702	0.0665166	0.11178146
1201	no_pain	0.81749165	0.06004846	0.12245989
1202	no_pain	0.77078253	0.05377062	0.1754469
1203	no_pain	0.8247195	0.06371994	0.111560635
1204	no_pain	0.8238749	0.062143724	0.11398146
1205	no_pain	0.8121887	0.06575536	0.12205597
1206	no_pain	0.808537	0.073551215	0.11791183
1207	no_pain	0.81771755	0.06536219	0.11692033
1208	no_pain	0.81103575	0.07225442	0.11670982
1209	low_pain	0.433459	0.46690372	0.099637315
1210	low_pain	0.435177	0.46651253	0.098310515
1211	no_pain	0.44915086	0.44637886	0.104470335
1212	no_pain	0.80314505	0.056982424	0.13987254
1213	no_pain	0.82852066	0.05987204	0.111607365
1214	no_pain	0.82092583	0.05856951	0.1205047
1215	no_pain	0.8201996	0.059182372	0.12061802
1216	no_pain	0.8361319	0.056642618	0.10722555
1217	no_pain	0.785	0.06887464	0.14612535
1218	no_pain	0.50233203	0.04956029	0.44810772
1219	no_pain	0.8329115	0.05352706	0.11356146
1220	no_pain	0.7954921	0.0554905	0.14901741
1221	no_pain	0.80990016	0.06393151	0.12616834
1222	no_pain	0.807749	0.063579775	0.12867126
1223	low_pain	0.43510184	0.46675906	0.098139085
1224	no_pain	0.8133853	0.065795384	0.12081939
1225	no_pain	0.81933737	0.058792565	0.121870115
1226	low_pain	0.43570274	0.4617601	0.10253717
1227	no_pain	0.82008404	0.064105876	0.1158101
1228	no_pain	0.8225492	0.065449275	0.11200156
1229	no_pain	0.8225104	0.060208134	0.117281504
1230	no_pain	0.7967468	0.07953966	0.1237136
1231	high_pain	0.44059426	0.07064733	0.48875847
1232	no_pain	0.72885734	0.05435867	0.21678403
1233	no_pain	0.82813424	0.061134756	0.11073104
1234	high_pain	0.46900436	0.049127705	0.48186794
1235	low_pain	0.43514824	0.4609181	0.10393371
1236	low_pain	0.43972698	0.45820957	0.1020635
1237	high_pain	0.4335191	0.04763049	0.51885045
1238	high_pain	0.4328907	0.048316974	0.51879233
1239	no_pain	0.8073696	0.06099354	0.13163695
1240	no_pain	0.8048151	0.058049623	0.1371353
1241	no_pain	0.81394094	0.057818193	0.12824091
1242	no_pain	0.8217478	0.06496506	0.11328714
1243	no_pain	0.825038	0.05788066	0.11708134
1244	low_pain	0.43465757	0.4668087	0.0985338
1245	no_pain	0.82285434	0.058112033	0.1190337
1246	low_pain	0.43471387	0.46709874	0.09818743
1247	low_pain	0.43519646	0.46576473	0.099038854
1248	no_pain	0.5347994	0.049939837	0.4152608
1249	no_pain	0.8013671	0.0546742	0.1439588
1250	no_pain	0.82639825	0.060373936	0.1132279
1251	no_pain	0.8271845	0.060453992	0.112361565
1252	high_pain	0.43320772	0.046992514	0.51979977
1253	no_pain	0.7974204	0.0853457	0.11723399
1254	low_pain	0.43393657	0.46649876	0.09956475
1255	no_pain	0.8116111	0.05761952	0.13076937
1256	no_pain	0.830577	0.05874556	0.110677496
1257	high_pain	0.4618232	0.049468935	0.48870793
1258	no_pain	0.8098073	0.0626902	0.12750255
1259	no_pain	0.8075408	0.060621846	0.13183744
1260	low_pain	0.4353687	0.466428	0.09820337
1261	no_pain	0.81579787	0.0670668	0.11713534
1262	no_pain	0.8011765	0.05718622	0.14163731
1263	no_pain	0.817424	0.059706394	0.12286959
1264	no_pain	0.80708796	0.058960963	0.13395111
1265	no_pain	0.82657355	0.060827784	0.112598665
1266	high_pain	0.43471298	0.04776307	0.517524
1267	no_pain	0.8123564	0.06264978	0.124993846
1268	low_pain	0.43701294	0.46379858	0.099188484
1269	no_pain	0.823494	0.059142668	0.11736334
1270	no_pain	0.8197195	0.06386499	0.11641554
1271	no_pain	0.8168084	0.060578205	0.122613445
1272	no_pain	0.83041734	0.058693707	0.11088898
1273	no_pain	0.8035423	0.059811622	0.13664608
1274	no_pain	0.821556	0.06451898	0.113925114
1275	no_pain	0.8262435	0.060933746	0.11282271
1276	no_pain	0.81161296	0.072605595	0.11578146
1277	no_pain	0.83136046	0.057650447	0.11098913
1278	no_pain	0.8235548	0.057335075	0.11911019
1279	no_pain	0.8083299	0.06860363	0.123066545
1280	no_pain	0.8217049	0.061247263	0.117047854
1281	no_pain	0.8192851	0.061814923	0.11889999
1282	high_pain	0.4334163	0.047138	0.5194457
1283	no_pain	0.80890214	0.057865303	0.1332326
1284	no_pain	0.80448455	0.057095625	0.13841984
1285	no_pain	0.8139979	0.059744596	0.12625748
1286	no_pain	0.8292374	0.059605267	0.11115738
1287	no_pain	0.8101986	0.06081056	0.1289909
1288	high_pain	0.4352692	0.048281353	0.51644945
1289	no_pain	0.81981647	0.06626197	0.113921605
1290	no_pain	0.82554775	0.060596507	0.1138558
1291	no_pain	0.8045979	0.055461943	0.13994019
1292	no_pain	0.82644504	0.0622527	0.11130231
1293	high_pain	0.43271157	0.04884258	0.51844585
1294	no_pain	0.8113237	0.05760703	0.13106927
1295	low_pain	0.43487325	0.4665396	0.09858724
1296	no_pain	0.8266798	0.06147421	0.111845985
1297	high_pain	0.44189793	0.047912817	0.5101893
1298	no_pain	0.8250151	0.063366614	0.111618295
1299	no_pain	0.7718878	0.11215812	0.11595412
1300	no_pain	0.57417583	0.30971637	0.11610789
1301	no_pain	0.8233915	0.058009915	0.11859862
1302	low_pain	0.44262955	0.4562486	0.10112186
1303	no_pain	0.8210347	0.066808574	0.11215679
1304	no_pain	0.8179069	0.05847258	0.123620495
1305	no_pain	0.8321304	0.0578684	0.11000127
1306	no_pain	0.81227845	0.07145078	0.11627083
1307	no_pain	0.8107299	0.062096834	0.12717329
1308	low_pain	0.44523382	0.45307657	0.10168964
1309	low_pain	0.43709162	0.4626697	0.10023868
1310	no_pain	0.82429343	0.06132907	0.114377536
1311	high_pain	0.44764048	0.048041753	0.50431776
1312	no_pain	0.81992775	0.06192837	0.11814388
1313	no_pain	0.4500973	0.44962296	0.10027979
1314	no_pain	0.82012016	0.059935957	0.11994391
1315	low_pain	0.4361263	0.46513012	0.09874362
1316	no_pain	0.8061624	0.061552085	0.13228552
1317	no_pain	0.8234907	0.06336645	0.11314286
1318	low_pain	0.43620333	0.4647445	0.0990522
1319	no_pain	0.80001944	0.06467018	0.1353104
1320	high_pain	0.4448625	0.048225887	0.50691164
1321	no_pain	0.7953874	0.08594455	0.11866804
1322	no_pain	0.8226067	0.065348096	0.11204528
1323	no_pain	0.8029424	0.065212406	0.13184522
