sample_index	label	no_pain	low_pain	high_pain
000	no_pain	0.9999983	4.3340918e-07	1.2873568e-06
001	no_pain	0.9999992	3.0353172e-07	4.3122586e-07
002	no_pain	0.99999654	1.2156804e-06	2.2184308e-06
003	no_pain	0.9999779	2.979351e-06	1.9212166e-05
004	no_pain	0.9999978	6.727806e-07	1.5069887e-06
005	no_pain	0.79561454	0.20428531	0.00010018222
006	no_pain	0.99995005	4.0638697e-06	4.587828e-05
007	no_pain	0.9999981	1.0589022e-06	8.107174e-07
008	no_pain	0.99996793	3.602822e-06	2.8423077e-05
009	no_pain	0.99999857	5.155416e-07	9.366772e-07
010	no_pain	0.9999979	1.1560685e-06	9.252182e-07
011	no_pain	0.9999975	7.8208404e-07	1.6734106e-06
012	no_pain	0.99999887	3.7598394e-07	7.4519886e-07
013	no_pain	0.9999987	5.6636395e-07	8.411309e-07
014	no_pain	0.9999994	2.5451965e-07	3.9422565e-07
015	no_pain	0.9999889	1.7755696e-06	9.256872e-06
016	low_pain	3.1918823e-09	1.0	9.854232e-10
017	no_pain	0.9999981	6.5006566e-07	1.1883483e-06
018	high_pain	5.8557075e-06	0.3999539	0.60004026
019	no_pain	0.99999064	1.6443112e-06	7.7095665e-06
020	no_pain	0.9999976	9.199988e-07	1.4803252e-06
021	no_pain	0.9999897	4.4581934e-06	5.797265e-06
022	no_pain	0.99891794	1.4653803e-05	0.0010674183
023	low_pain	1.5690418e-09	1.0	6.046716e-10
024	no_pain	0.9999607	3.0973722e-06	3.6213798e-05
025	no_pain	0.99999726	1.54952e-06	1.248531e-06
026	low_pain	3.487354e-09	1.0	1.0688319e-09
027	no_pain	0.99999636	1.4122727e-06	2.2600998e-06
028	no_pain	0.9999984	8.293323e-07	8.483319e-07
029	no_pain	0.9999981	1.0732975e-06	8.0413594e-07
030	no_pain	0.99999636	1.8324379e-06	1.8379545e-06
031	no_pain	0.99999887	4.957517e-07	6.128157e-07
032	no_pain	0.9999935	5.9063377e-06	6.598747e-07
033	no_pain	0.99999505	2.5870133e-06	2.4391243e-06
034	no_pain	0.99999887	4.0971676e-07	8.0164637e-07
035	no_pain	0.99999964	1.3979225e-07	2.2450536e-07
036	low_pain	6.3319128e-09	1.0	1.1837478e-08
037	no_pain	0.99991083	4.8908473e-06	8.4309475e-05
038	no_pain	0.99999845	9.926632e-07	5.1151534e-07
039	no_pain	0.99999857	8.9693003e-07	5.073101e-07
040	no_pain	0.9998735	6.26557e-06	0.00012023123
041	low_pain	1.2719573e-08	1.0	4.0059396e-09
042	low_pain	1.6672583e-08	1.0	1.6068332e-08
043	low_pain	6.9189854e-09	1.0	2.4803997e-09
044	no_pain	0.99999774	1.4376611e-06	8.2522956e-07
045	high_pain	6.2378504e-08	7.37395e-08	0.9999999
046	high_pain	0.00015295148	2.9902212e-05	0.9998172
047	no_pain	0.9999983	8.605504e-07	8.774782e-07
048	no_pain	0.9999936	4.4512226e-06	1.9677852e-06
049	high_pain	8.674441e-08	4.703001e-08	0.9999998
050	no_pain	0.60845906	6.698845e-05	0.391474
051	no_pain	0.99999636	1.9973274e-06	1.6721248e-06
052	low_pain	0.19970894	0.8002902	8.15119e-07
053	low_pain	8.5928593e-07	0.99999917	5.6604307e-08
054	no_pain	0.99999696	1.8566543e-06	1.2336529e-06
055	no_pain	0.9999444	4.1231665e-06	5.146767e-05
056	no_pain	0.9999983	8.5816964e-07	8.7166273e-07
057	no_pain	0.9996359	0.000357781	6.252319e-06
058	no_pain	0.9999979	1.2812512e-06	8.0735634e-07
059	no_pain	0.99999684	2.498124e-06	6.1747994e-07
060	no_pain	0.9992033	1.5289024e-05	0.000781363
061	no_pain	0.99999887	2.8410423e-07	8.519393e-07
062	no_pain	0.9999992	2.7163884e-07	5.0970453e-07
063	no_pain	0.9999987	7.8066944e-07	5.6008105e-07
064	no_pain	0.9999973	1.2089588e-06	1.5020171e-06
065	no_pain	0.99999666	1.6568963e-06	1.6757929e-06
066	no_pain	0.9999973	1.2545279e-06	1.4441914e-06
067	no_pain	0.99999934	2.3002947e-07	4.318412e-07
068	no_pain	0.9977638	2.7045817e-05	0.0022090958
069	no_pain	0.99999774	8.5255977e-07	1.479739e-06
070	no_pain	0.99999774	1.3303336e-06	8.9797794e-07
071	low_pain	9.009237e-06	0.9999874	3.5737041e-06
072	no_pain	0.9999981	9.811789e-07	8.9049433e-07
073	no_pain	0.9998456	6.112986e-06	0.00014827507
074	no_pain	0.9999983	5.764967e-07	1.1075181e-06
075	no_pain	0.9999979	1.3337473e-06	7.683919e-07
076	no_pain	0.99999905	2.9141398e-07	6.7799164e-07
077	no_pain	0.9999973	1.4383089e-06	1.23021e-06
078	no_pain	0.99999845	9.631508e-07	6.059155e-07
079	no_pain	0.99999285	6.5471154e-06	6.2950653e-07
080	high_pain	1.0805238e-05	1.08959875e-05	0.99997824
081	high_pain	8.755693e-08	5.1316693e-08	0.9999998
082	high_pain	1.4975274e-08	8.421935e-09	1.0
083	no_pain	0.9999983	5.0524494e-07	1.2373329e-06
084	no_pain	0.9999914	6.5561603e-06	1.967674e-06
085	no_pain	0.9999976	1.5538762e-06	8.1900833e-07
086	no_pain	0.99999744	1.3937042e-06	1.1935662e-06
087	low_pain	0.12871586	0.87124383	4.0333318e-05
088	no_pain	0.9999973	1.9496824e-06	7.0927763e-07
089	no_pain	0.9999958	1.87827e-06	2.2229592e-06
090	no_pain	0.99919176	1.5218124e-05	0.000792964
091	no_pain	0.99999857	5.9052667e-07	8.6370665e-07
092	no_pain	0.999998	1.0756006e-06	9.443402e-07
093	low_pain	0.43359122	0.56639534	1.3449782e-05
094	no_pain	0.99999714	1.6230777e-06	1.2725025e-06
095	no_pain	0.9999212	7.6023854e-05	2.7751598e-06
096	no_pain	0.9999994	2.6875966e-07	3.964643e-07
097	high_pain	4.7420494e-07	3.4169173e-07	0.99999917
098	high_pain	0.19173023	3.361672e-05	0.8082361
099	high_pain	6.331792e-05	0.38938305	0.6105536
100	no_pain	0.99999774	1.102723e-06	1.2624605e-06
101	no_pain	0.9999981	1.1146996e-06	8.530511e-07
102	low_pain	7.4347106e-09	1.0	1.233625e-09
103	low_pain	1.21446435e-08	1.0	1.0481986e-09
104	no_pain	0.9999951	1.3563265e-06	3.5088021e-06
105	no_pain	0.7911647	4.3267515e-05	0.20879205
106	high_pain	5.4239575e-07	1.9562599e-07	0.9999992
107	no_pain	0.99999887	5.638341e-07	6.643598e-07
108	no_pain	0.99999654	2.358203e-06	1.082575e-06
109	no_pain	0.9999975	9.250836e-07	1.558441e-06
110	no_pain	0.99999774	1.6353039e-06	6.974554e-07
111	no_pain	0.9999979	9.707235e-07	1.1673683e-06
112	low_pain	0.20862028	0.7910988	0.00028087397
113	no_pain	0.9999976	1.0302804e-06	1.373993e-06
114	no_pain	0.9999955	3.2112687e-06	1.2950918e-06
115	no_pain	0.9994027	1.1936023e-05	0.0005853725
116	no_pain	0.9999978	7.2699487e-07	1.4787893e-06
117	high_pain	2.8354486e-07	1.4755267e-07	0.99999964
118	high_pain	1.3391086e-07	6.023445e-08	0.9999998
119	no_pain	0.9999994	2.0166495e-07	3.5160514e-07
120	no_pain	0.9999796	2.8763313e-06	1.75321e-05
121	no_pain	0.99999696	1.6975619e-06	1.3700749e-06
122	no_pain	0.99998224	1.9447725e-06	1.5758345e-05
123	no_pain	0.99999774	1.299308e-06	9.1846607e-07
124	no_pain	0.9999958	9.3254994e-07	3.2364428e-06
125	no_pain	0.99999726	1.3510044e-06	1.4193412e-06
126	no_pain	0.99999857	8.218509e-07	5.7389315e-07
127	no_pain	0.9999994	2.488868e-07	3.9501393e-07
128	no_pain	0.9999976	1.0855267e-06	1.3060068e-06
129	no_pain	0.9999976	1.4304345e-06	9.566213e-07
130	no_pain	0.9999982	9.990197e-07	7.759806e-07
131	no_pain	0.9999983	9.226521e-07	7.45661e-07
132	no_pain	0.9999987	5.41141e-07	7.850748e-07
133	no_pain	0.99999726	1.5545863e-06	1.2407884e-06
134	no_pain	0.9999978	1.1497336e-06	1.0068823e-06
135	no_pain	0.99999744	9.373456e-07	1.6135837e-06
136	low_pain	1.4137406e-08	1.0	2.9977816e-08
137	high_pain	5.72432e-07	2.565178e-07	0.99999917
138	no_pain	0.9999956	3.0708622e-06	1.3342708e-06
139	no_pain	0.9999546	4.0842504e-05	4.6431237e-06
140	no_pain	0.99999064	7.69628e-06	1.6451946e-06
141	no_pain	0.9999982	1.0328895e-06	7.58836e-07
142	no_pain	0.9999889	1.8510427e-06	9.162123e-06
143	no_pain	0.99999124	1.5841426e-06	7.1718778e-06
144	high_pain	0.0006354144	5.541338e-06	0.999359
145	no_pain	0.9999983	1.0551461e-06	6.940852e-07
146	low_pain	3.065733e-08	1.0	4.4789275e-09
147	no_pain	0.9999982	7.164431e-07	1.0902652e-06
148	low_pain	2.5705336e-09	1.0	4.0822346e-10
149	no_pain	0.99999774	9.915824e-07	1.203907e-06
150	no_pain	0.99999535	2.7440262e-06	1.8666573e-06
151	no_pain	0.99999875	4.5860392e-07	7.6999095e-07
152	no_pain	0.999993	5.4706643e-06	1.5205876e-06
153	no_pain	0.9999992	2.644079e-07	4.9354344e-07
154	no_pain	0.9999959	2.1045057e-06	1.9924112e-06
155	no_pain	0.99996865	3.4930351e-06	2.7909244e-05
156	no_pain	0.9997412	8.689178e-06	0.0002501503
157	no_pain	0.99999917	2.331634e-07	6.091875e-07
158	no_pain	0.9999979	7.988453e-07	1.2792058e-06
159	high_pain	0.0018378615	6.66781e-06	0.9981555
160	low_pain	2.3570362e-07	0.9999998	1.7855667e-08
161	no_pain	0.99999875	3.926569e-07	8.6398006e-07
162	no_pain	0.9999981	7.037865e-07	1.246869e-06
163	no_pain	0.999993	5.488459e-06	1.4690265e-06
164	no_pain	0.99999934	1.8961951e-07	4.6390795e-07
165	low_pain	1.9425656e-07	0.99999934	4.5528836e-07
166	no_pain	0.9999987	4.35032e-07	9.2762605e-07
167	no_pain	0.9999976	1.2961109e-06	1.1153251e-06
168	no_pain	0.8000051	3.3437977e-06	0.19999161
169	no_pain	0.9999981	1.08179e-06	8.365354e-07
170	low_pain	0.04782289	0.9521556	2.1547941e-05
171	low_pain	2.0487343e-08	1.0	7.402035e-09
172	no_pain	0.9999989	4.7026933e-07	6.046945e-07
173	no_pain	0.9998106	1.7367947e-05	0.00017199546
174	no_pain	0.99999726	1.0646443e-06	1.7058661e-06
175	high_pain	2.0638074e-06	0.4000086	0.5999893
176	no_pain	0.9999979	6.304364e-07	1.475353e-06
177	no_pain	0.9999992	2.9803397e-07	4.2822597e-07
178	no_pain	0.9999992	2.5531978e-07	5.1730206e-07
179	no_pain	0.9999992	4.1435297e-07	3.8325956e-07
180	no_pain	0.99999887	4.2449975e-07	7.2698737e-07
181	no_pain	0.9999938	1.271503e-06	4.8785214e-06
182	no_pain	0.9999983	6.076347e-07	1.1739462e-06
183	no_pain	0.99999255	5.892634e-06	1.5765854e-06
184	no_pain	0.9999958	2.4969481e-06	1.7243931e-06
185	no_pain	0.999998	5.2680406e-07	1.5285025e-06
186	high_pain	1.1546851e-08	6.4912533e-09	1.0
187	no_pain	0.99999464	4.1895246e-06	1.1979906e-06
188	no_pain	0.7600449	0.00020222866	0.23975286
189	high_pain	3.7521822e-08	2.5867404e-08	1.0
190	no_pain	0.99999654	2.2918346e-06	1.1477862e-06
191	high_pain	0.20135784	1.6800714e-05	0.79862535
192	no_pain	0.9999983	5.774001e-07	1.107111e-06
193	no_pain	0.99999887	3.7418704e-07	7.245784e-07
194	no_pain	0.999998	1.1347108e-06	8.6907994e-07
195	no_pain	0.9999946	3.995259e-06	1.4515351e-06
196	no_pain	0.99999696	9.986993e-07	2.0508728e-06
197	no_pain	0.99997073	1.0831415e-05	1.8453642e-05
198	low_pain	2.9550309e-09	1.0	3.255834e-10
199	no_pain	0.99998856	1.8715542e-06	9.6177155e-06
200	no_pain	0.9999984	6.484016e-07	9.920859e-07
201	high_pain	2.3437527e-08	1.4096311e-08	1.0
202	low_pain	2.5462934e-09	1.0	8.114663e-10
203	no_pain	0.5957673	0.4042287	4.0531495e-06
204	no_pain	0.9999984	7.5898345e-07	8.9707453e-07
205	no_pain	0.9999975	1.1197686e-06	1.272563e-06
206	low_pain	1.4606963e-08	1.0	3.905117e-09
207	no_pain	0.9999975	1.026263e-06	1.4661807e-06
208	no_pain	0.9999973	7.4670885e-07	1.9048551e-06
209	no_pain	0.99999726	2.1875512e-06	6.300019e-07
210	no_pain	0.9993374	0.0006577976	4.851846e-06
211	no_pain	0.99999636	1.9422973e-06	1.7422965e-06
212	no_pain	0.99999845	6.689292e-07	8.3359043e-07
213	no_pain	0.9999984	6.954639e-07	9.0622916e-07
214	low_pain	5.864993e-09	1.0	2.277464e-09
215	no_pain	0.99999875	4.6687924e-07	7.991668e-07
216	no_pain	0.9999939	1.2368107e-06	4.8207626e-06
217	no_pain	0.9999989	4.0504952e-07	5.648951e-07
218	no_pain	0.99999636	1.8407791e-06	1.8535575e-06
219	no_pain	0.9999982	5.1922837e-07	1.2718583e-06
220	low_pain	1.1113584e-07	0.9999998	7.170921e-08
221	no_pain	0.99999726	1.4686424e-06	1.2469459e-06
222	low_pain	9.872456e-05	0.99984777	5.348249e-05
223	no_pain	0.99994737	1.97734e-05	3.2895674e-05
224	no_pain	0.9999798	3.0313718e-06	1.7253466e-05
225	no_pain	0.999998	1.0774982e-06	9.269531e-07
226	no_pain	0.997907	0.0020564909	3.6593752e-05
227	no_pain	0.9999992	3.5004308e-07	4.80816e-07
228	no_pain	0.99999887	5.328062e-07	6.1751746e-07
229	no_pain	0.9999941	1.2268611e-06	4.6339965e-06
230	no_pain	0.9999981	1.3459332e-06	5.800906e-07
231	no_pain	0.99999744	1.106645e-06	1.4783049e-06
232	no_pain	0.9999976	1.3186933e-06	1.0372029e-06
233	no_pain	0.9882552	0.011726941	1.7810025e-05
234	no_pain	0.9999995	1.4754038e-07	3.1850846e-07
235	no_pain	0.9999982	7.248656e-07	1.1002301e-06
236	no_pain	0.9999984	6.075473e-07	1.0522226e-06
237	no_pain	0.99999875	4.1806453e-07	8.590856e-07
238	low_pain	0.0002867	0.98574495	0.013968383
239	no_pain	0.9999983	5.10142e-07	1.257112e-06
240	no_pain	0.99999446	1.2384755e-06	4.3488726e-06
241	no_pain	0.9999975	1.1783249e-06	1.2681218e-06
242	no_pain	0.9999973	1.5008748e-06	1.203564e-06
243	no_pain	0.99999744	7.6076765e-07	1.8044857e-06
244	no_pain	0.99999714	1.4438239e-06	1.3337306e-06
245	no_pain	0.9999976	1.4245201e-06	9.291165e-07
246	no_pain	0.999997	9.703697e-07	2.0071493e-06
247	no_pain	0.99998885	9.025802e-06	2.120128e-06
248	no_pain	0.9999958	1.9397753e-06	2.2681445e-06
249	no_pain	0.99999845	6.241491e-07	8.6006787e-07
250	no_pain	0.99999714	1.620601e-06	1.2262972e-06
251	low_pain	1.3822701e-08	1.0	7.345438e-09
252	no_pain	0.9999982	6.3087026e-07	1.2333721e-06
253	no_pain	0.99999917	3.8973263e-07	5.0035135e-07
254	no_pain	0.9999983	6.32717e-07	1.1472498e-06
255	no_pain	0.9999798	2.8439758e-06	1.7353244e-05
256	no_pain	0.9999976	8.8238767e-07	1.5467097e-06
257	high_pain	2.747103e-05	5.584989e-06	0.999967
258	no_pain	0.99992335	4.746543e-06	7.197676e-05
259	no_pain	0.9999959	2.165089e-06	1.8948447e-06
260	no_pain	0.99999964	1.41635e-07	3.056528e-07
261	high_pain	4.5105534e-07	2.3325731e-07	0.99999934
262	no_pain	0.9999983	6.099423e-07	1.1276713e-06
263	no_pain	0.99999726	1.9086178e-06	8.921612e-07
264	no_pain	0.9999987	4.689166e-07	9.1280765e-07
265	no_pain	0.9999973	1.0899159e-06	1.4970399e-06
266	high_pain	0.39998183	9.7048005e-06	0.6000085
267	no_pain	0.99999696	1.5139951e-06	1.4875963e-06
268	high_pain	5.4629777e-07	1.9391082e-07	0.9999992
269	high_pain	0.11127846	4.0785064e-05	0.88868076
270	low_pain	2.547635e-08	1.0	3.3444923e-08
271	no_pain	0.9999938	4.8171905e-06	1.3840377e-06
272	low_pain	3.7289665e-09	1.0	1.2460314e-09
273	no_pain	0.59559405	0.40439767	8.284285e-06
274	no_pain	0.9999987	4.1174835e-07	8.7940543e-07
275	no_pain	0.9999958	2.786906e-06	1.3575152e-06
276	no_pain	0.60005766	4.4016222e-05	0.39989835
277	high_pain	0.27623028	0.0003011228	0.7234686
278	no_pain	0.9999979	1.3236538e-06	8.1384707e-07
279	no_pain	0.999997	1.9533645e-06	1.0348506e-06
280	no_pain	0.9997991	0.00019828428	2.6425528e-06
281	no_pain	0.99999917	2.5545353e-07	6.398748e-07
282	no_pain	0.9999962	1.8952996e-06	1.9028439e-06
283	no_pain	0.99994004	5.4074462e-05	5.90625e-06
284	no_pain	0.999997	1.4724059e-06	1.4341985e-06
285	no_pain	0.9999982	1.0368045e-06	7.505361e-07
286	no_pain	0.9999975	1.511075e-06	9.824283e-07
287	low_pain	5.7584626e-09	1.0	9.757626e-10
288	no_pain	0.99999887	5.596638e-07	6.030855e-07
289	no_pain	0.99999917	3.331263e-07	4.7636863e-07
290	no_pain	0.99999696	1.5491241e-06	1.5223336e-06
291	low_pain	5.337023e-08	0.9999999	2.2026665e-08
292	no_pain	0.99999154	6.994075e-06	1.5061281e-06
293	no_pain	0.99999696	1.5641386e-06	1.4491394e-06
294	low_pain	1.2872519e-08	1.0	1.8981372e-09
295	no_pain	0.999997	1.5974947e-06	1.3396686e-06
296	no_pain	0.9999987	4.8304514e-07	7.7110843e-07
297	no_pain	0.9999975	1.3580333e-06	1.1205699e-06
298	no_pain	0.99999905	2.9357926e-07	6.804118e-07
299	high_pain	0.19262983	2.4441319e-05	0.80734575
300	high_pain	5.420897e-07	3.6070392e-07	0.99999905
301	no_pain	0.99999714	1.4799734e-06	1.337696e-06
302	low_pain	5.859614e-08	0.9999998	9.969191e-08
303	no_pain	0.9999951	7.062944e-07	4.1992676e-06
304	no_pain	0.9999975	1.1273704e-06	1.3797799e-06
305	no_pain	0.9999868	2.071208e-06	1.1053398e-05
306	no_pain	0.99999845	5.7941077e-07	9.727831e-07
307	no_pain	0.99999076	7.685417e-06	1.5255291e-06
308	high_pain	0.00013402398	0.058479287	0.9413867
309	no_pain	0.99999654	2.757743e-06	7.347755e-07
310	no_pain	0.9999975	1.047287e-06	1.4052723e-06
311	no_pain	0.99999774	1.5886751e-06	6.84284e-07
312	no_pain	0.9999962	1.9872416e-06	1.7779281e-06
313	no_pain	0.99999845	6.888978e-07	8.851906e-07
314	no_pain	0.9999976	8.494743e-07	1.522857e-06
315	no_pain	0.999993	5.309882e-06	1.6959133e-06
316	no_pain	0.99999774	8.9856746e-07	1.3484819e-06
317	no_pain	0.999997	1.4782704e-06	1.4931106e-06
318	no_pain	0.9999992	3.0656076e-07	4.641301e-07
319	high_pain	7.767201e-07	4.397199e-07	0.99999875
320	no_pain	0.99999774	6.2669096e-07	1.7291234e-06
321	low_pain	1.2243423e-08	1.0	3.5849161e-09
322	low_pain	1.33155025e-08	1.0	1.5641538e-08
323	no_pain	0.9999894	1.6930514e-06	8.859449e-06
324	no_pain	0.9999979	1.2269034e-06	9.222625e-07
325	low_pain	0.0016036073	0.99838877	7.63394e-06
326	high_pain	0.3995484	1.2938355e-05	0.60043865
327	no_pain	0.99999464	4.2084293e-06	1.0570442e-06
328	no_pain	0.9999987	5.381288e-07	8.5861683e-07
329	no_pain	0.9999975	1.3829365e-06	1.0327101e-06
330	low_pain	1.9983938e-07	0.99999934	4.3745572e-07
331	no_pain	0.9999955	1.2557381e-06	3.2095518e-06
332	no_pain	0.9999976	1.3362857e-06	1.0684682e-06
333	no_pain	0.9999982	1.0043129e-06	8.044741e-07
334	high_pain	0.20236734	5.9846487e-05	0.7975728
335	no_pain	0.99951017	2.5809271e-05	0.00046397193
336	no_pain	0.99999845	5.2883496e-07	1.0558008e-06
337	no_pain	0.9999992	2.0684001e-07	4.8322795e-07
338	no_pain	0.99996376	3.7695777e-06	3.2414326e-05
339	no_pain	0.99999464	4.074023e-06	1.3217472e-06
340	low_pain	5.157023e-09	1.0	1.393367e-09
341	no_pain	0.99999666	2.6785942e-06	6.144011e-07
342	no_pain	0.9999956	1.6408337e-06	2.7485596e-06
343	no_pain	0.99999845	6.18388e-07	9.1783824e-07
344	no_pain	0.9999975	1.1899787e-06	1.333882e-06
345	no_pain	0.9999919	1.4913846e-06	6.6449693e-06
346	no_pain	0.9970828	0.0029014414	1.5789832e-05
347	no_pain	0.9999992	2.2855518e-07	5.003898e-07
348	no_pain	0.9999878	1.7466685e-06	1.0436934e-05
349	no_pain	0.999998	1.0442752e-06	9.268442e-07
350	no_pain	0.9999359	3.4339978e-06	6.069657e-05
351	no_pain	0.999997	1.8773669e-06	1.0929618e-06
352	low_pain	1.8622629e-08	1.0	6.350399e-09
353	no_pain	0.9999976	1.1294646e-06	1.2545252e-06
354	no_pain	0.9999989	4.5126768e-07	5.8939213e-07
355	no_pain	0.99999535	2.9195126e-06	1.7750295e-06
356	no_pain	0.99999744	1.0010494e-06	1.5599501e-06
357	no_pain	0.99998933	9.972599e-06	6.84949e-07
358	no_pain	0.9999978	1.2051963e-06	9.74665e-07
359	no_pain	0.99997187	1.5459274e-05	1.264513e-05
360	no_pain	0.9999851	1.3305425e-05	1.594622e-06
361	no_pain	0.9999856	1.6508268e-06	1.2787747e-05
362	no_pain	0.9995802	6.8357913e-06	0.0004129599
363	no_pain	0.99999774	8.155468e-07	1.5115896e-06
364	no_pain	0.99999845	5.742318e-07	9.463538e-07
365	no_pain	0.9999987	5.0090074e-07	7.7940575e-07
366	no_pain	0.9999968	2.281536e-06	1.0143424e-06
367	no_pain	0.9999992	2.4378852e-07	4.896153e-07
368	no_pain	0.9999989	6.957049e-07	4.3451647e-07
369	no_pain	0.99999696	1.38512e-06	1.6934989e-06
370	no_pain	0.99999905	4.068284e-07	5.2732986e-07
371	low_pain	8.524792e-07	0.9999714	2.7808705e-05
372	low_pain	5.8539964e-09	1.0	4.0789514e-09
373	low_pain	0.00030928184	0.99968827	2.4822841e-06
374	no_pain	0.99999917	2.6445045e-07	5.598271e-07
375	low_pain	1.542575e-09	1.0	3.5618614e-10
376	no_pain	0.9999958	1.4376764e-06	2.7814845e-06
377	no_pain	0.99999034	1.6087613e-06	8.0377695e-06
378	no_pain	0.99999875	4.3356204e-07	8.2744225e-07
379	low_pain	1.0178197e-05	0.5998296	0.40016016
380	no_pain	0.9999962	2.9613352e-06	7.703803e-07
381	low_pain	3.1515423e-08	1.0	8.9574055e-09
382	no_pain	0.9999981	1.0889987e-06	8.03814e-07
383	no_pain	0.99999535	1.6719471e-06	3.0125168e-06
384	no_pain	0.9999984	5.6823745e-07	1.0925726e-06
385	no_pain	0.999975	2.0210487e-06	2.2952618e-05
386	high_pain	1.4893914e-05	1.0612584e-06	0.9999841
387	no_pain	0.99999857	5.9283553e-07	8.833429e-07
388	no_pain	0.99999666	9.657546e-07	2.4037286e-06
389	no_pain	0.99999875	4.3603296e-07	7.7997737e-07
390	no_pain	0.99997604	3.0399883e-06	2.0929849e-05
391	no_pain	0.9999981	1.0737451e-06	7.924431e-07
392	low_pain	0.010566125	0.9893931	4.06912e-05
393	no_pain	0.99999887	4.2254374e-07	7.495841e-07
394	no_pain	0.9999962	2.156624e-06	1.6810748e-06
395	no_pain	0.9999962	1.3453403e-06	2.4784654e-06
396	no_pain	0.9999983	1.1290591e-06	6.0545983e-07
397	no_pain	0.99999607	2.363136e-06	1.5514239e-06
398	no_pain	0.9999288	6.895226e-05	2.285156e-06
399	low_pain	4.043359e-09	1.0	1.1767817e-09
400	low_pain	0.32706764	0.6673535	0.0055789426
401	low_pain	5.188577e-06	0.99999344	1.355466e-06
402	no_pain	0.99999726	1.5420216e-06	1.1983115e-06
403	no_pain	0.9980936	2.3025801e-05	0.0018832998
404	no_pain	0.9999973	1.2848883e-06	1.3907664e-06
405	no_pain	0.99993145	4.6421383e-06	6.3923275e-05
406	no_pain	0.9999989	3.645039e-07	7.2748395e-07
407	low_pain	3.3155504e-07	0.99999964	2.840091e-08
408	no_pain	0.9999965	1.844243e-06	1.6910369e-06
409	no_pain	0.99999917	3.7091164e-07	5.026061e-07
410	no_pain	0.9999801	2.7182436e-06	1.7163995e-05
411	no_pain	0.9999987	4.9008855e-07	7.978739e-07
412	no_pain	0.9999992	3.9629222e-07	3.477326e-07
413	low_pain	1.035926e-08	1.0	2.8870812e-09
414	low_pain	2.081956e-08	1.0	2.3975055e-09
415	no_pain	0.999997	8.2805644e-07	2.1009212e-06
416	low_pain	1.1594435e-08	1.0	3.6337995e-09
417	no_pain	0.9999994	2.744448e-07	3.9474585e-07
418	low_pain	1.5983554e-09	1.0	3.814221e-10
419	no_pain	0.99999726	1.4732502e-06	1.307986e-06
420	no_pain	0.9999951	8.969531e-07	3.9510114e-06
421	high_pain	7.8960073e-07	4.297603e-07	0.99999875
422	no_pain	0.99998724	6.2264035e-06	6.595174e-06
423	no_pain	0.9999943	3.587818e-06	2.1798655e-06
424	no_pain	0.99999744	1.1170807e-06	1.4477192e-06
425	no_pain	0.99702233	0.0009241619	0.0020534515
426	low_pain	2.084439e-08	1.0	6.043583e-09
427	high_pain	4.762661e-08	3.3366867e-08	1.0
428	no_pain	0.79948604	7.981655e-05	0.20043416
429	high_pain	0.109607	0.00030371523	0.8900892
430	no_pain	0.9999973	1.4115865e-06	1.1996077e-06
431	no_pain	0.99998796	3.561495e-06	8.513274e-06
432	no_pain	0.99999875	4.304011e-07	8.185178e-07
433	no_pain	0.9998828	5.509598e-06	0.000111709895
434	no_pain	0.9999935	1.705502e-06	4.737552e-06
435	no_pain	0.99999905	3.894068e-07	5.345284e-07
436	no_pain	0.99987394	6.3426787e-06	0.00011969856
437	no_pain	0.9935442	4.3968103e-05	0.006411772
438	no_pain	0.99999934	2.6693493e-07	4.5341125e-07
439	no_pain	0.9999981	1.0724517e-06	8.4066187e-07
440	no_pain	0.9999983	9.945928e-07	7.686905e-07
441	no_pain	0.9999916	7.1152035e-06	1.2029966e-06
442	no_pain	0.9999975	1.4395821e-06	9.655539e-07
443	no_pain	0.9999992	2.5054115e-07	4.8004523e-07
444	no_pain	0.99999845	7.1652937e-07	8.10304e-07
445	no_pain	0.99999774	1.2108625e-06	1.1186381e-06
446	no_pain	0.9999992	2.1834816e-07	5.237806e-07
447	no_pain	0.9999835	1.3827563e-05	2.6863686e-06
448	no_pain	0.999992	1.6406357e-06	6.382515e-06
449	no_pain	0.99999857	4.7102995e-07	9.759211e-07
450	low_pain	1.4701365e-07	0.9999992	6.6025234e-07
451	no_pain	0.9999626	6.1348533e-06	3.1245745e-05
452	no_pain	0.99960166	1.0865488e-05	0.00038743
453	no_pain	0.9999987	4.54474e-07	8.128442e-07
454	high_pain	3.508615e-07	2.68936e-07	0.99999934
455	no_pain	0.9999959	1.1560309e-06	2.9353573e-06
456	no_pain	0.99999917	3.5379358e-07	5.2287686e-07
457	no_pain	0.99999774	6.7729803e-07	1.6683523e-06
458	no_pain	0.9999987	3.6147276e-07	9.151589e-07
459	no_pain	0.9999973	1.2578441e-06	1.4198898e-06
460	no_pain	0.9986521	1.6114482e-05	0.001331852
461	no_pain	0.9999979	1.2348057e-06	9.2265543e-07
462	high_pain	4.122909e-05	0.40849274	0.591466
463	no_pain	0.9998695	7.136983e-06	0.00012328885
464	no_pain	0.99995434	7.116505e-06	3.8566945e-05
465	high_pain	8.091549e-08	4.2658417e-08	0.9999998
466	no_pain	0.99999696	1.7307297e-06	1.3957743e-06
467	no_pain	0.9999994	2.587768e-07	3.833743e-07
468	no_pain	0.9999968	5.549592e-07	2.7114252e-06
469	no_pain	0.9999981	1.1327493e-06	8.445537e-07
470	no_pain	0.9999951	2.9873192e-06	1.9033739e-06
471	no_pain	0.99991685	3.7987452e-06	7.939171e-05
472	no_pain	0.999998	7.607092e-07	1.2717296e-06
473	no_pain	0.99999654	9.121657e-07	2.5549439e-06
474	no_pain	0.9999987	4.4898852e-07	8.2251483e-07
475	low_pain	2.8259768e-08	1.0	3.1285573e-08
476	no_pain	0.998425	0.0015619411	1.2963168e-05
477	no_pain	0.9999968	2.2854954e-06	1.0283807e-06
478	high_pain	2.9957782e-06	4.6667187e-06	0.99999225
479	high_pain	6.4355613e-06	4.2040514e-07	0.99999315
480	no_pain	0.99999744	1.0891451e-06	1.4662734e-06
481	no_pain	0.99999714	8.416538e-07	2.0139178e-06
482	no_pain	0.9999973	1.5784914e-06	1.1575968e-06
483	high_pain	5.3454354e-05	0.47009915	0.52984744
484	no_pain	0.99999666	9.169879e-07	2.4496317e-06
485	no_pain	0.9999987	4.228451e-07	9.1698683e-07
486	no_pain	0.9999992	2.622998e-07	4.884827e-07
487	no_pain	0.9998392	6.1452156e-06	0.00015458345
488	no_pain	0.99998903	2.2823697e-06	8.666108e-06
489	low_pain	5.1744296e-06	0.99999475	6.878453e-08
490	low_pain	1.3202579e-08	1.0	7.608902e-09
491	no_pain	0.9999979	1.1695741e-06	8.9678196e-07
492	high_pain	0.29981428	7.520461e-05	0.70011055
493	no_pain	0.99996537	2.9350947e-05	5.2852824e-06
494	no_pain	0.9999448	5.1129628e-05	4.1388857e-06
495	no_pain	0.9999979	1.0338788e-06	1.0183556e-06
496	no_pain	0.9999975	1.0458438e-06	1.4861982e-06
497	no_pain	0.9999962	1.8586412e-06	1.9978145e-06
498	no_pain	0.9999973	2.1595743e-06	5.665e-07
499	no_pain	0.99973994	7.7468885e-06	0.00025228324
500	no_pain	0.9999983	9.3244506e-07	8.4677123e-07
501	no_pain	0.9999877	2.1965836e-06	1.0098614e-05
502	no_pain	0.999997	1.5190159e-06	1.4435816e-06
503	no_pain	0.9999983	1.0014786e-06	7.261297e-07
504	no_pain	0.9999989	4.884183e-07	5.923256e-07
505	no_pain	0.99999934	1.9894551e-07	4.5205078e-07
506	no_pain	0.9999987	4.3317567e-07	8.139423e-07
507	no_pain	0.7996234	1.6223254e-05	0.20036033
508	low_pain	1.3093081e-05	0.60112935	0.3988576
509	no_pain	0.9999979	1.3355368e-06	7.361178e-07
510	low_pain	3.1521779e-09	1.0	9.74558e-10
511	no_pain	0.99999696	1.4901738e-06	1.5999652e-06
512	no_pain	0.9999979	1.5058279e-06	6.4183484e-07
513	no_pain	0.9999984	7.455143e-07	8.921071e-07
514	no_pain	0.9999849	2.1854753e-06	1.28555885e-05
515	no_pain	0.99972546	8.389421e-06	0.0002662461
516	no_pain	0.6019515	0.39765665	0.00039188744
517	no_pain	0.9999994	2.2875497e-07	4.0802738e-07
518	no_pain	0.9999982	6.2183096e-07	1.179658e-06
519	no_pain	0.99999744	1.1051745e-06	1.4483707e-06
520	no_pain	0.9999984	5.379681e-07	1.1528897e-06
521	no_pain	0.9999968	1.0778917e-06	2.2242752e-06
522	no_pain	0.99998605	1.26667055e-05	1.2362266e-06
523	no_pain	0.9991412	1.6737313e-05	0.00084206107
524	no_pain	0.9999979	6.110876e-07	1.4721063e-06
525	no_pain	0.9999975	1.1348826e-06	1.2697468e-06
526	no_pain	0.9999936	4.8600386e-06	1.5754889e-06
527	no_pain	0.9999968	2.1109358e-06	1.1792675e-06
528	no_pain	0.9999973	1.6311321e-06	1.0889229e-06
529	low_pain	1.9517148e-09	1.0	4.5549262e-10
530	no_pain	0.9999978	8.2950754e-07	1.3931887e-06
531	high_pain	0.00025197753	0.10443648	0.89531153
532	high_pain	6.7903215e-06	4.4978233e-06	0.99998873
533	high_pain	4.1194798e-07	1.5385596e-07	0.9999994
534	high_pain	2.2208205e-06	7.966997e-06	0.9999898
535	no_pain	0.99997693	2.9379298e-06	2.0102301e-05
536	high_pain	1.9670042e-06	0.39999598	0.60000205
537	no_pain	0.99999845	5.2499445e-07	1.0319825e-06
538	no_pain	0.9999981	1.1948166e-06	7.768787e-07
539	no_pain	0.999993	5.166066e-06	1.7496786e-06
540	low_pain	1.4991597e-08	1.0	8.70395e-09
541	no_pain	0.9999987	7.0797927e-07	6.382136e-07
542	no_pain	0.999998	9.091488e-07	1.1016084e-06
543	no_pain	0.999994	1.1486558e-06	4.868374e-06
544	low_pain	1.4558192e-08	1.0	5.168218e-09
545	no_pain	0.99957913	1.12352745e-05	0.00040959343
546	no_pain	0.9999568	1.4256455e-05	2.896828e-05
547	low_pain	0.41265243	0.5871366	0.00021096661
548	no_pain	0.9999955	2.4836422e-06	1.9414638e-06
549	low_pain	8.307114e-09	1.0	1.8166461e-09
550	high_pain	3.5006626e-05	0.19360517	0.80635977
551	no_pain	0.99999875	4.0624496e-07	8.2931774e-07
552	no_pain	0.9999976	1.3583758e-06	1.0092433e-06
553	no_pain	0.9999868	1.8011222e-06	1.1335576e-05
554	no_pain	0.99999857	8.511255e-07	5.243745e-07
555	no_pain	0.9999984	4.4503395e-07	1.1665795e-06
556	no_pain	0.9999973	1.0578607e-06	1.5312796e-06
557	no_pain	0.99999905	2.5743856e-07	6.617333e-07
558	low_pain	1.2831297e-05	0.9995367	0.00045045497
559	no_pain	0.9999975	9.2951797e-07	1.5918346e-06
560	low_pain	1.3175492e-08	1.0	4.737574e-09
561	no_pain	0.99999714	1.4511274e-06	1.4696359e-06
562	high_pain	3.506804e-07	5.409693e-07	0.99999905
563	no_pain	0.9999987	5.3669265e-07	8.3736523e-07
564	no_pain	0.99999744	1.6570746e-06	9.314334e-07
565	low_pain	3.7871826e-09	1.0	1.9276565e-09
566	no_pain	0.99999905	2.5558532e-07	6.4632644e-07
567	no_pain	0.99999696	1.5331254e-06	1.4496824e-06
568	no_pain	0.999998	1.0198557e-06	9.010432e-07
569	no_pain	0.7364918	0.00028435123	0.2632238
570	low_pain	0.22472624	0.7752143	5.943636e-05
571	no_pain	0.99999714	1.504985e-06	1.3387402e-06
572	no_pain	0.9999958	2.9932537e-06	1.2599452e-06
573	no_pain	0.9999982	5.6096655e-07	1.2365656e-06
574	no_pain	0.99999857	4.5411448e-07	9.696362e-07
575	no_pain	0.999997	1.5388744e-06	1.4444804e-06
576	no_pain	0.9999979	1.4954076e-06	6.343754e-07
577	low_pain	4.389213e-09	1.0	1.7380521e-09
578	no_pain	0.9999981	1.1279428e-06	7.8308256e-07
579	no_pain	0.9999992	2.2776439e-07	5.4031045e-07
580	low_pain	2.289009e-08	1.0	4.205886e-09
581	no_pain	0.99999905	5.2099347e-07	4.6212418e-07
582	low_pain	0.34385598	0.65611774	2.6279546e-05
583	no_pain	0.99998933	1.6143003e-06	9.0770645e-06
584	no_pain	0.5993714	0.4006049	2.368851e-05
585	no_pain	0.9999933	5.0388026e-06	1.5772705e-06
586	no_pain	0.99999857	4.7579215e-07	9.2722496e-07
587	no_pain	0.9999982	9.922453e-07	7.9203727e-07
588	no_pain	0.99999875	4.0639824e-07	7.609312e-07
589	no_pain	0.9999965	1.8292428e-06	1.7108998e-06
590	no_pain	0.9999975	1.0884542e-06	1.3503875e-06
591	no_pain	0.9999973	1.6835414e-06	9.91525e-07
592	no_pain	0.99999684	2.3661069e-06	7.3290414e-07
593	no_pain	0.9999968	2.0327795e-06	1.2097236e-06
594	no_pain	0.9999925	2.7465528e-06	4.7459425e-06
595	no_pain	0.99999607	2.1456171e-06	1.7424511e-06
596	no_pain	0.9999812	1.1865326e-06	1.7598559e-05
597	low_pain	3.6090344e-09	1.0	1.492366e-09
598	no_pain	0.9999922	5.6630006e-06	2.1404574e-06
599	no_pain	0.99999857	6.002052e-07	8.6446437e-07
600	no_pain	0.9999978	1.1312023e-06	1.079666e-06
601	no_pain	0.9999983	8.828192e-07	7.617493e-07
602	no_pain	0.99999887	4.0831355e-07	7.6568705e-07
603	no_pain	0.99999857	5.057203e-07	9.504465e-07
604	no_pain	0.9999982	6.297652e-07	1.1755558e-06
605	no_pain	0.60017395	3.3471429e-06	0.39982265
606	no_pain	0.99999905	4.5793846e-07	4.555714e-07
607	no_pain	0.9849337	0.015053241	1.3137984e-05
608	no_pain	0.9999992	3.1801957e-07	4.2866623e-07
609	no_pain	0.9999992	2.7482787e-07	5.010934e-07
610	no_pain	0.9999984	8.0329164e-07	8.5456287e-07
611	no_pain	0.9999995	1.4258441e-07	3.1480317e-07
612	low_pain	5.18209e-09	1.0	1.6785895e-09
613	high_pain	1.2321129e-08	6.8573245e-09	1.0
614	no_pain	0.9999981	1.1902532e-06	7.6117965e-07
615	no_pain	0.99999505	2.4319424e-06	2.5157137e-06
616	low_pain	0.11453569	0.88545877	5.5858245e-06
617	no_pain	0.9999979	5.3688785e-07	1.5994216e-06
618	no_pain	0.9999992	2.5866694e-07	5.506498e-07
619	no_pain	0.9999984	9.450797e-07	6.9593716e-07
620	no_pain	0.99999505	3.1792292e-06	1.8389112e-06
621	no_pain	0.9999994	1.6597198e-07	3.7145392e-07
622	no_pain	0.99999744	1.365789e-06	1.1743916e-06
623	no_pain	0.9999987	4.2386597e-07	8.6438683e-07
624	no_pain	0.602086	0.083133414	0.31478053
625	no_pain	0.9999976	8.459339e-07	1.5781849e-06
626	no_pain	0.9999951	3.9104366e-06	9.459712e-07
627	no_pain	0.9999984	5.574718e-07	1.0868514e-06
628	no_pain	0.99999845	5.3844917e-07	9.4901804e-07
629	no_pain	0.9999918	6.7347078e-06	1.4653924e-06
630	no_pain	0.99999774	9.54355e-07	1.330336e-06
631	no_pain	0.9999973	1.424353e-06	1.2133153e-06
632	no_pain	0.6004602	1.4591188e-05	0.3995253
633	no_pain	0.99999505	3.7675466e-06	1.2176738e-06
634	no_pain	0.9988996	1.7558132e-05	0.0010828924
635	no_pain	0.99998254	1.3413034e-05	4.007893e-06
636	no_pain	0.99999845	6.6307706e-07	8.45397e-07
637	low_pain	3.5223195e-09	1.0	8.4733714e-10
638	no_pain	0.999996	2.7157037e-06	1.303654e-06
639	low_pain	2.476459e-09	1.0	8.356521e-10
640	no_pain	0.9999978	1.249088e-06	1.0046667e-06
641	high_pain	0.0011737115	2.5018031e-05	0.99880123
642	low_pain	1.3864869e-07	0.9999998	7.669612e-08
643	no_pain	0.8377913	0.00017739442	0.16203126
644	no_pain	0.99999887	3.7397314e-07	7.2617024e-07
645	no_pain	0.9999992	2.4599325e-07	4.6979227e-07
646	no_pain	0.9997698	8.050137e-06	0.00022216995
647	low_pain	2.1281316e-08	1.0	4.1205013e-09
648	no_pain	0.999997	2.011417e-06	9.0568875e-07
649	high_pain	8.9677105e-06	1.3467709e-06	0.9999897
650	no_pain	0.9999978	1.0136018e-06	1.1405625e-06
651	no_pain	0.9999951	2.3460657e-06	2.4624853e-06
652	no_pain	0.9999987	4.530295e-07	8.5793926e-07
653	no_pain	0.99999654	1.0804099e-06	2.3835098e-06
654	no_pain	0.99999905	4.194425e-07	5.7264435e-07
655	no_pain	0.9999962	1.0252595e-06	2.7597139e-06
656	no_pain	0.9999992	2.9652878e-07	4.545324e-07
657	no_pain	0.5170862	0.00022040366	0.48269334
658	low_pain	3.8939397e-05	0.99981034	0.00015076915
659	high_pain	4.4750458e-08	3.5140136e-08	1.0
660	no_pain	0.9999951	3.6099495e-06	1.2244609e-06
661	high_pain	3.4566888e-08	2.355669e-08	1.0
662	no_pain	0.99999845	9.801622e-07	6.1969797e-07
663	no_pain	0.99999475	3.3430395e-06	1.8907103e-06
664	no_pain	0.99999774	1.1902926e-06	1.0804044e-06
665	no_pain	0.9999696	9.0577305e-06	2.1359878e-05
666	no_pain	0.99999887	5.4911203e-07	6.2941206e-07
667	no_pain	0.9999975	1.1658034e-06	1.2845245e-06
668	no_pain	0.9999979	5.9277886e-07	1.4166473e-06
669	no_pain	0.99999684	2.125186e-06	1.0310598e-06
670	no_pain	0.99999696	1.601775e-06	1.425508e-06
671	no_pain	0.99999774	1.1464599e-06	1.1876565e-06
672	no_pain	0.999998	1.1311108e-06	8.6182536e-07
673	no_pain	0.9999874	1.1358638e-05	1.2364906e-06
674	no_pain	0.9999992	3.3384921e-07	4.1754143e-07
675	no_pain	0.99999636	1.8902156e-06	1.7431199e-06
676	low_pain	8.128412e-08	0.9999998	1.337435e-07
677	no_pain	0.9999975	1.5473809e-06	9.2209376e-07
678	high_pain	6.543775e-08	3.7211347e-08	0.9999999
679	no_pain	0.99999774	1.3519086e-06	1.0210842e-06
680	no_pain	0.9999982	1.1808182e-06	6.161441e-07
681	no_pain	0.99999934	3.2913698e-07	3.9391725e-07
682	no_pain	0.9999981	5.742272e-07	1.3677761e-06
683	no_pain	0.98842514	4.5341625e-05	0.011529556
684	no_pain	0.9999994	1.9474116e-07	3.4264835e-07
685	no_pain	0.9999903	1.1239763e-06	8.639807e-06
686	high_pain	2.9189295e-07	1.5496441e-07	0.9999995
687	high_pain	0.19589914	3.530946e-05	0.8040655
688	no_pain	0.9999981	1.2517272e-06	6.091649e-07
689	no_pain	0.9999957	2.307482e-06	1.994332e-06
690	no_pain	0.9999981	5.08256e-07	1.3763736e-06
691	low_pain	7.2979534e-09	1.0	2.030578e-09
692	no_pain	0.9999976	1.1870388e-06	1.2214481e-06
693	no_pain	0.9999982	8.5583326e-07	9.056028e-07
694	no_pain	0.9999983	1.0468816e-06	6.797324e-07
695	high_pain	0.40000668	2.6247594e-06	0.5999907
696	no_pain	0.99999726	1.7394748e-06	1.0107342e-06
697	no_pain	0.9999981	8.032616e-07	1.1219072e-06
698	low_pain	2.1156191e-08	1.0	4.1919725e-09
699	no_pain	0.99999726	1.7793445e-06	9.913576e-07
700	no_pain	0.99999726	1.7939968e-06	9.631921e-07
701	no_pain	0.9999981	1.1754803e-06	7.8514597e-07
702	no_pain	0.9999987	5.22736e-07	8.22101e-07
703	no_pain	0.99999744	1.5156829e-06	1.0834787e-06
704	no_pain	0.9999979	1.4684925e-06	6.8156436e-07
705	no_pain	0.9999962	3.0183953e-06	8.016626e-07
706	no_pain	0.9999975	1.5466012e-06	9.1326376e-07
707	no_pain	0.9999965	1.8028584e-06	1.7217884e-06
708	low_pain	7.326686e-09	1.0	6.677835e-10
709	no_pain	0.99999493	1.4464624e-06	3.572573e-06
710	no_pain	0.9999978	1.4116058e-06	7.926616e-07
711	no_pain	0.99999636	1.8643889e-06	1.7262631e-06
712	no_pain	0.9999979	1.1719164e-06	8.920746e-07
713	no_pain	0.99999857	4.4732928e-07	9.748586e-07
714	low_pain	0.017623696	0.98233604	4.025612e-05
715	no_pain	0.9999987	5.05725e-07	8.3761853e-07
716	no_pain	0.9999995	1.44672e-07	3.309087e-07
717	low_pain	7.509311e-05	0.9994221	0.0005027895
718	low_pain	0.0031883258	0.9967548	5.6847413e-05
719	no_pain	0.9999981	1.1180324e-06	8.3295146e-07
720	no_pain	0.999822	7.377874e-06	0.00017050866
721	low_pain	4.9252047e-09	1.0	1.1811434e-09
722	low_pain	2.1872394e-05	0.9999722	5.850348e-06
723	no_pain	0.9999976	1.0168818e-06	1.3383857e-06
724	no_pain	0.9999755	3.1002874e-06	2.138782e-05
725	high_pain	1.1294924e-07	3.6279005e-08	0.9999998
726	no_pain	0.99998796	5.819729e-06	6.261461e-06
727	no_pain	0.999997	1.3181958e-06	1.5999185e-06
728	no_pain	0.9999979	1.1929756e-06	9.056104e-07
729	no_pain	0.999986	1.3416912e-05	6.1250756e-07
730	no_pain	0.9999913	1.5529456e-06	7.0980545e-06
731	low_pain	8.849767e-09	1.0	2.7686913e-09
732	no_pain	0.800595	0.19938843	1.6571848e-05
733	no_pain	0.9999981	1.2944654e-06	6.4326497e-07
734	high_pain	0.20407982	3.2310305e-05	0.7958878
735	no_pain	0.99999464	3.4082818e-06	1.9279569e-06
736	no_pain	0.9999982	6.572782e-07	1.1847721e-06
737	no_pain	0.9999987	4.14224e-07	9.329371e-07
738	no_pain	0.97079754	0.00017098035	0.02903152
739	no_pain	0.99999917	3.2824283e-07	4.7371086e-07
740	no_pain	0.99999684	1.6078681e-06	1.5123994e-06
741	no_pain	0.9999976	6.1805315e-07	1.8257876e-06
742	low_pain	4.0864478e-07	0.99999934	2.3964506e-07
743	no_pain	0.9999968	1.1936241e-06	2.0984337e-06
744	no_pain	0.9999955	3.5280464e-06	1.0164631e-06
745	no_pain	0.99999857	8.610774e-07	6.014583e-07
746	no_pain	0.9999943	4.2218335e-06	1.5135018e-06
747	no_pain	0.99999845	6.0211244e-07	8.851657e-07
748	low_pain	7.624513e-09	1.0	2.9334497e-09
749	low_pain	5.0687268e-09	1.0	9.745069e-10
750	no_pain	0.9999752	1.1193773e-05	1.3596029e-05
751	no_pain	0.99999917	3.8986587e-07	5.0018826e-07
752	no_pain	0.99999875	4.0749228e-07	8.604652e-07
753	no_pain	0.9999958	2.0926495e-06	2.0656585e-06
754	high_pain	1.4032754e-07	3.9227466e-08	0.9999998
755	no_pain	0.99999845	8.989315e-07	6.323053e-07
756	no_pain	0.99994504	4.5589877e-05	9.311045e-06
757	high_pain	6.2218714e-06	4.891465e-05	0.99994487
758	low_pain	5.2506604e-09	1.0	1.4129223e-09
759	low_pain	0.3993868	0.6006067	6.5308836e-06
760	no_pain	0.9999962	2.5373251e-06	1.286399e-06
761	no_pain	0.9999992	2.1402643e-07	5.046073e-07
762	no_pain	0.99999607	1.963339e-06	1.9298109e-06
763	no_pain	0.99999416	3.9443617e-06	1.8867165e-06
764	low_pain	1.9452091e-07	0.9999998	2.2247068e-08
765	no_pain	0.9999975	9.896332e-07	1.4726498e-06
766	no_pain	0.999997	1.5701365e-06	1.4271616e-06
767	no_pain	0.9990371	3.758159e-06	0.0009591399
768	low_pain	1.3315499e-09	1.0	1.5562826e-10
769	no_pain	0.9999983	7.5785556e-07	1.01891e-06
770	no_pain	0.9999981	8.401723e-07	1.0654256e-06
771	no_pain	0.99999344	4.7698127e-06	1.8898176e-06
772	no_pain	0.9999992	3.366767e-07	4.3066325e-07
773	no_pain	0.99999857	4.5202972e-07	9.680098e-07
774	no_pain	0.99999917	2.5873186e-07	6.3054785e-07
775	high_pain	2.2264422e-07	6.353987e-08	0.9999997
776	no_pain	0.9999689	5.8117503e-06	2.5211057e-05
777	no_pain	0.9999982	6.164754e-07	1.2162459e-06
778	no_pain	0.9999981	1.2751284e-06	5.814917e-07
779	low_pain	1.328239e-08	1.0	3.0354717e-09
780	no_pain	0.999997	1.7631941e-06	1.1787503e-06
781	no_pain	0.9999949	1.2099495e-06	3.9553556e-06
782	no_pain	0.99990714	9.243078e-06	8.358965e-05
783	no_pain	0.9999989	4.4187718e-07	5.829785e-07
784	no_pain	0.99999124	1.4457734e-06	7.293277e-06
785	no_pain	0.9999983	1.0948113e-06	5.960634e-07
786	low_pain	5.6701196e-05	0.9240862	0.07585708
787	no_pain	0.9999938	1.4796241e-06	4.696559e-06
788	no_pain	0.9999629	3.434788e-05	2.770744e-06
789	no_pain	0.9999987	4.651302e-07	8.201317e-07
790	no_pain	0.99999744	1.2581464e-06	1.3596874e-06
791	low_pain	7.912685e-09	1.0	3.1485168e-09
792	no_pain	0.9999983	5.7123293e-07	1.1503686e-06
793	no_pain	0.9999979	1.0746326e-06	9.67371e-07
794	no_pain	0.99999845	5.387845e-07	9.639756e-07
795	low_pain	0.12525165	0.46628302	0.40846533
796	low_pain	4.76673e-09	1.0	9.300479e-10
797	no_pain	0.99999046	3.0821873e-06	6.4666347e-06
798	no_pain	0.9999975	1.0991953e-06	1.4012579e-06
799	no_pain	0.9999992	3.0210362e-07	4.6409815e-07
800	no_pain	0.9999956	2.3597245e-06	1.9680278e-06
801	no_pain	0.9999979	1.1745506e-06	9.545608e-07
802	no_pain	0.9999983	1.2195907e-06	4.9544735e-07
803	no_pain	0.99999285	1.3585412e-06	5.7652346e-06
804	no_pain	0.99999726	5.569947e-07	2.193155e-06
805	no_pain	0.9999987	5.382398e-07	7.892406e-07
806	no_pain	0.9999968	1.8597323e-06	1.3457483e-06
807	no_pain	0.99967515	0.00013157648	0.00019330789
808	no_pain	0.9999984	9.561958e-07	6.1479784e-07
809	no_pain	0.9999963	2.4205467e-06	1.3046927e-06
810	low_pain	1.0511318e-07	0.9999998	7.903506e-08
811	high_pain	9.3246916e-07	1.1739096e-06	0.9999979
812	no_pain	0.9999777	2.0289476e-06	2.0368067e-05
813	no_pain	0.99999845	9.4756206e-07	5.933644e-07
814	low_pain	1.0396933e-08	1.0	2.473316e-08
815	no_pain	0.99999934	2.0867544e-07	4.6648967e-07
816	no_pain	0.99999887	5.639714e-07	6.2851626e-07
817	no_pain	0.9999973	1.2853926e-06	1.443853e-06
818	no_pain	0.99999505	1.304662e-06	3.6117003e-06
819	no_pain	0.9999989	4.3109785e-07	5.7496806e-07
820	no_pain	0.9999975	9.382018e-07	1.5131666e-06
821	no_pain	0.9999992	2.1479173e-07	5.157406e-07
822	no_pain	0.99999875	4.049361e-07	8.21815e-07
823	no_pain	0.9999979	1.2165453e-06	8.468008e-07
824	no_pain	0.9999959	2.7418512e-06	1.3771356e-06
825	no_pain	0.50269854	0.00033920733	0.49696225
826	no_pain	0.9999973	1.4231393e-06	1.2466747e-06
827	no_pain	0.9999981	5.514296e-07	1.3395618e-06
828	no_pain	0.99999774	1.3904776e-06	9.350506e-07
829	low_pain	9.820113e-06	0.99998987	3.3398734e-07
830	no_pain	0.9999956	2.3286714e-06	2.039106e-06
831	high_pain	0.19984391	8.862074e-06	0.80014724
832	no_pain	0.9999979	6.5403674e-07	1.4855098e-06
833	no_pain	0.9999944	4.4784038e-06	1.1529303e-06
834	no_pain	0.9999992	2.0758179e-07	4.7169792e-07
835	no_pain	0.99999934	2.1053395e-07	4.4200783e-07
836	high_pain	0.19913062	1.241688e-05	0.80085695
837	no_pain	0.9999906	7.116278e-06	2.352671e-06
838	no_pain	0.99999964	1.4311495e-07	2.1942076e-07
839	no_pain	0.99999714	1.279838e-06	1.5413256e-06
840	no_pain	0.99795353	2.329914e-05	0.0020232175
841	no_pain	0.9999973	7.5580493e-07	1.8774329e-06
842	no_pain	0.9999798	1.8126327e-06	1.8353976e-05
843	high_pain	1.5769114e-06	1.0528945e-06	0.9999973
844	no_pain	0.9999981	6.357831e-07	1.2796788e-06
845	no_pain	0.99999726	1.3878631e-06	1.3867001e-06
846	no_pain	0.99999744	1.2813673e-06	1.307292e-06
847	no_pain	0.9999983	1.2006334e-06	5.0700663e-07
848	no_pain	0.99999934	2.0445756e-07	4.3389878e-07
849	no_pain	0.9999959	2.0744549e-06	1.9669335e-06
850	no_pain	0.9999956	2.5820434e-06	1.8063605e-06
851	no_pain	0.99999636	1.7243143e-06	1.830316e-06
852	high_pain	1.6149131e-06	1.1370785e-06	0.99999726
853	no_pain	0.99999887	3.1539943e-07	7.5618357e-07
854	no_pain	0.99999726	1.0002725e-06	1.7435183e-06
855	no_pain	0.9999987	4.6961128e-07	9.2135963e-07
856	no_pain	0.99999887	3.9383144e-07	7.4550906e-07
857	low_pain	2.334383e-09	1.0	4.2547313e-10
858	low_pain	2.7717562e-09	1.0	9.790243e-10
859	no_pain	0.9999983	3.9253928e-07	1.277272e-06
860	no_pain	0.99999475	3.7070095e-06	1.5354366e-06
861	no_pain	0.6000021	8.469277e-07	0.39999706
862	low_pain	0.20011608	0.79984665	3.724323e-05
863	no_pain	0.9999962	2.5557774e-06	1.235527e-06
864	no_pain	0.9999958	7.37667e-07	3.450485e-06
865	no_pain	0.99996173	3.857515e-06	3.4387776e-05
866	no_pain	0.9988073	1.73835e-05	0.0011753716
867	low_pain	9.493652e-06	0.9999895	9.605953e-07
868	low_pain	0.1811235	0.8186905	0.00018599996
869	low_pain	4.187813e-09	1.0	6.6158623e-10
870	low_pain	2.4244564e-09	1.0	4.3966625e-10
871	no_pain	0.9991258	1.4936185e-05	0.00085926475
872	no_pain	0.99999887	4.111048e-07	7.8093234e-07
873	no_pain	0.99999887	3.5564204e-07	8.087667e-07
874	low_pain	9.182322e-09	1.0	4.0996193e-09
875	no_pain	0.6016703	5.5293414e-05	0.39827436
876	no_pain	0.99999744	9.685448e-07	1.6015986e-06
877	no_pain	0.99999666	9.102676e-07	2.42914e-06
878	no_pain	0.9999975	1.0262863e-06	1.4774321e-06
879	low_pain	3.9167106e-05	0.83096075	0.16900007
880	no_pain	0.9999428	3.7042942e-06	5.353759e-05
881	no_pain	0.9999982	8.7392664e-07	9.401523e-07
882	no_pain	0.99999857	8.4872215e-07	5.7060225e-07
883	no_pain	0.9999982	1.2906585e-06	5.0037136e-07
884	low_pain	8.457859e-09	1.0	3.545886e-09
885	low_pain	1.11705354e-07	0.9999998	6.197288e-08
886	no_pain	0.9999976	1.453759e-06	9.2688623e-07
887	no_pain	0.99999744	1.1105898e-06	1.421566e-06
888	low_pain	0.0005208539	0.8123277	0.18715152
889	no_pain	0.99999684	1.3225863e-06	1.7766346e-06
890	no_pain	0.99999505	3.1822406e-06	1.8448806e-06
891	low_pain	1.6427691e-09	1.0	3.46788e-10
892	no_pain	0.9999901	1.638494e-06	8.3480845e-06
893	low_pain	9.94011e-06	0.99999	5.9894965e-08
894	no_pain	0.8014609	0.19853452	4.534368e-06
895	no_pain	0.99999607	2.5927536e-06	1.3274578e-06
896	no_pain	0.99999875	4.406993e-07	8.032769e-07
897	no_pain	0.6073725	9.4939714e-05	0.39253256
898	no_pain	0.9999992	2.223345e-07	4.6696096e-07
899	no_pain	0.9999979	5.994824e-07	1.5519097e-06
900	no_pain	0.999994	1.2276546e-06	4.7751814e-06
901	no_pain	0.9991269	1.2683442e-05	0.0008604266
902	low_pain	1.6410095e-07	0.9999997	9.579664e-08
903	no_pain	0.9999962	7.4406336e-07	3.1256538e-06
904	no_pain	0.9999975	1.426282e-06	1.0976664e-06
905	no_pain	0.9999992	3.238729e-07	3.9486517e-07
906	no_pain	0.95709956	0.04288202	1.8383133e-05
907	no_pain	0.99999934	2.580964e-07	4.5229163e-07
908	no_pain	0.99999905	2.5702928e-07	6.5624357e-07
909	no_pain	0.9998865	9.515088e-06	0.00010394724
910	no_pain	0.999994	2.444928e-06	3.5523167e-06
911	no_pain	0.9999984	7.021277e-07	9.007569e-07
912	no_pain	0.99999696	1.8382292e-06	1.221345e-06
913	no_pain	0.9999978	6.619134e-07	1.4927851e-06
914	no_pain	0.99999654	2.1755063e-06	1.2940011e-06
915	no_pain	0.9999982	6.524803e-07	1.1803352e-06
916	no_pain	0.99999714	1.4106612e-06	1.5216752e-06
917	no_pain	0.9999987	4.1878042e-07	9.181802e-07
918	no_pain	0.99999934	1.9786225e-07	4.1272787e-07
919	no_pain	0.99988776	5.7045754e-06	0.00010654142
920	no_pain	0.9999863	1.29900345e-05	7.8078637e-07
921	no_pain	0.99999696	1.6518128e-06	1.3869025e-06
922	no_pain	0.9999965	1.3048267e-06	2.2689214e-06
923	high_pain	0.40029365	3.0911662e-05	0.5996754
924	no_pain	0.9999979	7.694886e-07	1.2987715e-06
925	no_pain	0.999996	2.021138e-06	1.923387e-06
926	no_pain	0.9999983	5.362127e-07	1.1201084e-06
927	no_pain	0.9999603	3.7526174e-06	3.5929763e-05
928	no_pain	0.9999956	3.0619187e-06	1.2711453e-06
929	low_pain	6.3511236e-09	1.0	1.8300437e-09
930	low_pain	3.95164e-09	1.0	1.4047867e-09
931	no_pain	0.9999983	9.691487e-07	8.072305e-07
932	no_pain	0.99999905	2.9615506e-07	6.927704e-07
933	no_pain	0.9999922	7.1013665e-06	6.9676804e-07
934	no_pain	0.99999714	1.3859344e-06	1.4910659e-06
935	high_pain	0.04012628	5.806604e-05	0.9598156
936	no_pain	0.9999995	1.4433616e-07	3.1675378e-07
937	low_pain	0.00037759828	0.6825818	0.31704062
938	no_pain	0.99999726	1.4049945e-06	1.3808715e-06
939	no_pain	0.99999887	4.1029625e-07	7.9909904e-07
940	no_pain	0.9999918	1.5118123e-06	6.630971e-06
941	no_pain	0.9999983	7.7750394e-07	9.4465867e-07
942	no_pain	0.9999975	1.1885923e-06	1.3673997e-06
943	no_pain	0.99992955	4.670891e-05	2.375449e-05
944	no_pain	0.9999984	7.020174e-07	9.458064e-07
945	no_pain	0.99999774	6.875135e-07	1.649167e-06
946	high_pain	1.2455325e-07	4.4979306e-08	0.9999998
947	no_pain	0.804634	0.19536276	3.173444e-06
948	no_pain	0.9999733	3.3037388e-06	2.3378025e-05
949	high_pain	0.40044823	1.2165614e-05	0.59953964
950	no_pain	0.9999987	4.1925358e-07	9.1647405e-07
951	no_pain	0.99999905	2.817732e-07	6.5628893e-07
952	no_pain	0.6050278	0.3949436	2.8606522e-05
953	no_pain	0.9999962	2.5702957e-06	1.3045559e-06
954	no_pain	0.9999982	6.038494e-07	1.235632e-06
955	no_pain	0.999997	1.5195235e-06	1.4506716e-06
956	no_pain	0.9999981	7.146905e-07	1.2532325e-06
957	low_pain	0.3946183	0.60537225	9.454068e-06
958	no_pain	0.99996835	3.569158e-06	2.8043101e-05
959	no_pain	0.9999995	1.4670113e-07	3.2717918e-07
960	no_pain	0.9995451	9.2083865e-06	0.00044564428
961	no_pain	0.9999995	1.7155745e-07	3.740626e-07
962	no_pain	0.9999981	1.1807589e-06	6.6118565e-07
963	no_pain	0.99992543	4.5418847e-06	7.0019094e-05
964	no_pain	0.99710405	1.12948255e-05	0.0028845763
965	no_pain	0.9999981	8.281937e-07	1.1139929e-06
966	no_pain	0.99999744	1.1179999e-06	1.4658617e-06
967	no_pain	0.9999987	5.2756894e-07	7.885308e-07
968	no_pain	0.99999774	1.3872307e-06	9.635269e-07
969	high_pain	0.2002528	0.0002370564	0.7995101
970	no_pain	0.99999744	1.2815732e-06	1.3390772e-06
971	no_pain	0.99999774	7.1039585e-07	1.5751314e-06
972	no_pain	0.9999955	3.1934258e-06	1.2805998e-06
973	no_pain	0.99999887	5.384638e-07	6.1112064e-07
974	no_pain	0.99997836	2.9388139e-06	1.868611e-05
975	no_pain	0.99999887	5.269472e-07	6.2638736e-07
976	low_pain	0.0072300383	0.9925253	0.00024472456
977	no_pain	0.99999934	2.1046803e-07	4.768467e-07
978	high_pain	0.29648316	0.00020392463	0.70331293
979	no_pain	0.99999857	5.4561895e-07	9.129027e-07
980	no_pain	0.99999696	1.7255716e-06	1.3329524e-06
981	no_pain	0.99999714	1.7586393e-06	1.1240279e-06
982	no_pain	0.99999666	1.7786481e-06	1.5539521e-06
983	low_pain	1.8285679e-09	1.0	3.4048298e-10
984	no_pain	0.9999984	7.549411e-07	8.1235567e-07
985	no_pain	0.99999905	2.8736787e-07	6.894804e-07
986	low_pain	1.406984e-08	1.0	2.0522741e-09
987	no_pain	0.9999949	1.3006514e-06	3.7823738e-06
988	no_pain	0.9999973	1.7609967e-06	9.228153e-07
989	no_pain	0.9999975	1.4634812e-06	1.0604265e-06
990	high_pain	0.20026903	8.863259e-05	0.79964226
991	low_pain	9.73883e-09	1.0	5.3075055e-09
992	no_pain	0.99999696	1.5369806e-06	1.5763042e-06
993	no_pain	0.9975712	2.6383943e-05	0.0024024292
994	no_pain	0.99999714	1.4143646e-06	1.4625617e-06
995	high_pain	2.647451e-06	3.1530773e-05	0.99996585
996	no_pain	0.9999976	6.421619e-07	1.8071094e-06
997	low_pain	7.0470577e-07	0.99999905	2.9086425e-07
998	no_pain	0.99999714	1.0726723e-06	1.7334132e-06
999	no_pain	0.9999984	7.908884e-07	8.372555e-07
1000	no_pain	0.99999064	1.6408225e-06	7.726776e-06
1001	no_pain	0.99999744	1.6541877e-06	9.284155e-07
1002	no_pain	0.999997	1.5270246e-06	1.4469895e-06
1003	no_pain	0.99999774	6.704145e-07	1.644521e-06
1004	no_pain	0.999998	8.580432e-07	1.1333877e-06
1005	no_pain	0.9999973	1.2588432e-06	1.4601951e-06
1006	high_pain	0.008252168	9.736882e-05	0.9916504
1007	no_pain	0.99999774	7.361281e-07	1.5256144e-06
1008	no_pain	0.99999774	1.5919508e-06	6.7345184e-07
1009	no_pain	0.99999636	1.9543136e-06	1.7156835e-06
1010	no_pain	0.9999981	6.033263e-07	1.3637239e-06
1011	high_pain	0.13908103	0.00016535	0.86075366
1012	no_pain	0.94842875	0.04888978	0.002681513
1013	no_pain	0.99999535	3.314132e-06	1.3231859e-06
1014	no_pain	0.999996	3.2622017e-06	7.401226e-07
1015	no_pain	0.9999987	4.1239127e-07	8.669532e-07
1016	no_pain	0.8000862	6.5044114e-06	0.19990733
1017	no_pain	0.99999917	3.7944943e-07	5.0434465e-07
1018	no_pain	0.9999956	2.593149e-06	1.8489096e-06
1019	no_pain	0.9999982	7.047303e-07	1.127773e-06
1020	no_pain	0.9999984	6.5446415e-07	9.561164e-07
1021	no_pain	0.9999973	9.497047e-07	1.703134e-06
1022	no_pain	0.99999845	9.06511e-07	5.6354816e-07
1023	no_pain	0.9999978	9.3473557e-07	1.285785e-06
1024	low_pain	0.19938882	0.8006048	6.318237e-06
1025	no_pain	0.99999493	3.1769857e-06	1.9037914e-06
1026	no_pain	0.596645	1.0758506e-05	0.40334433
1027	no_pain	0.9999976	1.2418865e-06	1.104557e-06
1028	no_pain	0.9999978	7.636612e-07	1.4570636e-06
1029	no_pain	0.9999984	7.305612e-07	8.693929e-07
1030	low_pain	5.0554734e-09	1.0	1.5690571e-09
1031	high_pain	0.3929558	0.00015063823	0.6068936
1032	no_pain	0.9999981	6.161119e-07	1.3281119e-06
1033	low_pain	7.814017e-08	0.9999998	1.3360032e-07
1034	no_pain	0.8097474	9.186914e-05	0.19016075
1035	no_pain	0.9999975	1.1237714e-06	1.3602053e-06
1036	no_pain	0.99999607	2.6571588e-06	1.2330278e-06
1037	no_pain	0.9999983	6.2245533e-07	1.1361578e-06
1038	low_pain	1.2552087e-08	1.0	7.714308e-09
1039	no_pain	0.9999987	4.065843e-07	8.5980065e-07
1040	no_pain	0.99960804	8.7757635e-06	0.00038312055
1041	no_pain	0.999996	2.1485223e-06	1.9423817e-06
1042	no_pain	0.9999994	2.0602235e-07	3.4930298e-07
1043	no_pain	0.99999726	1.4746773e-06	1.2829803e-06
1044	no_pain	0.999997	1.4733429e-06	1.4468314e-06
1045	no_pain	0.9999989	3.038295e-07	7.412468e-07
1046	no_pain	0.9999939	1.2543637e-06	4.8699403e-06
1047	no_pain	0.99999917	2.866746e-07	6.5766966e-07
1048	no_pain	0.999994	1.278865e-06	4.7140115e-06
1049	no_pain	0.99999917	2.8702988e-07	5.712387e-07
1050	no_pain	0.9999901	2.1459457e-06	7.745277e-06
1051	no_pain	0.9999978	1.1542861e-06	1.0431008e-06
1052	no_pain	0.9999987	5.308019e-07	8.398454e-07
1053	no_pain	0.9999981	1.0705987e-06	8.746141e-07
1054	no_pain	0.99999636	1.7514003e-06	1.8523391e-06
1055	no_pain	0.9999968	9.2825155e-07	2.3587847e-06
1056	no_pain	0.99999905	2.881761e-07	6.76733e-07
1057	low_pain	2.7170852e-08	1.0	4.3157242e-09
1058	no_pain	0.99999887	5.6757517e-07	6.135964e-07
1059	no_pain	0.6693865	0.057364292	0.2732492
1060	no_pain	0.9999989	4.5475946e-07	5.963148e-07
1061	low_pain	5.968863e-05	0.7994578	0.20048253
1062	low_pain	0.4016842	0.59798706	0.00032875687
1063	no_pain	0.9999981	6.088486e-07	1.3596223e-06
1064	no_pain	0.99999714	1.2740418e-06	1.5139087e-06
1065	low_pain	4.2413674e-05	0.6020257	0.39793184
1066	no_pain	0.99999887	3.379289e-07	7.8558423e-07
1067	no_pain	0.9999976	1.1935132e-06	1.1976366e-06
1068	low_pain	4.1343274e-06	0.9999946	1.3321275e-06
1069	no_pain	0.9999939	1.216092e-06	4.877774e-06
1070	no_pain	0.9999978	1.3252017e-06	8.284337e-07
1071	low_pain	0.19911562	0.80087775	6.6127222e-06
1072	no_pain	0.99999887	5.572709e-07	5.749556e-07
1073	low_pain	0.05016098	0.9498167	2.2289618e-05
1074	no_pain	0.9999979	1.2580216e-06	8.811027e-07
1075	low_pain	1.5248167e-08	0.9999999	6.402446e-08
1076	no_pain	0.9999994	2.1632067e-07	3.5525403e-07
1077	low_pain	0.00094193744	0.50802726	0.49103078
1078	low_pain	3.7793584e-06	0.5999609	0.40003532
1079	no_pain	0.85743314	0.14254883	1.807856e-05
1080	no_pain	0.99999774	1.2976385e-06	9.837415e-07
1081	no_pain	0.9994286	1.2762527e-05	0.0005586672
1082	no_pain	0.9980828	2.4490186e-05	0.0018926293
1083	no_pain	0.9999924	6.9945827e-06	6.3915934e-07
1084	no_pain	0.9999956	2.8048955e-06	1.5813275e-06
1085	no_pain	0.9999943	7.993232e-07	4.882342e-06
1086	no_pain	0.9999914	7.952672e-06	6.597314e-07
1087	low_pain	1.5073833e-09	1.0	4.775146e-10
1088	no_pain	0.9999973	1.2709033e-06	1.4726874e-06
1089	low_pain	3.571691e-09	1.0	1.2844972e-09
1090	no_pain	0.99999875	4.5485362e-07	7.902072e-07
1091	high_pain	0.3999612	3.7836453e-06	0.600035
1092	no_pain	0.99999744	1.4034711e-06	1.1296398e-06
1093	no_pain	0.99999857	7.918942e-07	5.7224185e-07
1094	no_pain	0.9999984	5.712809e-07	1.0615543e-06
1095	no_pain	0.99999934	2.2570703e-07	4.0585368e-07
1096	no_pain	0.59294856	0.40703696	1.4534831e-05
1097	no_pain	0.9999981	6.4339923e-07	1.2306344e-06
1098	low_pain	2.6937744e-08	1.0	1.5033024e-08
1099	no_pain	0.9999973	1.7594342e-06	9.256904e-07
1100	no_pain	0.9999889	9.262604e-06	1.7213863e-06
1101	no_pain	0.9999983	1.027773e-06	6.822523e-07
1102	no_pain	0.99999744	1.1249598e-06	1.3994642e-06
1103	no_pain	0.60004437	3.1928964e-06	0.39995247
1104	no_pain	0.9999976	8.750343e-07	1.5351497e-06
1105	high_pain	0.3999515	2.863584e-06	0.6000457
1106	high_pain	0.19999292	4.4054673e-06	0.8000027
1107	no_pain	0.9999982	5.9475326e-07	1.1924164e-06
1108	no_pain	0.99998343	6.423698e-06	1.0188573e-05
1109	high_pain	7.982865e-08	5.595687e-08	0.9999999
1110	no_pain	0.9999983	9.435561e-07	7.3264175e-07
1111	no_pain	0.99977714	8.35996e-06	0.0002145147
1112	no_pain	0.99999726	1.3197805e-06	1.47194e-06
1113	no_pain	0.99999887	4.427007e-07	7.628549e-07
1114	no_pain	0.99999696	1.6105483e-06	1.4512935e-06
1115	high_pain	2.4991712e-06	0.20000252	0.799995
1116	no_pain	0.99999726	1.5036278e-06	1.2839886e-06
1117	no_pain	0.9999981	7.583704e-07	1.2121834e-06
1118	low_pain	0.0018458836	0.9981532	9.250792e-07
1119	no_pain	0.99999917	3.5176586e-07	4.934889e-07
1120	high_pain	0.030647552	0.00014647632	0.96920604
1121	no_pain	0.9999777	2.9164303e-06	1.9373289e-05
1122	high_pain	9.3723565e-07	1.9618547e-07	0.99999887
1123	no_pain	0.9951456	0.004850357	4.0193822e-06
1124	no_pain	0.9999958	1.968364e-06	2.1454648e-06
1125	no_pain	0.9999975	1.200857e-06	1.2679253e-06
1126	no_pain	0.9999976	1.0365917e-06	1.341288e-06
1127	low_pain	1.5599863e-08	1.0	1.4365304e-08
1128	no_pain	0.9999975	1.4162669e-06	1.0370666e-06
1129	no_pain	0.9999941	4.093429e-06	1.7647835e-06
1130	no_pain	0.99999714	1.5361013e-06	1.3129181e-06
1131	no_pain	0.9999975	6.1082216e-07	1.8260984e-06
1132	no_pain	0.9999983	5.8477195e-07	1.1486545e-06
1133	no_pain	0.99999887	4.879539e-07	6.396025e-07
1134	high_pain	0.00011844865	0.014046836	0.9858347
1135	no_pain	0.7959501	0.0013808603	0.202669
1136	no_pain	0.9999976	1.2299494e-06	1.1156345e-06
1137	no_pain	0.9999992	2.6078996e-07	5.6478353e-07
1138	no_pain	0.99999654	2.3538653e-06	1.0765289e-06
1139	no_pain	0.99999505	1.904595e-06	3.1117718e-06
1140	high_pain	4.587718e-06	2.1467872e-06	0.9999932
1141	no_pain	0.99999875	3.6107514e-07	8.978397e-07
1142	low_pain	0.39996687	0.6000322	9.110021e-07
1143	no_pain	0.99999934	2.1433804e-07	4.1123562e-07
1144	no_pain	0.9999995	1.5011119e-07	3.2463518e-07
1145	no_pain	0.9999995	1.4915443e-07	3.2276935e-07
1146	high_pain	3.219527e-07	2.7576613e-07	0.9999994
1147	no_pain	0.9999992	2.6874415e-07	5.423911e-07
1148	no_pain	0.9999984	5.8894005e-07	1.0390174e-06
1149	no_pain	0.99999696	2.1008848e-06	9.493939e-07
1150	no_pain	0.9999207	6.736962e-05	1.1864307e-05
1151	low_pain	8.371453e-06	0.9993677	0.00062392565
1152	low_pain	0.2074705	0.73885703	0.053672444
1153	no_pain	0.99999845	6.5767915e-07	8.069357e-07
1154	no_pain	0.99999666	2.218731e-06	1.0714025e-06
1155	low_pain	0.3812235	0.61840343	0.00037306428
1156	high_pain	2.0454281e-07	1.0516364e-07	0.9999997
1157	no_pain	0.99999696	1.58548e-06	1.4620227e-06
1158	no_pain	0.99999934	2.016621e-07	4.3881636e-07
1159	low_pain	1.0720203e-06	0.99999887	6.731399e-08
1160	no_pain	0.9999614	3.8466924e-06	3.4759953e-05
1161	no_pain	0.9999975	9.578608e-07	1.5059039e-06
1162	no_pain	0.99989766	8.807472e-06	9.3510425e-05
1163	no_pain	0.9999975	1.4500313e-06	9.898876e-07
1164	low_pain	1.06960085e-08	1.0	4.3075614e-09
1165	no_pain	0.999996	1.3294577e-06	2.6160674e-06
1166	low_pain	0.0005167302	0.9994814	1.8423225e-06
1167	no_pain	0.99999774	1.3759116e-06	8.967568e-07
1168	low_pain	6.383512e-08	0.9999999	7.367582e-09
1169	no_pain	0.9999995	1.4893837e-07	3.233636e-07
1170	no_pain	0.99999887	3.8892972e-07	7.336225e-07
1171	no_pain	0.99999917	2.4872378e-07	6.5431175e-07
1172	no_pain	0.99999726	1.7034748e-06	1.080742e-06
1173	no_pain	0.9998072	7.4965405e-06	0.00018529365
1174	low_pain	2.7692035e-08	1.0	6.678772e-09
1175	no_pain	0.9999962	2.5480076e-06	1.2725197e-06
1176	no_pain	0.9999949	3.2369585e-06	1.9336817e-06
1177	no_pain	0.99999636	1.6851321e-06	1.937248e-06
1178	no_pain	0.9999987	5.3337345e-07	7.8822995e-07
1179	low_pain	1.1856048e-08	1.0	3.202689e-09
1180	no_pain	0.99932194	0.00067333825	4.7304566e-06
1181	no_pain	0.9999992	3.1947238e-07	4.7416415e-07
1182	no_pain	0.8000342	3.2295181e-06	0.19996254
1183	no_pain	0.9999968	9.436297e-07	2.3411849e-06
1184	no_pain	0.999996	2.15288e-06	1.90946e-06
1185	low_pain	4.9172417e-08	1.0	2.2776483e-08
1186	high_pain	0.00021770973	8.9105255e-05	0.9996933
1187	no_pain	0.9999984	1.0092166e-06	5.937733e-07
1188	no_pain	0.9999933	5.194725e-06	1.5045925e-06
1189	no_pain	0.8999589	0.10002543	1.5663594e-05
1190	no_pain	0.8012346	0.1987628	2.523008e-06
1191	no_pain	0.9999984	9.73531e-07	6.893798e-07
1192	no_pain	0.999926	4.1509147e-06	6.986344e-05
1193	no_pain	0.9999896	3.037048e-06	7.374503e-06
1194	no_pain	0.9996346	0.00036245078	2.8796233e-06
1195	no_pain	0.9999987	4.300985e-07	9.28684e-07
1196	no_pain	0.9999955	3.0863034e-06	1.4178539e-06
1197	high_pain	0.00062835217	0.35299054	0.6463811
1198	no_pain	0.99997485	4.5361376e-06	2.0641548e-05
1199	no_pain	0.99999887	6.129361e-07	5.5090266e-07
1200	no_pain	0.9999932	5.106223e-06	1.6630881e-06
1201	no_pain	0.9999981	8.1678917e-07	1.0243288e-06
1202	no_pain	0.99963856	1.0421586e-05	0.00035098224
1203	no_pain	0.9999984	1.0304246e-06	6.106176e-07
1204	no_pain	0.9999973	1.4231618e-06	1.2840947e-06
1205	no_pain	0.99999726	2.2177203e-06	5.650384e-07
1206	no_pain	0.9999975	1.202135e-06	1.2897926e-06
1207	no_pain	0.99999887	3.8181832e-07	7.288796e-07
1208	no_pain	0.999996	2.8095799e-06	1.201092e-06
1209	low_pain	1.7385536e-09	1.0	3.74235e-10
1210	low_pain	1.4876113e-05	0.99998504	6.086178e-08
1211	low_pain	2.739163e-06	0.99999636	8.3255446e-07
1212	no_pain	0.9999992	2.1629599e-07	4.9010794e-07
1213	no_pain	0.99999917	3.4153956e-07	4.773994e-07
1214	no_pain	0.9999987	3.9327674e-07	9.0918513e-07
1215	no_pain	0.99999654	1.1265033e-06	2.3427724e-06
1216	no_pain	0.99999696	1.6125827e-06	1.4560919e-06
1217	no_pain	0.99999875	5.422653e-07	6.4542274e-07
1218	no_pain	0.9991062	1.5491281e-05	0.00087829755
1219	no_pain	0.99999857	6.312346e-07	8.467171e-07
1220	no_pain	0.9997093	4.743706e-05	0.00024322563
1221	no_pain	0.9999982	9.998595e-07	7.6601543e-07
1222	no_pain	0.999994	2.6873317e-06	3.327624e-06
1223	low_pain	3.7638186e-09	1.0	1.2161735e-09
1224	no_pain	0.9999959	1.2459877e-06	2.794267e-06
1225	no_pain	0.9999894	1.7519955e-06	8.799179e-06
1226	low_pain	1.19397425e-08	1.0	6.2363648e-09
1227	no_pain	0.9999982	1.1349149e-06	6.8984446e-07
1228	no_pain	0.99999774	1.3267997e-06	9.112873e-07
1229	no_pain	0.9999962	2.5192069e-06	1.2645369e-06
1230	no_pain	0.9999968	1.9315526e-06	1.2659541e-06
1231	high_pain	1.1916497e-06	1.0189308e-06	0.9999978
1232	no_pain	0.9998957	6.259756e-06	9.812041e-05
1233	no_pain	0.9999987	7.433201e-07	5.564613e-07
1234	high_pain	1.192821e-06	1.69333e-06	0.99999714
1235	low_pain	5.1923087e-07	0.9999992	2.9359214e-07
1236	no_pain	0.9990581	0.00081267825	0.00012923556
1237	high_pain	3.5860745e-07	1.3393141e-07	0.9999995
1238	high_pain	4.2530934e-07	5.317506e-07	0.99999905
1239	no_pain	0.9999984	5.6314167e-07	1.0446141e-06
1240	no_pain	0.99999905	2.6373095e-07	6.6402674e-07
1241	no_pain	0.9999979	6.3845414e-07	1.4006786e-06
1242	no_pain	0.9999982	1.1277587e-06	6.571841e-07
1243	no_pain	0.9999975	8.6968464e-07	1.5318232e-06
1244	low_pain	1.5102994e-06	0.9999983	2.0968432e-07
1245	no_pain	0.99999076	1.5661084e-06	7.740648e-06
1246	low_pain	8.7019635e-07	0.99999917	1.826103e-08
1247	low_pain	1.6981352e-06	0.9999975	7.712068e-07
1248	no_pain	0.9999469	3.2032247e-06	4.990762e-05
1249	no_pain	0.9999603	3.1306731e-06	3.6573532e-05
1250	no_pain	0.9999933	4.7561402e-06	1.890992e-06
1251	no_pain	0.99999917	3.2074564e-07	4.7715764e-07
1252	high_pain	3.6594756e-07	1.9633276e-07	0.9999994
1253	no_pain	0.9999963	2.4545752e-06	1.2645556e-06
1254	low_pain	1.1353546e-09	1.0	2.3971453e-10
1255	no_pain	0.9999341	4.2640595e-06	6.163803e-05
1256	no_pain	0.99999523	3.191098e-06	1.6173115e-06
1257	no_pain	0.99999255	1.5884991e-06	5.8278065e-06
1258	no_pain	0.9999982	5.9173e-07	1.1828722e-06
1259	no_pain	0.99999535	2.3429875e-06	2.3708044e-06
1260	low_pain	8.552448e-09	1.0	2.1886226e-09
1261	no_pain	0.9999994	2.5982806e-07	3.896033e-07
1262	no_pain	0.99999905	2.5920772e-07	6.607345e-07
1263	no_pain	0.9999987	4.2522325e-07	9.3758416e-07
1264	no_pain	0.99999726	7.3124124e-07	1.9876466e-06
1265	no_pain	0.99999917	3.3409145e-07	4.8879923e-07
1266	high_pain	1.8664348e-07	4.884987e-08	0.9999998
1267	no_pain	0.9999976	8.8102445e-07	1.5098688e-06
1268	low_pain	2.7759222e-09	1.0	3.1540237e-10
1269	no_pain	0.9999983	9.1696165e-07	7.4209004e-07
1270	no_pain	0.99999887	3.741443e-07	7.5736926e-07
1271	no_pain	0.99999875	4.163086e-07	7.929915e-07
1272	no_pain	0.99999523	3.1223256e-06	1.6399601e-06
1273	no_pain	0.9999982	5.416715e-07	1.2628882e-06
1274	no_pain	0.9999984	1.1040116e-06	4.876239e-07
1275	no_pain	0.9999956	2.9915032e-06	1.3967241e-06
1276	no_pain	0.9999965	2.6388814e-06	8.804179e-07
1277	no_pain	0.8619627	0.13801089	2.635057e-05
1278	no_pain	0.99999887	3.2984838e-07	7.936186e-07
1279	no_pain	0.99998677	1.2465915e-05	7.7662514e-07
1280	no_pain	0.99999696	9.0634137e-07	2.1853903e-06
1281	no_pain	0.99999845	5.989809e-07	8.940986e-07
1282	high_pain	0.00063981477	1.9182815e-05	0.999341
1283	no_pain	0.99999905	2.8751893e-07	6.610887e-07
1284	no_pain	0.99999905	2.7108493e-07	7.2577217e-07
1285	no_pain	0.9999957	2.1103274e-06	2.2159506e-06
1286	no_pain	0.9999976	1.3471957e-06	1.0461829e-06
1287	no_pain	0.99999887	5.48465e-07	5.4929274e-07
1288	high_pain	8.162498e-08	3.926431e-08	0.9999998
1289	no_pain	0.999998	1.4001415e-06	5.692802e-07
1290	no_pain	0.999993	4.989672e-06	1.9419763e-06
1291	no_pain	0.9998555	6.282526e-06	0.00013822521
1292	no_pain	0.99999726	1.398801e-06	1.3787756e-06
1293	high_pain	0.00016384317	0.43305284	0.5667833
1294	no_pain	0.9999992	1.9791939e-07	4.6326772e-07
1295	low_pain	0.19994597	0.8000533	7.201345e-07
1296	no_pain	0.99999774	1.3254692e-06	9.039651e-07
1297	no_pain	0.99997485	2.0712146e-06	2.307274e-05
1298	no_pain	0.99999607	1.9843624e-06	1.898295e-06
1299	no_pain	0.8578576	0.14212011	2.224203e-05
1300	low_pain	3.1684103e-06	0.9999956	1.2005402e-06
1301	no_pain	0.99999744	9.048149e-07	1.6299349e-06
1302	no_pain	0.9999294	5.608079e-05	1.4439795e-05
1303	no_pain	0.99999917	3.4635536e-07	4.559112e-07
1304	no_pain	0.9999995	1.4585623e-07	3.1743315e-07
1305	no_pain	0.9999975	1.3588026e-06	1.0382633e-06
1306	no_pain	0.99999905	4.0816712e-07	5.564331e-07
1307	no_pain	0.99999696	1.1644831e-06	1.8386796e-06
1308	no_pain	0.99999696	1.4203952e-06	1.5835519e-06
1309	low_pain	3.6975376e-09	1.0	9.940585e-10
1310	no_pain	0.99999887	4.0551967e-07	7.584129e-07
1311	high_pain	0.00032447133	1.1849871e-05	0.99966365
1312	no_pain	0.83788794	0.16190411	0.0002079403
1313	no_pain	0.7533961	0.24657829	2.5639576e-05
1314	no_pain	0.9999987	5.356675e-07	8.394921e-07
1315	low_pain	4.0305834e-09	1.0	6.095476e-10
1316	no_pain	0.9999956	9.4351543e-07	3.4327986e-06
1317	no_pain	0.99999714	1.6275757e-06	1.2833549e-06
1318	low_pain	4.7432134e-09	1.0	7.506012e-10
1319	no_pain	0.9999984	5.901275e-07	1.0515507e-06
1320	no_pain	0.9999878	1.5934404e-06	1.059891e-05
1321	no_pain	0.999996	2.7136844e-06	1.3490644e-06
1322	no_pain	0.99999744	1.9837794e-06	6.0430244e-07
1323	no_pain	0.9999984	5.329772e-07	1.0654811e-06
