sample_index	label	no_pain	low_pain	high_pain
000	no_pain	0.9999989	2.3596162e-07	7.8958766e-07
001	no_pain	1.0	7.4277358e-09	3.7860906e-09
002	no_pain	0.9999998	8.637652e-08	9.651728e-08
003	no_pain	0.99999905	2.2468535e-07	6.930826e-07
004	no_pain	0.9999995	9.970472e-08	3.3862267e-07
005	no_pain	0.99999964	1.205508e-07	2.9134426e-07
006	no_pain	0.99998665	3.402607e-07	1.3087474e-05
007	no_pain	1.0	2.1992479e-08	1.4036749e-08
008	no_pain	0.99999857	2.3602055e-07	1.1939568e-06
009	no_pain	1.0	4.0789686e-08	2.1950127e-08
010	no_pain	1.0	3.411922e-08	1.3005061e-08
011	no_pain	1.0	1.1182688e-08	2.480923e-08
012	no_pain	1.0	1.8190377e-08	9.689865e-09
013	no_pain	1.0	1.0882795e-08	2.4497961e-08
014	no_pain	1.0	5.381184e-09	3.619015e-09
015	no_pain	0.99998724	8.959211e-07	1.1859659e-05
016	low_pain	8.762743e-09	1.0	6.0658465e-09
017	no_pain	0.99999934	5.618018e-08	6.203885e-07
018	low_pain	2.401298e-07	0.99999714	2.5627169e-06
019	no_pain	0.9999998	1.1742567e-07	1.2118323e-07
020	no_pain	0.9999998	4.3850967e-08	1.3132934e-07
021	no_pain	0.9999998	5.6280914e-08	1.1327887e-07
022	high_pain	0.19999823	5.0941345e-08	0.80000174
023	low_pain	2.4636549e-08	1.0	5.617581e-09
024	no_pain	0.98468363	1.8835872e-05	0.015297581
025	no_pain	0.9999999	6.2233134e-08	2.0480414e-08
026	low_pain	1.3714707e-07	0.9999998	2.678038e-08
027	no_pain	1.0	2.4686916e-08	3.676866e-08
028	no_pain	1.0	5.6102194e-09	5.1803823e-09
029	no_pain	1.0	1.16988135e-08	7.488541e-09
030	no_pain	1.0	4.5623224e-08	1.3936652e-08
031	no_pain	1.0	2.5451423e-09	2.167922e-09
032	no_pain	1.0	7.5162045e-09	6.2876624e-09
033	no_pain	0.7951984	0.20478885	1.2814089e-05
034	no_pain	1.0	1.8779977e-08	1.036511e-08
035	no_pain	1.0	1.6349568e-09	1.7857446e-09
036	low_pain	3.166654e-08	1.0	6.905478e-09
037	no_pain	0.99998873	2.7921618e-07	1.0937755e-05
038	no_pain	1.0	2.4903045e-08	1.641747e-08
039	no_pain	1.0	4.8072053e-09	2.6090994e-09
040	no_pain	0.9999913	2.556844e-07	8.390025e-06
041	low_pain	4.1414827e-09	1.0	2.5253371e-08
042	low_pain	1.2840228e-06	0.9728848	0.027113918
043	low_pain	1.1304732e-08	1.0	1.6790107e-08
044	no_pain	1.0	2.771083e-08	6.8353962e-09
045	high_pain	2.0065474e-09	2.4998272e-09	1.0
046	high_pain	9.040475e-09	1.5253738e-09	1.0
047	no_pain	1.0	5.634995e-09	5.129542e-09
048	no_pain	1.0	2.5470296e-08	1.3602575e-08
049	high_pain	3.0155825e-09	1.1180334e-09	1.0
050	no_pain	0.6000878	1.1079215e-06	0.39991108
051	no_pain	0.9999997	1.7221022e-07	1.1443235e-07
052	low_pain	1.3916272e-06	0.9999984	2.5727303e-07
053	low_pain	0.19999701	0.80000293	4.4597215e-08
054	no_pain	1.0	4.9954878e-08	2.2529786e-08
055	no_pain	0.99997216	7.914761e-07	2.7110806e-05
056	no_pain	1.0	5.0731837e-09	4.512995e-09
057	no_pain	0.69489175	0.30507633	3.1954398e-05
058	no_pain	1.0	3.5090033e-09	2.536161e-09
059	no_pain	1.0	1.7699127e-08	2.590662e-08
060	no_pain	0.9999682	6.548628e-07	3.1164203e-05
061	no_pain	1.0	2.5247826e-09	4.2639727e-09
062	no_pain	1.0	8.104011e-09	5.17923e-09
063	no_pain	1.0	7.611172e-09	6.505272e-09
064	no_pain	0.9999999	6.4924464e-08	5.2824447e-08
065	no_pain	0.9999998	7.547133e-08	4.9286704e-08
066	no_pain	0.9999998	1.02688674e-07	1.1326345e-07
067	no_pain	1.0	1.2657286e-08	7.937957e-09
068	no_pain	0.9999355	1.042966e-06	6.3366155e-05
069	no_pain	1.0	1.6560593e-08	1.8417007e-08
070	no_pain	0.9999999	6.282619e-08	1.6789237e-08
071	low_pain	1.5664622e-07	0.9999998	5.7582593e-08
072	no_pain	1.0	4.0696797e-08	2.5009328e-08
073	no_pain	0.99998343	3.5139908e-07	1.6330627e-05
074	no_pain	1.0	5.454182e-09	5.2774074e-09
075	no_pain	1.0	7.2047066e-09	5.678576e-09
076	no_pain	0.9999997	1.3815854e-08	2.7196796e-07
077	no_pain	0.9999999	7.647848e-08	1.882982e-08
078	no_pain	1.0	1.2889049e-08	1.1675832e-08
079	no_pain	1.0	7.3549478e-09	6.4470123e-09
080	high_pain	8.774856e-08	1.3955872e-08	0.9999999
081	high_pain	2.325383e-09	1.8033856e-09	1.0
082	high_pain	3.3117704e-09	5.753028e-10	1.0
083	no_pain	0.9999999	2.5575934e-08	9.062941e-08
084	no_pain	0.99999964	3.8367224e-07	2.8250895e-08
085	no_pain	1.0	8.219243e-09	5.8300134e-09
086	no_pain	1.0	6.5416316e-08	1.6297161e-08
087	low_pain	9.061789e-08	0.9999999	2.4668168e-08
088	no_pain	1.0	1.7197259e-08	1.9469377e-08
089	no_pain	0.9999998	9.98211e-08	6.684967e-08
090	no_pain	0.99995023	9.028554e-07	4.8918086e-05
091	no_pain	1.0	5.989663e-09	5.169267e-09
092	no_pain	1.0	3.102984e-08	1.6115504e-08
093	no_pain	0.59995615	0.4000435	3.6396585e-07
094	no_pain	0.9999999	8.66966e-08	2.6780025e-08
095	no_pain	0.99999905	7.7510197e-07	1.3313146e-07
096	no_pain	1.0	3.592795e-09	2.7872324e-09
097	high_pain	3.286712e-09	1.4750341e-09	1.0
098	high_pain	0.40031114	4.950677e-05	0.59963936
099	high_pain	3.4052778e-06	0.37889746	0.6210992
100	no_pain	1.0	3.9927478e-08	1.42435015e-08
101	no_pain	1.0	2.868644e-08	1.1851418e-08
102	low_pain	1.7136388e-07	0.9999998	3.4747593e-08
103	low_pain	1.6649112e-07	0.9999998	1.215832e-08
104	no_pain	0.9999999	3.2345994e-08	5.9742575e-08
105	no_pain	0.9999998	7.2583035e-08	9.081698e-08
106	high_pain	6.4291554e-09	2.7496503e-09	1.0
107	no_pain	1.0	6.853751e-09	2.6049036e-09
108	no_pain	0.9999998	1.4179786e-07	2.4832033e-08
109	no_pain	1.0	2.3413085e-08	1.9130134e-08
110	no_pain	1.0	1.741559e-08	1.8143632e-08
111	no_pain	1.0	2.7456258e-08	1.5389242e-08
112	no_pain	0.9596936	0.040298916	7.4648183e-06
113	no_pain	1.0	2.9196343e-08	1.5437385e-08
114	no_pain	1.0	1.4611191e-08	7.707944e-09
115	high_pain	0.19994721	1.2845628e-06	0.8000515
116	no_pain	0.9999994	9.557103e-08	4.7979785e-07
117	high_pain	2.1701688e-08	5.8914313e-09	1.0
118	high_pain	3.0796847e-09	1.7792002e-09	1.0
119	no_pain	1.0	4.0665356e-09	3.778074e-09
120	no_pain	0.99999845	3.7968871e-07	1.1083729e-06
121	no_pain	1.0	3.3719754e-08	1.0187075e-08
122	no_pain	0.99999887	1.5645278e-07	9.269672e-07
123	no_pain	0.9999999	9.988885e-08	2.3206564e-08
124	no_pain	0.99999905	9.274051e-08	8.372742e-07
125	no_pain	0.9999999	1.0989559e-07	2.964955e-08
126	no_pain	1.0	8.239025e-09	6.9978854e-09
127	no_pain	1.0	4.3602526e-09	3.2331857e-09
128	no_pain	1.0	2.4318009e-08	1.2899134e-08
129	no_pain	0.9999999	9.807663e-08	2.1466866e-08
130	no_pain	1.0	1.8137488e-08	1.0715897e-08
131	no_pain	1.0	1.6259992e-08	8.696125e-09
132	no_pain	1.0	4.0272262e-08	2.290967e-08
133	no_pain	0.9999999	7.502488e-08	2.1448018e-08
134	no_pain	1.0	4.243642e-08	2.4016577e-08
135	no_pain	0.9999999	4.7076668e-08	6.3654475e-08
136	low_pain	9.149636e-09	1.0	4.2539603e-09
137	high_pain	7.2002804e-06	9.646474e-08	0.9999927
138	no_pain	1.0	1.8665952e-08	9.787831e-09
139	no_pain	0.99999696	2.9956307e-06	5.0427396e-08
140	no_pain	0.9999997	3.351951e-07	2.2034026e-08
141	no_pain	1.0	2.023921e-08	1.1208128e-08
142	no_pain	0.9999636	1.1253117e-06	3.5256315e-05
143	no_pain	0.9999998	1.174815e-07	1.3502668e-07
144	high_pain	0.2000798	1.343243e-06	0.7999189
145	no_pain	1.0	1.7567888e-08	1.4022494e-08
146	low_pain	6.0100946e-09	1.0	2.7409461e-09
147	no_pain	0.9999999	5.248889e-08	6.787202e-08
148	low_pain	3.162916e-08	1.0	4.0654733e-09
149	no_pain	1.0	2.2884784e-08	1.2737789e-08
150	no_pain	1.0	5.7220767e-08	2.7417377e-08
151	no_pain	1.0	7.0678867e-09	1.3603525e-08
152	no_pain	0.9999999	1.3397364e-07	4.8205322e-08
153	no_pain	1.0	6.3241017e-09	4.5370334e-09
154	no_pain	0.99999964	1.1712865e-07	2.2431227e-07
155	no_pain	0.9999959	2.7172325e-07	3.85126e-06
156	no_pain	0.99998343	4.9078005e-07	1.6033116e-05
157	no_pain	0.9999999	1.35121585e-08	9.328721e-08
158	no_pain	1.0	5.0211543e-08	3.4755193e-08
159	high_pain	0.4003651	4.465711e-06	0.5996304
160	no_pain	0.530124	0.46985397	2.2030197e-05
161	no_pain	1.0	4.945446e-09	6.406509e-09
162	no_pain	1.0	4.466e-08	4.5814886e-08
163	no_pain	0.9999998	1.29629e-07	1.40562175e-08
164	no_pain	1.0	5.900769e-09	2.6407937e-08
165	high_pain	5.9489994e-06	0.40840873	0.5915853
166	no_pain	1.0	8.460791e-09	1.228432e-08
167	no_pain	1.0	3.14124e-08	2.0088281e-08
168	no_pain	0.9999994	6.959275e-08	5.0741113e-07
169	no_pain	1.0	2.6471536e-08	8.87791e-09
170	no_pain	0.9970231	0.0029725658	4.356851e-06
171	low_pain	4.8524083e-07	0.9999994	4.2623604e-08
172	no_pain	1.0	4.496136e-09	2.5569942e-09
173	no_pain	0.9999982	2.9764942e-07	1.5048221e-06
174	no_pain	0.9999999	4.540205e-08	5.5415796e-08
175	high_pain	0.19955507	0.00044036884	0.8000046
176	no_pain	0.9999997	7.6517935e-08	1.8389943e-07
177	no_pain	1.0	7.321931e-09	6.169632e-09
178	no_pain	1.0	5.7368115e-09	3.8497885e-09
179	no_pain	1.0	5.7803407e-09	5.1895594e-09
180	no_pain	1.0	1.9047476e-08	8.018424e-09
181	no_pain	0.9999999	6.128856e-08	7.534915e-08
182	no_pain	1.0	9.167001e-09	2.5242352e-08
183	no_pain	0.9999997	2.147495e-07	4.82401e-08
184	no_pain	0.9999992	3.6744936e-07	4.4241906e-07
185	no_pain	0.9999896	1.9205757e-07	1.0187339e-05
186	high_pain	2.9158085e-09	4.69503e-10	1.0
187	no_pain	1.0	1.7858195e-08	9.493663e-09
188	no_pain	0.99998313	2.9795572e-07	1.6581083e-05
189	high_pain	1.8419026e-09	1.1740774e-09	1.0
190	no_pain	1.0	5.7946874e-08	2.5697762e-08
191	no_pain	0.9977752	3.3956155e-06	0.0022214933
192	no_pain	1.0	5.4180322e-09	4.965658e-09
193	no_pain	1.0	1.1703287e-08	5.513798e-09
194	no_pain	1.0	3.116793e-08	1.5908622e-08
195	no_pain	0.9999976	2.281954e-06	9.4063736e-08
196	no_pain	1.0	1.3627695e-08	3.090718e-08
197	no_pain	0.9999998	7.4559594e-08	8.887447e-08
198	low_pain	5.2967795e-08	1.0	5.424202e-09
199	no_pain	0.9999997	1.3394587e-07	1.7323457e-07
200	no_pain	1.0	3.856027e-08	4.1707757e-08
201	high_pain	4.0586134e-09	6.873322e-10	1.0
202	low_pain	1.0046703e-08	1.0	3.6310326e-09
203	low_pain	0.00048636895	0.9995109	2.7656704e-06
204	no_pain	1.0	7.762312e-09	6.3408976e-09
205	no_pain	0.99999964	1.0110197e-07	2.3933634e-07
206	low_pain	9.7383035e-09	1.0	6.7330332e-09
207	no_pain	0.9999999	5.5292617e-08	4.7746944e-08
208	no_pain	0.9999998	7.1204354e-08	1.16056526e-07
209	no_pain	1.0	1.4044237e-08	2.905042e-08
210	no_pain	0.9999998	2.193776e-07	4.0898946e-08
211	no_pain	0.9999997	2.4273757e-07	4.7496446e-08
212	no_pain	1.0	2.9239214e-08	1.5463794e-08
213	no_pain	1.0	8.528789e-09	7.0195627e-09
214	low_pain	9.06596e-09	1.0	3.9849866e-09
215	no_pain	1.0	3.116535e-08	1.7792594e-08
216	no_pain	0.9999999	6.48097e-08	6.84478e-08
217	no_pain	1.0	2.169532e-09	1.9559325e-09
218	no_pain	0.9999992	1.3307177e-07	6.432374e-07
219	no_pain	0.9999999	2.404106e-08	1.0545932e-07
220	low_pain	2.5979308e-08	1.0	2.0675389e-08
221	no_pain	0.9999999	1.00354406e-07	2.6616013e-08
222	low_pain	8.80536e-08	0.9999998	6.289424e-08
223	no_pain	0.99999964	2.2801946e-07	2.1340433e-07
224	no_pain	0.9999984	4.03794e-07	1.2456753e-06
225	no_pain	1.0	2.8833151e-08	1.5060639e-08
226	no_pain	0.9999995	4.1991544e-07	9.12601e-08
227	no_pain	1.0	9.167097e-09	6.935159e-09
228	no_pain	1.0	7.515891e-09	2.5141385e-09
229	no_pain	1.0	5.399114e-08	4.882699e-08
230	no_pain	1.0	1.7433862e-08	4.898559e-09
231	no_pain	1.0	5.2649476e-08	1.2667742e-08
232	no_pain	1.0	3.068148e-08	2.1752939e-08
233	no_pain	0.9999999	9.7238306e-08	8.338351e-08
234	no_pain	1.0	4.1861186e-09	2.8545728e-08
235	no_pain	1.0	4.720768e-08	5.5553915e-08
236	no_pain	0.9999997	8.949053e-08	2.2219868e-07
237	no_pain	1.0	5.2186215e-09	8.4773575e-09
238	high_pain	8.378949e-09	1.4819077e-09	1.0
239	no_pain	1.0	1.0762252e-08	2.1682665e-08
240	no_pain	1.0	4.3972346e-08	5.1603656e-08
241	no_pain	0.9999999	7.905363e-08	2.1711514e-08
242	no_pain	1.0	1.8128636e-08	1.8779048e-08
243	no_pain	1.0	3.857454e-08	3.1758088e-08
244	no_pain	0.99999696	2.7738156e-06	3.17637e-07
245	no_pain	1.0	7.6687826e-08	1.6755262e-08
246	no_pain	1.0	1.4833693e-08	2.9085982e-08
247	no_pain	1.0	4.6120277e-08	1.853444e-08
248	no_pain	0.7999996	1.5302467e-07	0.20000026
249	no_pain	1.0	7.1562205e-09	5.7112564e-09
250	no_pain	0.9999998	1.1640549e-07	4.1912873e-08
251	low_pain	5.2841006e-08	1.0	1.0897023e-08
252	no_pain	1.0	3.9532235e-08	3.3277907e-08
253	no_pain	1.0	1.2910678e-08	8.307007e-09
254	no_pain	0.9999994	1.0844576e-07	4.1195887e-07
255	no_pain	0.9999992	3.2665542e-07	4.4350008e-07
256	no_pain	1.0	3.3955253e-08	2.3427072e-08
257	high_pain	0.19978751	1.4952044e-06	0.80021095
258	no_pain	0.99999416	3.5631135e-07	5.466412e-06
259	no_pain	0.9999998	1.3777134e-07	1.08588395e-07
260	no_pain	1.0	3.982403e-09	1.8230493e-08
261	high_pain	2.422379e-08	6.7531745e-09	1.0
262	no_pain	1.0	8.285737e-09	2.0009235e-08
263	no_pain	1.0	3.4149743e-08	1.1907208e-08
264	no_pain	1.0	3.881053e-09	4.609672e-09
265	no_pain	1.0	2.2367793e-08	1.2447269e-08
266	high_pain	0.087317325	0.10245307	0.81022966
267	no_pain	1.0	2.3471609e-08	8.5740925e-09
268	high_pain	8.222391e-09	3.4783316e-09	1.0
269	high_pain	0.19997993	7.129694e-07	0.80001926
270	low_pain	1.1743617e-07	0.99999964	2.0326426e-07
271	no_pain	1.0	2.4234641e-08	1.6689844e-08
272	low_pain	7.4201614e-09	1.0	3.6647676e-09
273	low_pain	0.19999036	0.8000094	1.8739237e-07
274	no_pain	1.0	4.9962208e-09	8.248866e-09
275	no_pain	0.9999999	8.912498e-08	2.0367107e-08
276	high_pain	0.40736717	2.8907762e-05	0.59260386
277	no_pain	0.9520403	1.667373e-05	0.0479431
278	no_pain	1.0	3.1357774e-09	2.2557405e-09
279	no_pain	0.9999999	8.9822414e-08	1.8898756e-08
280	no_pain	0.99999845	1.4278824e-06	8.247427e-08
281	no_pain	1.0	5.766434e-09	4.455952e-08
282	no_pain	1.0	4.8767454e-08	1.4518372e-08
283	no_pain	0.9999935	6.2455765e-06	2.2344186e-07
284	no_pain	1.0	2.1961249e-08	7.141041e-09
285	no_pain	1.0	2.569033e-08	1.05251186e-08
286	no_pain	0.9999999	6.6311486e-08	1.7678719e-08
287	low_pain	5.6607906e-08	1.0	6.3842265e-09
288	no_pain	1.0	7.463666e-09	1.7456354e-09
289	no_pain	1.0	6.929601e-09	5.578018e-09
290	no_pain	0.9999998	1.5946574e-07	7.374369e-08
291	low_pain	3.569687e-07	0.99999964	4.7919475e-08
292	no_pain	0.9999999	7.505247e-08	2.1443444e-08
293	no_pain	1.0	2.4778828e-08	8.588884e-09
294	low_pain	1.603661e-07	0.9999998	2.7271735e-08
295	no_pain	1.0	2.6183432e-08	1.4703882e-08
296	no_pain	1.0	7.3624378e-09	1.8668853e-08
297	no_pain	1.0	3.269407e-08	1.6712484e-08
298	no_pain	0.99999964	1.582259e-08	3.292301e-07
299	no_pain	0.96099675	4.7772577e-05	0.03895551
300	high_pain	8.278147e-06	0.008190365	0.9918014
301	no_pain	1.0	3.587951e-08	1.0179268e-08
302	low_pain	4.4111666e-06	0.6719769	0.3280186
303	no_pain	0.7999991	5.004702e-08	0.2000008
304	no_pain	1.0	2.7973204e-08	1.2319424e-08
305	no_pain	1.0	1.3898391e-08	1.2540177e-08
306	no_pain	1.0	7.0171757e-09	1.7194061e-08
307	no_pain	1.0	2.4052081e-08	1.17020695e-08
308	low_pain	2.4401783e-07	0.9998625	0.00013728785
309	no_pain	1.0	2.2799556e-08	2.093655e-08
310	no_pain	1.0	2.1807647e-08	1.3385562e-08
311	no_pain	1.0	1.7199804e-08	1.58083e-08
312	no_pain	0.9999997	1.1945201e-07	1.653715e-07
313	no_pain	0.99999964	1.6852827e-07	2.7860546e-07
314	no_pain	0.9999999	6.235473e-08	5.0645518e-08
315	no_pain	0.9952081	0.004790553	1.3810044e-06
316	no_pain	0.9999998	1.3861965e-07	9.8135885e-08
317	no_pain	0.9999992	4.247228e-07	3.205932e-07
318	no_pain	1.0	7.95985e-09	6.61597e-09
319	high_pain	8.460557e-09	1.3543059e-09	1.0
320	no_pain	0.9999998	5.2727138e-08	1.3666549e-07
321	low_pain	9.2810195e-09	1.0	7.1754243e-09
322	low_pain	1.8250326e-08	1.0	3.7765604e-09
323	no_pain	1.0	1.4390693e-08	2.5608998e-08
324	no_pain	0.9999998	1.9183328e-07	2.5383116e-08
325	low_pain	3.1816267e-06	0.9999958	1.0703478e-06
326	no_pain	0.59990364	9.099802e-07	0.40009546
327	no_pain	0.9999987	5.075366e-08	1.329945e-06
328	no_pain	1.0	9.424663e-09	7.626431e-09
329	no_pain	1.0	3.632354e-08	2.0916676e-08
330	low_pain	2.2738425e-07	0.9999997	1.9949926e-08
331	no_pain	0.9999999	6.840492e-08	4.293272e-08
332	no_pain	1.0	3.398095e-08	1.7770251e-08
333	no_pain	1.0	2.5736417e-08	1.8604224e-08
334	high_pain	9.400733e-08	9.721994e-09	0.9999999
335	no_pain	0.9999906	2.687758e-07	9.170575e-06
336	no_pain	1.0	5.6153526e-09	5.5208136e-09
337	no_pain	1.0	8.771758e-09	7.658367e-09
338	no_pain	0.999996	3.0186723e-07	3.6749302e-06
339	no_pain	1.0	4.2557613e-08	6.991896e-09
340	low_pain	3.6188933e-08	0.9999999	4.6690097e-08
341	no_pain	1.0	1.9233976e-08	2.6757892e-08
342	no_pain	1.0	4.8584457e-08	2.148376e-08
343	no_pain	1.0	7.920157e-09	6.809806e-09
344	no_pain	1.0	2.9164951e-08	1.247044e-08
345	no_pain	0.9999998	8.200368e-08	9.334603e-08
346	no_pain	0.99999255	7.3511883e-06	4.49589e-08
347	no_pain	1.0	5.971276e-09	4.6176636e-09
348	no_pain	1.0	1.47012855e-08	3.62517e-08
349	no_pain	1.0	1.4357077e-08	5.04172e-09
350	no_pain	0.99997634	7.7897795e-07	2.2913558e-05
351	no_pain	0.9999999	6.948579e-08	1.4801913e-08
352	low_pain	1.4874429e-07	0.9999998	1.7496049e-08
353	no_pain	1.0	2.886361e-08	1.1020455e-08
354	no_pain	1.0	3.3441379e-09	2.2401978e-09
355	no_pain	0.9999999	5.8773615e-08	9.3806975e-08
356	no_pain	1.0	5.229549e-08	3.02334e-08
357	no_pain	1.0	7.973511e-09	6.5734533e-09
358	no_pain	1.0	3.8968704e-08	2.6380533e-08
359	no_pain	0.9999987	8.4394395e-07	5.11947e-07
360	no_pain	1.0	3.052599e-08	1.2293796e-08
361	no_pain	1.0	1.6551589e-08	5.1516434e-08
362	no_pain	0.9999796	6.5962206e-07	1.9796364e-05
363	no_pain	1.0	2.9129424e-08	2.2353252e-08
364	no_pain	1.0	6.669815e-09	9.252813e-09
365	no_pain	1.0	1.4030741e-08	3.0947714e-08
366	no_pain	1.0	2.8575153e-08	2.7002375e-08
367	no_pain	1.0	6.142109e-09	3.6885983e-09
368	no_pain	1.0	8.474728e-09	6.108383e-09
369	no_pain	0.99999934	4.0288904e-07	2.3456944e-07
370	no_pain	1.0	2.0304873e-09	2.0137079e-09
371	low_pain	2.8399386e-06	0.5980848	0.4019124
372	low_pain	2.0186144e-08	1.0	9.80291e-09
373	no_pain	0.9999998	1.0581088e-07	3.337179e-08
374	no_pain	1.0	6.840942e-09	4.5611714e-09
375	low_pain	1.0166042e-08	1.0	3.4410157e-09
376	no_pain	1.0	5.458096e-08	1.5525176e-08
377	no_pain	0.9999997	1.16440695e-07	1.6277394e-07
378	no_pain	1.0	1.3700221e-08	1.0504123e-08
379	low_pain	9.294859e-08	0.9999998	5.199039e-08
380	no_pain	1.0	2.1445565e-08	1.7065577e-08
381	low_pain	4.978596e-08	1.0	9.898495e-09
382	no_pain	1.0	1.9425752e-08	1.2304781e-08
383	no_pain	1.0	5.762808e-08	4.1063668e-08
384	no_pain	1.0	5.100055e-09	4.5235646e-09
385	no_pain	0.9999922	4.0564228e-07	7.4047102e-06
386	no_pain	0.9999956	1.2280223e-06	3.0978704e-06
387	no_pain	1.0	7.712477e-09	6.654081e-09
388	no_pain	1.0	1.9426446e-08	3.791576e-08
389	no_pain	1.0	1.3745515e-08	7.502903e-09
390	no_pain	0.99999857	2.3211433e-07	1.2232216e-06
391	no_pain	1.0	3.7078223e-09	2.3313873e-09
392	high_pain	7.729261e-09	1.8165764e-09	1.0
393	no_pain	1.0	6.3875496e-09	1.1227434e-08
394	no_pain	0.9999997	2.5608534e-07	5.576725e-08
395	no_pain	1.0	2.6152708e-08	3.900251e-08
396	no_pain	1.0	1.9673168e-08	5.2200115e-09
397	no_pain	0.9999998	1.4700333e-07	6.10993e-08
398	low_pain	4.8499e-07	0.9999995	3.058771e-08
399	low_pain	6.357952e-08	0.9999999	7.749833e-09
400	low_pain	4.8936073e-07	0.9999994	5.4759973e-08
401	low_pain	0.00846495	0.9914897	4.5370976e-05
402	no_pain	1.0	4.8633346e-08	1.7896545e-08
403	no_pain	0.79994935	9.435512e-07	0.20004971
404	no_pain	1.0	4.7786187e-08	2.7877025e-08
405	no_pain	0.99998873	2.635274e-07	1.10540805e-05
406	no_pain	1.0	1.1656926e-08	5.770093e-09
407	low_pain	0.39997655	0.60002327	1.4163939e-07
408	no_pain	0.9999998	2.2066388e-07	5.0443038e-08
409	no_pain	1.0	1.0979454e-08	7.7202085e-09
410	no_pain	0.99999845	3.6388803e-07	1.1483902e-06
411	no_pain	1.0	8.804351e-09	1.45932715e-08
412	no_pain	1.0	5.507652e-09	5.9532206e-09
413	low_pain	1.1904137e-06	0.9999687	3.0141371e-05
414	low_pain	1.02385025e-08	1.0	8.969321e-09
415	no_pain	0.9999997	9.98481e-08	2.1056914e-07
416	low_pain	1.8139758e-08	1.0	6.221677e-09
417	no_pain	1.0	3.81732e-09	2.8209506e-09
418	low_pain	1.1750541e-08	1.0	3.926771e-09
419	no_pain	0.9999998	9.1323805e-08	1.1434982e-07
420	no_pain	0.99999964	9.424918e-08	3.1635267e-07
421	high_pain	8.61795e-09	1.3400692e-09	1.0
422	no_pain	0.99999964	1.4770245e-07	2.1457103e-07
423	no_pain	0.9999984	1.5798857e-06	9.9270416e-08
424	no_pain	1.0	2.345702e-08	2.9864832e-08
425	no_pain	0.99999684	1.9965341e-06	1.1649414e-06
426	low_pain	1.544924e-08	1.0	1.4456662e-08
427	high_pain	2.9919929e-09	1.442873e-09	1.0
428	no_pain	0.9999998	4.9955723e-08	1.2134824e-07
429	high_pain	1.4612314e-08	1.1243205e-09	1.0
430	no_pain	0.9999999	9.549734e-08	2.0320739e-08
431	no_pain	0.9999998	1.1207345e-07	3.3236624e-08
432	no_pain	1.0	3.7603534e-09	4.70261e-09
433	no_pain	0.99997985	4.1394577e-07	1.9685813e-05
434	no_pain	0.9999997	9.810397e-08	1.07239885e-07
435	no_pain	1.0	2.0371367e-09	1.9306605e-09
436	no_pain	0.6022696	8.426843e-06	0.39772195
437	no_pain	0.9999739	4.3945857e-07	2.566959e-05
438	no_pain	1.0	5.0008406e-09	4.122697e-09
439	no_pain	1.0	2.350879e-08	8.997391e-09
440	no_pain	1.0	2.0817525e-08	1.5456859e-08
441	no_pain	0.9999998	1.1473573e-07	4.9249905e-08
442	no_pain	0.9999999	7.579702e-08	1.8276086e-08
443	no_pain	1.0	4.9341216e-09	3.7341747e-09
444	no_pain	1.0	5.8661174e-09	1.7533095e-08
445	no_pain	1.0	4.2008683e-08	2.483381e-08
446	no_pain	0.9999999	7.7673e-09	6.891822e-08
447	no_pain	0.9999935	6.437304e-06	1.0644375e-07
448	no_pain	0.99999964	1.022003e-07	3.143353e-07
449	no_pain	1.0	4.117063e-09	5.2332774e-09
450	low_pain	3.7382296e-07	0.600032	0.39996767
451	high_pain	0.10589328	0.00010667821	0.89400005
452	no_pain	0.99998283	3.19879e-07	1.6864633e-05
453	no_pain	1.0	8.907799e-09	1.8270278e-08
454	high_pain	3.2499963e-09	1.3355883e-09	1.0
455	no_pain	1.0	5.0349495e-08	2.7695284e-08
456	no_pain	1.0	7.989398e-09	6.2830745e-09
457	no_pain	0.99999964	9.506291e-08	2.7434706e-07
458	no_pain	0.9999998	2.2857668e-08	1.4893621e-07
459	no_pain	1.0	5.2280058e-08	1.8731985e-08
460	high_pain	0.00075708714	4.8998577e-06	0.999238
461	no_pain	1.0	1.24446915e-08	1.133419e-08
462	low_pain	3.2181255e-08	0.6000004	0.3999996
463	no_pain	0.99999744	1.5084065e-07	2.4293288e-06
464	no_pain	0.9999999	6.370935e-08	5.847888e-08
465	high_pain	3.0828449e-09	1.1127532e-09	1.0
466	no_pain	0.9999998	1.225358e-07	8.309911e-08
467	no_pain	1.0	3.293477e-09	2.5396316e-09
468	no_pain	0.999992	1.8809467e-07	7.84452e-06
469	no_pain	1.0	2.5975902e-08	1.3176861e-08
470	no_pain	0.99999964	9.118247e-08	2.0573074e-07
471	high_pain	0.39999855	1.034085e-07	0.6000014
472	no_pain	0.9999998	4.5814595e-08	1.983266e-07
473	no_pain	0.9999995	5.4972098e-08	3.727428e-07
474	no_pain	1.0	9.448162e-09	1.9504416e-08
475	low_pain	7.539931e-08	0.9999998	6.195629e-08
476	no_pain	0.9999927	7.163896e-06	4.212711e-08
477	no_pain	0.9999999	1.223892e-07	1.9219527e-08
478	high_pain	3.895575e-05	0.00046804873	0.999493
479	high_pain	0.3999893	4.906753e-07	0.6000102
480	no_pain	1.0	2.6633765e-08	1.6127903e-08
481	no_pain	1.0	3.4550034e-08	2.5445678e-08
482	no_pain	1.0	3.5113985e-08	1.6793225e-08
483	high_pain	1.0051759e-05	0.21141322	0.7885767
484	no_pain	0.9999998	6.1053626e-08	9.464457e-08
485	no_pain	1.0	6.3602563e-09	6.282169e-09
486	no_pain	1.0	4.957716e-09	3.9046206e-09
487	no_pain	0.99998933	2.8579717e-07	1.038434e-05
488	no_pain	0.9999998	8.770921e-08	9.827769e-08
489	low_pain	0.40347838	0.5965183	3.365384e-06
490	low_pain	4.345372e-09	1.0	5.134677e-09
491	no_pain	1.0	1.4092864e-08	9.48455e-09
492	high_pain	0.34617832	4.5572808e-05	0.6537761
493	no_pain	0.9999995	4.2694228e-07	3.892534e-08
494	no_pain	0.9999973	2.522999e-06	1.5902103e-07
495	no_pain	1.0	4.1595406e-08	2.6031529e-08
496	no_pain	0.99999887	1.0042879e-07	1.0362747e-06
497	no_pain	0.9999998	1.6700425e-07	7.9547256e-08
498	no_pain	1.0	1.3478241e-08	2.393283e-08
499	no_pain	0.9999836	3.5554984e-07	1.6044476e-05
500	no_pain	1.0	9.395543e-09	1.6744863e-08
501	no_pain	0.9999997	1.13444614e-07	1.427457e-07
502	no_pain	1.0	2.4226296e-08	8.0310745e-09
503	no_pain	1.0	1.7860312e-08	1.41800545e-08
504	no_pain	1.0	2.5535343e-09	2.0966682e-09
505	no_pain	1.0	7.0221673e-09	6.755073e-09
506	no_pain	1.0	2.2176692e-08	1.0911025e-08
507	no_pain	0.99999964	2.038004e-07	1.5311653e-07
508	low_pain	5.8176903e-07	0.599987	0.40001243
509	no_pain	1.0	7.830704e-09	5.3968994e-09
510	low_pain	1.1087011e-07	0.9999999	2.244079e-08
511	no_pain	1.0	1.7720739e-08	2.5617723e-08
512	no_pain	1.0	2.2380217e-08	5.9374625e-09
513	no_pain	0.99999964	1.4867783e-07	2.561195e-07
514	no_pain	1.0	1.4525978e-08	1.797175e-08
515	no_pain	0.9999787	3.7586216e-07	2.0872647e-05
516	no_pain	0.79999936	6.16427e-07	0.20000005
517	no_pain	1.0	4.9293867e-09	4.8348605e-09
518	no_pain	0.9999995	7.252651e-08	4.2433248e-07
519	no_pain	1.0	2.3943311e-08	1.4406632e-08
520	no_pain	0.99999964	1.07641746e-07	2.3290167e-07
521	no_pain	1.0	1.4703801e-08	3.098163e-08
522	no_pain	0.99999964	3.623365e-07	2.7852233e-08
523	no_pain	0.9999889	3.548447e-07	1.0724812e-05
524	no_pain	0.9999998	4.358672e-08	1.622287e-07
525	no_pain	0.9999997	1.1404516e-07	1.6327223e-07
526	no_pain	1.0	2.1395248e-08	9.284143e-09
527	no_pain	0.9999997	2.6639128e-07	3.645235e-08
528	no_pain	0.9999999	9.952656e-08	1.8103071e-08
529	low_pain	6.6709362e-09	1.0	3.0126135e-09
530	no_pain	1.0	5.3739587e-08	3.5968718e-08
531	no_pain	0.60148716	0.39830172	0.00021108151
532	high_pain	2.2857937e-05	3.1524507e-07	0.9999768
533	high_pain	1.1264119e-08	4.084868e-09	1.0
534	high_pain	3.7992372e-08	1.29025155e-08	1.0
535	no_pain	0.9999984	3.552367e-07	1.3078792e-06
536	low_pain	5.3238828e-06	0.83662856	0.16336614
537	no_pain	1.0	4.6959685e-09	5.0890874e-09
538	no_pain	1.0	9.618373e-09	7.1550432e-09
539	no_pain	0.99999774	2.12169e-06	1.2944952e-07
540	low_pain	5.1989254e-08	1.0	1.892312e-08
541	no_pain	1.0	5.606965e-09	3.1442056e-09
542	no_pain	1.0	1.3576281e-08	1.0055127e-08
543	no_pain	0.9999998	5.2523433e-08	7.506064e-08
544	low_pain	2.465687e-08	1.0	3.9526878e-08
545	no_pain	0.99996966	5.8022886e-07	2.9723775e-05
546	no_pain	0.99999887	2.8150214e-07	8.9972036e-07
547	no_pain	0.99984884	3.6749083e-05	0.00011442689
548	no_pain	1.0	5.473107e-08	2.7904566e-08
549	low_pain	1.8458711e-06	0.9999973	8.629122e-07
550	low_pain	4.7906713e-08	0.9999998	1.0027448e-07
551	no_pain	1.0	1.9193312e-08	1.4188744e-08
552	no_pain	1.0	4.2095163e-08	1.9589407e-08
553	no_pain	0.9999999	2.7943523e-08	9.938515e-08
554	no_pain	1.0	6.2097905e-09	2.9074747e-09
555	no_pain	1.0	8.764634e-09	2.8150271e-08
556	no_pain	0.99999887	1.253216e-07	1.0113484e-06
557	no_pain	0.9999999	5.7965672e-09	6.517657e-08
558	low_pain	2.1280354e-07	0.8000002	0.19999956
559	no_pain	1.0	3.828405e-08	3.5811237e-08
560	low_pain	2.5604294e-08	1.0	3.0405538e-08
561	no_pain	0.9999998	1.3586956e-07	4.6852467e-08
562	high_pain	8.176147e-06	0.19836012	0.80163175
563	no_pain	1.0	3.7513406e-09	5.5203273e-09
564	no_pain	1.0	8.429952e-09	1.0398935e-08
565	low_pain	1.8790853e-08	1.0	1.299297e-08
566	no_pain	1.0	5.268186e-09	3.774292e-08
567	no_pain	1.0	2.8255183e-08	9.32833e-09
568	no_pain	1.0	5.2554165e-09	4.624401e-09
569	no_pain	0.9999994	3.6465173e-07	2.4310174e-07
570	no_pain	0.9999232	7.609167e-05	5.944433e-07
571	no_pain	1.0	3.2197626e-08	1.0729048e-08
572	no_pain	1.0	1.4465536e-08	7.708808e-09
573	no_pain	0.99999964	7.684668e-08	2.9606412e-07
574	no_pain	1.0	7.004869e-09	8.618142e-09
575	no_pain	1.0	2.4366253e-08	8.8203524e-09
576	no_pain	1.0	1.9187802e-08	1.5323305e-08
577	low_pain	2.2311531e-07	0.99999964	8.829851e-08
578	no_pain	1.0	1.0292134e-08	6.023434e-09
579	no_pain	0.9999999	8.8831245e-09	7.881427e-08
580	low_pain	1.9059478e-08	1.0	4.4174717e-09
581	no_pain	1.0	2.526395e-09	1.9232664e-09
582	low_pain	6.3314633e-06	0.99999344	2.2181419e-07
583	no_pain	1.0	9.676166e-09	7.469146e-09
584	low_pain	2.2795868e-07	0.9999998	2.5468818e-08
585	no_pain	0.99999124	8.752237e-06	6.337952e-08
586	no_pain	1.0	3.5259273e-09	4.9004347e-09
587	no_pain	1.0	2.4249868e-08	1.1159665e-08
588	no_pain	1.0	1.5240337e-08	9.2522665e-09
589	no_pain	1.0	3.8930438e-08	3.2292967e-08
590	no_pain	1.0	3.1454988e-08	1.4538223e-08
591	no_pain	0.9999999	9.776859e-08	1.4958356e-08
592	no_pain	1.0	5.453982e-09	3.3232375e-09
593	no_pain	1.0	1.2723772e-08	8.104502e-09
594	no_pain	0.9999994	1.6825325e-07	4.6411196e-07
595	no_pain	0.9999995	4.2121155e-07	6.847994e-08
596	no_pain	1.0	5.539086e-09	4.9096323e-09
597	low_pain	1.2272307e-07	0.9999998	3.2470346e-08
598	no_pain	0.9999983	7.8970317e-07	8.41865e-07
599	no_pain	1.0	7.3036945e-09	6.4014065e-09
600	no_pain	1.0	1.4588585e-08	8.138313e-09
601	no_pain	1.0	1.7395006e-08	8.388595e-09
602	no_pain	1.0	2.045479e-08	1.0388417e-08
603	no_pain	1.0	3.5810306e-08	2.1200467e-08
604	no_pain	1.0	7.587486e-09	1.08366836e-08
605	no_pain	0.79998463	4.2571983e-07	0.2000149
606	no_pain	1.0	2.862017e-09	1.9045168e-09
607	no_pain	0.9999999	2.6024264e-08	6.793836e-08
608	no_pain	1.0	8.6233225e-09	4.0519215e-09
609	no_pain	1.0	6.0637704e-09	4.405307e-09
610	no_pain	1.0	5.9782463e-09	5.3351723e-09
611	no_pain	1.0	3.9645345e-09	2.5343743e-08
612	low_pain	6.063557e-08	0.9999999	1.0000481e-08
613	high_pain	2.9006362e-09	4.7398724e-10	1.0
614	no_pain	1.0	7.5613045e-09	6.2750964e-09
615	no_pain	0.9999994	1.5789932e-07	3.820695e-07
616	low_pain	1.2565995e-06	0.9999987	1.1293787e-07
617	no_pain	0.9999938	2.390777e-07	5.964423e-06
618	no_pain	1.0	8.505766e-09	5.9273306e-09
619	no_pain	1.0	1.3828516e-08	1.477089e-08
620	no_pain	0.9999994	4.4570334e-07	6.090356e-08
621	no_pain	0.9999997	1.0815619e-08	2.5741198e-07
622	no_pain	1.0	1.3140985e-08	2.6409433e-08
623	no_pain	1.0	3.752202e-09	4.431473e-09
624	no_pain	0.6000001	1.3541563e-07	0.39999977
625	no_pain	1.0	2.5249074e-08	2.42704e-08
626	no_pain	0.99999964	3.7284215e-07	1.9247612e-08
627	no_pain	1.0	5.2417635e-09	4.946207e-09
628	no_pain	1.0	4.68357e-09	5.4981735e-09
629	no_pain	0.9999999	8.839618e-08	1.9991692e-08
630	no_pain	1.0	2.5323299e-08	1.30041045e-08
631	no_pain	1.0	4.6932616e-08	1.8152335e-08
632	no_pain	0.99998987	1.5975607e-07	9.984078e-06
633	no_pain	0.8	0.1999999	5.31374e-08
634	no_pain	0.9999771	3.7048946e-07	2.2556762e-05
635	no_pain	0.99999857	1.2847821e-06	1.1688219e-07
636	no_pain	1.0	5.555365e-09	4.940895e-09
637	low_pain	3.1709952e-08	1.0	4.347457e-09
638	no_pain	0.9999998	1.4217419e-07	1.2847009e-08
639	low_pain	1.09898295e-08	1.0	4.236661e-09
640	no_pain	1.0	4.477387e-08	2.7600029e-08
641	high_pain	0.19983695	4.9208e-06	0.8001582
642	low_pain	1.1525626e-08	0.9999999	7.066607e-08
643	no_pain	0.999998	2.0666762e-07	1.8049147e-06
644	no_pain	1.0	1.1581593e-08	5.0791944e-09
645	no_pain	1.0	6.8689316e-09	5.2074296e-09
646	no_pain	0.99998647	2.8310487e-07	1.3246233e-05
647	low_pain	2.3129563e-09	1.0	1.4137409e-09
648	no_pain	0.9999997	2.6333612e-07	2.0850027e-08
649	high_pain	8.737549e-09	2.2478401e-09	1.0
650	no_pain	1.0	1.1053184e-08	2.1227523e-08
651	no_pain	0.99999964	1.2475066e-07	2.808148e-07
652	no_pain	1.0	3.5183976e-09	5.4573546e-09
653	no_pain	1.0	1.5010656e-08	3.0081235e-08
654	no_pain	1.0	2.6797111e-09	2.062286e-09
655	no_pain	0.9999999	4.0183092e-08	4.7964402e-08
656	no_pain	1.0	5.363701e-09	4.1469064e-09
657	high_pain	8.072766e-05	2.1709172e-06	0.99991715
658	low_pain	0.19999778	0.79998565	1.6589078e-05
659	high_pain	1.9012862e-09	2.1566826e-09	1.0
660	no_pain	1.0	4.2049102e-08	6.844073e-09
661	high_pain	1.903863e-09	1.1797139e-09	1.0
662	no_pain	1.0	1.765687e-08	4.713832e-09
663	no_pain	0.99999934	5.9625074e-07	7.529191e-08
664	no_pain	1.0	2.311127e-08	1.5566485e-08
665	no_pain	0.9999999	7.202769e-08	7.275319e-08
666	no_pain	1.0	6.8939663e-09	2.7062825e-09
667	no_pain	1.0	7.382564e-08	2.0489061e-08
668	no_pain	1.0	2.125047e-08	7.8291464e-08
669	no_pain	1.0	1.753337e-08	1.3657711e-08
670	no_pain	1.0	2.355873e-08	8.363858e-09
671	no_pain	1.0	4.483118e-08	3.0205452e-08
672	no_pain	1.0	1.9813887e-08	1.10007745e-08
673	low_pain	0.2002151	0.79978216	2.7082388e-06
674	no_pain	1.0	1.3960765e-08	4.5471875e-09
675	no_pain	0.9999997	2.7442576e-07	5.6127014e-08
676	low_pain	4.4108552e-09	0.9999999	5.8336575e-08
677	no_pain	0.9999939	6.0301118e-06	7.2385475e-08
678	high_pain	2.5855817e-09	2.0072652e-09	1.0
679	no_pain	1.0	3.3007648e-08	2.0964329e-08
680	no_pain	1.0	1.696938e-08	4.9316924e-09
681	no_pain	1.0	7.533769e-09	7.4456055e-09
682	no_pain	0.9999999	2.3305493e-08	8.49709e-08
683	no_pain	0.67360127	2.1588081e-05	0.32637715
684	no_pain	1.0	4.537315e-09	3.8827097e-09
685	no_pain	0.79989445	1.1406444e-06	0.2001044
686	high_pain	2.280713e-08	6.501568e-09	1.0
687	no_pain	0.9991854	3.3919919e-06	0.0008112032
688	no_pain	1.0	2.0257662e-08	1.7546077e-08
689	no_pain	0.9999999	9.602648e-08	2.0816397e-08
690	no_pain	0.7999519	0.2000215	2.6618736e-05
691	low_pain	6.5266704e-08	0.9999999	1.0830538e-08
692	no_pain	1.0	1.3944737e-08	1.7057397e-08
693	no_pain	1.0	7.599488e-09	6.389905e-09
694	no_pain	1.0	1.670942e-08	1.3364994e-08
695	high_pain	0.3997799	5.849919e-06	0.6002143
696	no_pain	1.0	3.4889517e-08	1.8647132e-08
697	no_pain	1.0	1.3619075e-08	2.7018004e-08
698	low_pain	1.9133386e-09	1.0	1.3483662e-09
699	no_pain	1.0	5.2398683e-08	1.5495516e-08
700	no_pain	1.0	1.1620644e-08	1.444821e-08
701	no_pain	1.0	1.0014937e-08	6.1549783e-09
702	no_pain	1.0	1.4842354e-08	5.5907453e-08
703	no_pain	1.0	6.111918e-08	1.4146089e-08
704	no_pain	1.0	1.7367018e-08	1.5845506e-08
705	no_pain	1.0	2.7297204e-08	2.4605646e-08
706	no_pain	1.0	2.7865003e-08	2.7713776e-08
707	no_pain	0.99999887	7.0582576e-07	4.3334907e-07
708	no_pain	0.59959614	0.4004034	4.468527e-07
709	no_pain	0.9999997	7.219474e-08	1.923659e-07
710	no_pain	1.0	1.0209216e-08	6.6563417e-09
711	no_pain	0.9999997	2.4775315e-07	5.385998e-08
712	no_pain	1.0	3.779296e-08	1.5836793e-08
713	no_pain	1.0	9.762389e-09	1.4253866e-08
714	low_pain	2.0298528e-07	0.9999997	2.2877234e-08
715	no_pain	1.0	3.595678e-08	1.9464725e-08
716	no_pain	1.0	4.6804356e-09	4.1354728e-08
717	low_pain	0.40041465	0.5995599	2.5418394e-05
718	low_pain	0.40002632	0.5999726	1.0983092e-06
719	no_pain	1.0	2.4529513e-08	1.5384524e-08
720	no_pain	0.9995249	5.541743e-06	0.00046962305
721	low_pain	6.2394725e-09	1.0	1.514061e-08
722	high_pain	6.8307834e-08	0.2000004	0.79999954
723	no_pain	1.0	3.1065458e-08	1.43234e-08
724	no_pain	0.99999905	2.682475e-07	7.3317204e-07
725	high_pain	1.6465252e-08	1.9358004e-09	1.0
726	no_pain	0.9999994	1.452398e-07	3.6685717e-07
727	no_pain	0.999998	1.7895036e-06	2.3187503e-07
728	no_pain	1.0	5.166969e-08	1.7026098e-08
729	no_pain	1.0	1.4077038e-08	1.8755516e-08
730	no_pain	0.9999998	9.048154e-08	1.2556313e-07
731	low_pain	1.1615366e-08	1.0	8.695006e-09
732	no_pain	0.99999964	1.8151229e-07	2.4603827e-07
733	no_pain	1.0	1.6740943e-08	4.7686872e-09
734	no_pain	0.8007162	5.5481064e-06	0.19927827
735	no_pain	0.99999887	1.0863938e-06	8.6835726e-08
736	no_pain	1.0	7.719977e-09	7.771429e-09
737	no_pain	1.0	6.705747e-09	7.0218427e-09
738	no_pain	0.9999998	1.223454e-07	7.771695e-08
739	no_pain	1.0	7.625198e-09	6.1337824e-09
740	no_pain	0.9999999	8.6548994e-08	4.486529e-08
741	no_pain	0.9999994	6.224773e-08	5.5335033e-07
742	low_pain	3.4185953e-07	0.99999964	3.4489666e-08
743	no_pain	0.99999917	4.1818645e-08	9.033694e-07
744	no_pain	1.0	3.9627785e-08	2.0973712e-08
745	no_pain	1.0	7.272093e-09	6.468148e-09
746	no_pain	0.60000664	0.39999297	4.1129243e-07
747	no_pain	1.0	8.358619e-09	7.2331288e-09
748	low_pain	2.6868722e-08	1.0	2.9697352e-08
749	low_pain	3.4296157e-09	1.0	3.3635028e-09
750	no_pain	0.9999994	2.5413925e-07	2.6131886e-07
751	no_pain	1.0	1.1429478e-08	7.914517e-09
752	no_pain	1.0	6.6773858e-09	1.1216767e-08
753	no_pain	0.99999905	1.8090483e-07	7.6511185e-07
754	high_pain	1.5540216e-07	4.002259e-09	0.9999998
755	no_pain	1.0	4.9248975e-08	1.2165065e-08
756	no_pain	0.9999965	3.425464e-06	1.1774121e-07
757	high_pain	2.295101e-09	1.2781328e-09	1.0
758	low_pain	7.84443e-09	1.0	1.5058315e-08
759	low_pain	0.39957	0.6004287	1.3818369e-06
760	no_pain	0.9999999	1.3445666e-07	1.9032345e-08
761	no_pain	0.9999999	8.219752e-09	7.400693e-08
762	no_pain	1.0	3.08193e-08	1.5290464e-08
763	no_pain	0.9999975	2.4700166e-06	8.881817e-08
764	no_pain	0.799961	0.20003834	6.3685195e-07
765	no_pain	1.0	2.488909e-08	1.297506e-08
766	no_pain	1.0	1.9662306e-08	7.3948834e-09
767	no_pain	0.7999945	2.5739274e-07	0.2000052
768	low_pain	6.040841e-08	1.0	6.8998376e-09
769	no_pain	1.0	4.7363695e-08	3.1169076e-08
770	no_pain	1.0	3.7647563e-08	2.3157497e-08
771	no_pain	0.9999975	2.3047858e-06	1.11031525e-07
772	no_pain	1.0	8.915295e-09	2.3624398e-09
773	no_pain	1.0	4.2271866e-09	5.025416e-09
774	no_pain	1.0	4.9859588e-09	3.054192e-08
775	high_pain	5.997957e-09	1.4516535e-09	1.0
776	no_pain	0.9999998	1.804706e-07	3.812121e-08
777	no_pain	0.99999964	8.2972846e-08	2.809183e-07
778	no_pain	1.0	1.823378e-08	4.951603e-09
779	low_pain	1.4882661e-08	1.0	2.4953456e-08
780	no_pain	1.0	5.9347116e-08	3.1572036e-08
781	no_pain	0.9999999	5.405472e-08	5.198437e-08
782	no_pain	0.99999845	1.0761998e-07	1.3726674e-06
783	no_pain	1.0	2.0468094e-09	1.99864e-09
784	no_pain	1.0	1.6275317e-08	3.70129e-08
785	no_pain	1.0	1.7292638e-08	4.6735273e-09
786	low_pain	5.0606195e-06	0.59941244	0.4005825
787	no_pain	0.9999999	6.931943e-08	5.782548e-08
788	low_pain	0.00012103806	0.9998776	1.4345142e-06
789	no_pain	1.0	7.289078e-09	1.1038812e-08
790	no_pain	1.0	3.4975493e-08	1.4936285e-08
791	low_pain	6.0683206e-08	1.0	7.137204e-09
792	no_pain	1.0	5.6771414e-09	5.541099e-09
793	no_pain	1.0	6.625291e-09	5.879198e-09
794	no_pain	1.0	4.910184e-09	4.629349e-09
795	no_pain	0.99148476	0.00097006076	0.0075451904
796	low_pain	3.2250125e-09	1.0	3.0449734e-09
797	no_pain	0.9999998	5.7687657e-08	6.673331e-08
798	no_pain	1.0	3.6475882e-08	1.7927942e-08
799	no_pain	1.0	7.35056e-09	6.041045e-09
800	no_pain	0.9999999	9.0928026e-08	1.9645915e-08
801	no_pain	1.0	4.2382773e-08	1.593141e-08
802	no_pain	1.0	1.6538173e-08	4.4067954e-09
803	no_pain	0.9999999	5.6091928e-08	6.27475e-08
804	no_pain	0.99999934	4.4012744e-08	6.4671235e-07
805	no_pain	1.0	1.1128648e-08	2.2718853e-08
806	no_pain	0.9999998	1.0105329e-07	1.0820281e-07
807	no_pain	0.99999905	1.5109786e-07	8.363337e-07
808	no_pain	1.0	8.608703e-09	6.945932e-09
809	no_pain	0.9999999	1.1046569e-07	1.2261195e-08
810	low_pain	5.305078e-08	1.0	2.824549e-08
811	high_pain	6.4203235e-08	3.103195e-08	0.9999999
812	no_pain	1.0	1.3216118e-08	1.3584942e-08
813	no_pain	1.0	1.1879822e-08	1.1141092e-08
814	low_pain	8.3752285e-09	1.0	4.4239736e-09
815	no_pain	1.0	4.637335e-09	3.328322e-09
816	no_pain	1.0	8.059763e-09	2.797999e-09
817	no_pain	0.9999998	1.5492421e-07	3.9932605e-08
818	no_pain	1.0	4.5327226e-08	3.7267917e-08
819	no_pain	1.0	3.2060368e-09	2.2217521e-09
820	no_pain	1.0	2.0184327e-08	1.9013935e-08
821	no_pain	0.9999998	8.71192e-09	1.2174664e-07
822	no_pain	1.0	5.1811297e-09	9.3267385e-09
823	no_pain	1.0	3.8138406e-08	1.6645014e-08
824	no_pain	1.0	3.879837e-08	1.493658e-08
825	high_pain	0.19980022	2.3751869e-05	0.800176
826	no_pain	0.9999999	9.7614155e-08	2.1930811e-08
827	no_pain	0.9999998	2.8039631e-08	1.10792826e-07
828	no_pain	0.9999999	9.812118e-08	2.2063006e-08
829	low_pain	3.3214882e-09	1.0	3.3060932e-09
830	no_pain	0.9999998	1.6478437e-07	2.8209556e-08
831	high_pain	0.19999897	5.4229947e-08	0.80000097
832	no_pain	0.9999994	1.14452675e-07	3.9369743e-07
833	no_pain	0.9999998	1.4783843e-07	9.360031e-09
834	no_pain	1.0	6.2638e-09	4.24126e-08
835	no_pain	1.0	6.9259185e-09	5.393294e-09
836	high_pain	0.36158648	6.9501525e-06	0.6384066
837	no_pain	0.9999998	3.0376036e-08	1.579468e-07
838	no_pain	1.0	1.3964648e-09	1.6594395e-09
839	no_pain	0.9999999	6.598582e-08	4.882707e-08
840	no_pain	0.7999164	1.0726139e-06	0.20008254
841	no_pain	0.9999992	1.2183548e-07	5.920117e-07
842	no_pain	0.99973476	3.3094002e-06	0.0002618449
843	high_pain	1.13604735e-07	1.1075415e-08	0.9999999
844	no_pain	1.0	3.5024765e-08	2.98766e-08
845	no_pain	0.9999998	9.185011e-08	3.978966e-08
846	no_pain	0.9999999	6.183282e-08	2.2002453e-08
847	no_pain	1.0	1.5958125e-08	4.475408e-09
848	no_pain	1.0	8.495766e-09	6.904261e-09
849	no_pain	0.9999998	6.326823e-08	1.2802593e-07
850	no_pain	1.0	6.200828e-08	2.836021e-08
851	no_pain	0.9999999	7.878731e-08	1.8154203e-08
852	high_pain	3.5352585e-09	1.7043496e-09	1.0
853	no_pain	1.0	1.1648234e-08	2.588638e-08
854	no_pain	0.9999998	6.5901574e-08	1.4020735e-07
855	no_pain	1.0	3.4997918e-09	4.1061865e-09
856	no_pain	1.0	1.7467134e-08	9.138832e-09
857	low_pain	5.66018e-08	1.0	9.796187e-09
858	low_pain	9.616591e-08	0.9999999	2.4680542e-08
859	no_pain	0.99999905	5.5872555e-08	8.882727e-07
860	no_pain	0.99999905	9.1948993e-07	4.5078874e-08
861	no_pain	0.6007415	1.29398395e-05	0.3992456
862	no_pain	0.60376966	0.39622712	3.239714e-06
863	no_pain	1.0	1.6497925e-08	9.808741e-09
864	no_pain	0.9999994	2.3132392e-08	5.281269e-07
865	no_pain	0.9999903	3.264653e-07	9.365338e-06
866	no_pain	0.5999872	2.1392393e-07	0.40001255
867	no_pain	0.99999887	1.4796458e-07	9.745278e-07
868	high_pain	3.6273992e-08	2.22733e-09	1.0
869	low_pain	5.1556174e-08	1.0	6.0468386e-09
870	low_pain	6.8779604e-09	1.0	6.925e-09
871	no_pain	0.99997485	3.8118532e-07	2.4764711e-05
872	no_pain	1.0	2.1612275e-08	1.0881166e-08
873	no_pain	1.0	3.8377435e-09	8.9767145e-09
874	low_pain	2.8940107e-08	1.0	3.67111e-08
875	no_pain	0.9999998	4.0071e-08	1.4882873e-07
876	no_pain	0.9999999	4.5030248e-08	4.340118e-08
877	no_pain	1.0	6.2999085e-08	3.5140783e-08
878	no_pain	1.0	2.261566e-08	1.3674059e-08
879	low_pain	1.2849179e-05	0.75995386	0.24003324
880	no_pain	0.9999782	3.9089764e-07	2.1445392e-05
881	no_pain	1.0	4.4570644e-08	2.460576e-08
882	no_pain	1.0	7.2383415e-09	6.432812e-09
883	no_pain	1.0	1.4291302e-08	4.101896e-09
884	low_pain	1.7738824e-08	1.0	6.796082e-09
885	low_pain	1.073831e-08	0.9999999	6.539922e-08
886	no_pain	0.9999984	1.6014139e-06	6.532876e-08
887	no_pain	0.9999997	1.343021e-07	1.207821e-07
888	high_pain	8.9071674e-09	1.912791e-09	1.0
889	no_pain	0.9999994	3.9300875e-07	1.850337e-07
890	no_pain	1.0	4.313733e-08	3.646419e-08
891	low_pain	7.1900956e-09	1.0	2.9456375e-09
892	no_pain	0.9999997	1.3012848e-07	1.8468981e-07
893	no_pain	0.9999121	8.779645e-05	1.5716812e-07
894	low_pain	6.7211354e-06	0.99999315	2.1295948e-07
895	no_pain	0.9999992	7.0331464e-07	3.4417052e-08
896	no_pain	1.0	1.0583822e-08	6.0339658e-09
897	no_pain	0.74609804	4.7207624e-05	0.25385475
898	no_pain	1.0	5.212322e-09	4.2754826e-09
899	no_pain	0.9999998	6.285336e-08	1.6171072e-07
900	no_pain	1.0	4.1974534e-08	4.525075e-08
901	no_pain	1.0	5.1639537e-09	7.58038e-09
902	low_pain	1.0133044e-06	0.99999887	8.3257326e-08
903	no_pain	1.0	3.2455365e-08	2.6553241e-08
904	no_pain	1.0	4.7730822e-08	2.4391408e-08
905	no_pain	1.0	1.1916998e-08	4.071996e-09
906	no_pain	0.9999999	3.2254086e-08	7.546392e-08
907	no_pain	1.0	4.9371804e-09	3.2806924e-09
908	no_pain	1.0	5.0612536e-09	3.589783e-08
909	no_pain	0.9999978	8.4872276e-08	2.0516957e-06
910	no_pain	0.99999917	1.313521e-07	7.626611e-07
911	no_pain	1.0	6.8338126e-09	6.107139e-09
912	no_pain	0.9999999	6.729647e-08	2.8735665e-08
913	no_pain	0.99999934	1.3444398e-07	5.561812e-07
914	no_pain	1.0	3.4530515e-08	1.4488921e-08
915	no_pain	1.0	6.7250427e-09	7.533478e-09
916	no_pain	0.9999998	1.7269187e-07	5.3201965e-08
917	no_pain	1.0	7.683053e-09	1.2274893e-08
918	no_pain	1.0	8.808561e-09	7.734336e-09
919	no_pain	0.9998497	3.0131016e-06	0.00014733154
920	no_pain	1.0	8.9238466e-09	6.468351e-09
921	no_pain	1.0	3.1111988e-08	9.684952e-09
922	no_pain	0.9999979	4.9676864e-08	2.0282064e-06
923	high_pain	1.8093394e-07	1.595404e-08	0.9999998
924	no_pain	0.9999999	6.6552744e-08	6.848894e-08
925	no_pain	0.9999999	6.4910026e-08	1.6453676e-08
926	no_pain	0.99999964	9.280874e-08	3.0613583e-07
927	no_pain	0.9999922	3.2742315e-07	7.4501504e-06
928	no_pain	1.0	1.5765014e-08	8.292686e-09
929	low_pain	6.1793295e-09	1.0	5.6208225e-09
930	low_pain	5.5334817e-09	1.0	1.184155e-08
931	no_pain	1.0	2.5673051e-08	9.198522e-09
932	no_pain	0.99999964	1.5148439e-08	3.7025922e-07
933	no_pain	1.0	7.535139e-09	6.4594863e-09
934	no_pain	0.9999998	1.2104594e-07	4.9991417e-08
935	high_pain	0.19999868	1.6138442e-07	0.80000114
936	no_pain	1.0	5.1033586e-09	3.8716966e-08
937	low_pain	7.4916166e-08	0.9999999	3.2556144e-08
938	no_pain	1.0	2.054573e-08	8.416146e-09
939	no_pain	1.0	1.1925472e-08	6.755774e-09
940	no_pain	0.9999998	9.749455e-08	8.773689e-08
941	no_pain	1.0	7.873696e-09	6.6339516e-09
942	no_pain	0.9999999	1.2105707e-07	3.1703664e-08
943	no_pain	0.99999875	6.013239e-07	6.3072537e-07
944	no_pain	1.0	8.070829e-09	9.368227e-09
945	no_pain	1.0	1.30925475e-08	1.66817e-08
946	high_pain	2.8795523e-07	1.4145075e-08	0.9999997
947	low_pain	6.853231e-07	0.9999992	4.0572797e-08
948	no_pain	0.99999917	2.6552894e-07	6.404649e-07
949	high_pain	0.4054305	1.8660117e-05	0.59455085
950	no_pain	1.0	8.624189e-09	1.1166154e-08
951	no_pain	0.9999997	1.44945815e-08	2.9011056e-07
952	no_pain	0.9999999	8.4286214e-08	2.6294225e-08
953	no_pain	1.0	1.4592478e-08	8.597384e-09
954	no_pain	0.9999992	8.072119e-08	6.3418554e-07
955	no_pain	1.0	2.2668008e-08	8.122045e-09
956	no_pain	0.9999999	5.731174e-08	5.6526204e-08
957	no_pain	0.60000193	0.39999682	1.209091e-06
958	no_pain	0.99999446	3.7067582e-07	5.135425e-06
959	no_pain	1.0	4.9727213e-09	4.872543e-08
960	no_pain	0.5408449	3.4416265e-05	0.4591207
961	no_pain	0.9999998	9.945772e-09	1.4427691e-07
962	no_pain	1.0	2.2070447e-08	5.794194e-09
963	no_pain	0.99997556	5.32014e-07	2.3873914e-05
964	no_pain	0.9999997	8.4995484e-08	1.5482078e-07
965	no_pain	1.0	2.741777e-08	2.0023386e-08
966	no_pain	1.0	3.930459e-08	1.9990273e-08
967	no_pain	1.0	4.0585537e-08	2.4119254e-08
968	no_pain	0.9999999	7.9116894e-08	1.8826677e-08
969	high_pain	3.6030166e-09	1.7760999e-09	1.0
970	no_pain	0.9999999	6.502536e-08	2.4485777e-08
971	no_pain	1.0	1.1373986e-08	2.368905e-08
972	no_pain	1.0	1.5694948e-08	8.066742e-09
973	no_pain	1.0	6.054588e-09	2.2294586e-09
974	no_pain	0.9999997	1.0302252e-07	1.7964608e-07
975	no_pain	1.0	5.6652762e-09	2.19789e-09
976	no_pain	0.9999925	2.0616628e-06	5.484493e-06
977	no_pain	1.0	9.48272e-09	1.17891945e-08
978	high_pain	0.20000026	1.6064159e-07	0.7999996
979	no_pain	1.0	4.278688e-09	5.354566e-09
980	no_pain	1.0	2.8097848e-08	1.3641978e-08
981	no_pain	0.9999999	8.4827285e-08	1.794257e-08
982	no_pain	0.99999964	1.2928669e-07	2.4531226e-07
983	low_pain	5.8853697e-08	1.0	6.487685e-09
984	no_pain	1.0	6.9029094e-09	1.8259861e-08
985	no_pain	0.9999997	1.5272096e-08	3.3648274e-07
986	low_pain	5.724563e-09	1.0	7.139394e-09
987	no_pain	1.0	3.0810558e-08	6.787373e-08
988	no_pain	0.9999999	1.132171e-07	1.8204933e-08
989	no_pain	1.0	6.0454866e-08	2.7751463e-08
990	high_pain	0.20000085	3.5586768e-06	0.79999554
991	low_pain	3.6092014e-09	1.0	6.54173e-09
992	no_pain	0.99999964	1.9310183e-07	1.8403456e-07
993	no_pain	0.99984854	1.3344447e-06	0.00015002573
994	no_pain	1.0	2.0049047e-08	6.6523866e-09
995	high_pain	5.008772e-06	0.030626874	0.9693681
996	no_pain	1.0	3.5343692e-08	8.203636e-09
997	low_pain	7.3746405e-09	1.0	2.8037258e-08
998	no_pain	1.0	4.354369e-08	4.1671044e-08
999	no_pain	1.0	1.1141738e-08	1.6735992e-08
1000	no_pain	0.99999964	1.17971446e-07	2.465729e-07
1001	no_pain	0.9999999	6.430231e-08	1.587581e-08
1002	no_pain	0.9999998	1.2660034e-07	3.692014e-08
1003	no_pain	0.9999998	5.622357e-08	8.714177e-08
1004	no_pain	1.0	3.134174e-08	2.2211463e-08
1005	no_pain	0.9999998	1.3888959e-07	6.375989e-08
1006	high_pain	0.19999984	3.6840323e-08	0.8000002
1007	no_pain	1.0	6.5192536e-09	8.287403e-09
1008	no_pain	1.0	2.1014282e-08	5.621295e-09
1009	no_pain	0.99999934	1.3203115e-07	5.5973777e-07
1010	no_pain	0.99999964	5.3207305e-08	4.051345e-07
1011	no_pain	0.599879	1.034243e-06	0.40011993
1012	high_pain	5.403829e-08	4.3556767e-09	1.0
1013	no_pain	1.0	1.619406e-08	8.484081e-09
1014	no_pain	1.0	2.1009123e-08	1.6815768e-08
1015	no_pain	1.0	4.4993462e-09	8.223788e-09
1016	no_pain	0.9999898	2.2183463e-07	9.944322e-06
1017	no_pain	1.0	8.885192e-09	6.589719e-09
1018	no_pain	1.0	3.8336808e-08	2.3403832e-08
1019	no_pain	0.9999999	5.3994484e-08	7.720966e-08
1020	no_pain	1.0	5.892688e-09	1.650216e-08
1021	no_pain	0.9999999	4.7974492e-08	5.732778e-08
1022	no_pain	1.0	7.855161e-09	6.8096155e-09
1023	no_pain	0.9999999	2.9904008e-08	5.959047e-08
1024	low_pain	1.6751407e-06	0.7999995	0.19999889
1025	no_pain	1.0	4.2609727e-08	1.9898435e-08
1026	no_pain	0.59999955	2.0715103e-08	0.40000048
1027	no_pain	1.0	4.082455e-08	2.765665e-08
1028	no_pain	1.0	5.664013e-09	6.1925283e-09
1029	no_pain	1.0	6.9803634e-09	5.997369e-09
1030	low_pain	1.5045018e-08	1.0	3.5279917e-09
1031	no_pain	0.59999955	6.58565e-08	0.40000042
1032	no_pain	0.9999992	1.6116888e-07	5.9366823e-07
1033	low_pain	4.5062265e-09	0.9999999	5.817544e-08
1034	no_pain	0.9998295	1.0608056e-06	0.00016944374
1035	no_pain	1.0	3.1226804e-08	1.5111866e-08
1036	no_pain	1.0	1.5049617e-08	8.211485e-09
1037	no_pain	1.0	9.20065e-09	1.631275e-08
1038	low_pain	5.6994978e-09	1.0	6.1443353e-09
1039	no_pain	1.0	6.3829857e-09	8.2954035e-09
1040	no_pain	0.99998075	5.921538e-07	1.860865e-05
1041	no_pain	0.9999998	1.7774661e-07	2.5422782e-08
1042	no_pain	1.0	3.7327155e-09	3.3265874e-09
1043	no_pain	0.9999999	1.0884205e-07	2.5362075e-08
1044	no_pain	1.0	1.9771196e-08	6.5986656e-09
1045	no_pain	1.0	1.4996132e-08	2.9632579e-08
1046	no_pain	0.9999999	3.6901856e-08	7.0481704e-08
1047	no_pain	0.99999964	1.5532049e-08	3.1647582e-07
1048	no_pain	0.9999998	8.113403e-08	6.5575044e-08
1049	no_pain	1.0	7.681093e-09	4.9703326e-09
1050	no_pain	1.0	2.1442611e-08	3.597303e-08
1051	no_pain	1.0	2.1445057e-08	1.855042e-08
1052	no_pain	1.0	3.2248398e-08	3.84565e-08
1053	no_pain	1.0	2.9238398e-08	1.5214777e-08
1054	no_pain	0.9999999	8.170009e-08	1.8810631e-08
1055	no_pain	0.9999998	5.773101e-08	1.9275794e-07
1056	no_pain	0.99999964	1.5431244e-08	3.3790928e-07
1057	low_pain	8.205158e-09	1.0	3.315727e-09
1058	no_pain	1.0	6.9810637e-09	2.240372e-09
1059	no_pain	0.79993284	1.3703966e-06	0.20006585
1060	no_pain	1.0	2.1228446e-09	1.9420532e-09
1061	low_pain	1.6460292e-05	0.9975271	0.0024564709
1062	no_pain	0.999997	1.6432678e-06	1.2657314e-06
1063	no_pain	0.9999998	1.9647464e-08	1.1085841e-07
1064	no_pain	0.9999998	9.608973e-08	6.746235e-08
1065	high_pain	4.5329853e-07	0.39999938	0.6000002
1066	no_pain	1.0	4.593214e-09	9.562105e-09
1067	no_pain	1.0	3.86655e-08	2.7567813e-08
1068	high_pain	6.9843327e-06	0.20058	0.799413
1069	no_pain	1.0	3.990609e-08	4.603049e-08
1070	no_pain	1.0	9.589226e-09	5.555962e-09
1071	low_pain	0.40000778	0.5999917	6.14374e-07
1072	no_pain	1.0	7.53671e-09	2.4790086e-09
1073	low_pain	0.36619	0.63380384	6.2046033e-06
1074	no_pain	1.0	5.4037173e-08	1.40111664e-08
1075	low_pain	3.2492267e-08	1.0	7.3941258e-09
1076	no_pain	1.0	4.1205888e-09	3.6721801e-09
1077	high_pain	1.0532207e-08	1.6737728e-09	1.0
1078	high_pain	1.09163636e-07	4.2495806e-08	0.9999998
1079	no_pain	1.0	2.916064e-08	4.765253e-08
1080	no_pain	1.0	8.151103e-09	6.2500627e-09
1081	no_pain	0.99998415	3.95075e-07	1.5463276e-05
1082	no_pain	0.9932009	1.2334733e-05	0.006786798
1083	no_pain	1.0	7.964715e-09	6.516055e-09
1084	no_pain	1.0	2.084973e-08	9.923527e-09
1085	no_pain	0.99999917	2.2846958e-08	8.7868267e-07
1086	no_pain	1.0	7.777384e-09	6.71501e-09
1087	low_pain	1.7246233e-08	1.0	3.6038945e-09
1088	no_pain	1.0	6.352258e-08	3.6324007e-08
1089	low_pain	1.3612824e-07	0.9999998	3.1390233e-08
1090	no_pain	1.0	1.7436015e-08	8.871375e-09
1091	high_pain	0.2847862	2.851304e-05	0.7151853
1092	no_pain	1.0	3.651273e-08	2.4131662e-08
1093	no_pain	1.0	7.382557e-09	6.3242935e-09
1094	no_pain	1.0	5.0052473e-09	4.1421586e-09
1095	no_pain	1.0	5.3799196e-09	5.0758238e-09
1096	no_pain	0.99999934	3.3354758e-07	3.4632473e-07
1097	no_pain	1.0	6.0263785e-09	6.722457e-09
1098	low_pain	2.9425513e-09	1.0	1.388022e-08
1099	no_pain	1.0	1.0242593e-08	1.1258713e-08
1100	no_pain	0.9999975	2.3916296e-06	8.024012e-08
1101	no_pain	1.0	1.6999879e-08	1.2978885e-08
1102	no_pain	1.0	4.2129283e-08	1.6297886e-08
1103	high_pain	0.40495563	1.9397241e-05	0.595025
1104	no_pain	1.0	2.1796591e-08	2.3986857e-08
1105	high_pain	0.40002728	1.1107568e-06	0.5999716
1106	high_pain	4.1465773e-09	1.4588533e-09	1.0
1107	no_pain	1.0	8.187856e-09	1.6112875e-08
1108	no_pain	0.99999964	1.4859455e-07	1.885445e-07
1109	high_pain	3.091206e-09	1.514082e-09	1.0
1110	no_pain	1.0	1.4837548e-08	1.7126768e-08
1111	no_pain	0.99999416	1.9037552e-07	5.630063e-06
1112	no_pain	1.0	2.1227846e-08	1.1613878e-08
1113	no_pain	1.0	2.2636813e-08	9.127083e-09
1114	no_pain	1.0	2.1157351e-08	7.936572e-09
1115	low_pain	7.6412e-06	0.8094999	0.19049236
1116	no_pain	0.9999999	9.1276945e-08	2.4154776e-08
1117	no_pain	1.0	4.45864e-08	2.5438812e-08
1118	low_pain	1.367027e-06	0.99999857	9.860522e-08
1119	no_pain	1.0	8.343804e-09	6.482203e-09
1120	high_pain	9.773292e-09	1.6119353e-09	1.0
1121	no_pain	0.9999981	3.985392e-07	1.4901451e-06
1122	high_pain	6.0088907e-09	1.2817263e-09	1.0
1123	no_pain	1.0	6.6336625e-08	2.061265e-08
1124	no_pain	1.0	2.8072993e-08	9.941944e-09
1125	no_pain	1.0	7.74562e-08	2.2111312e-08
1126	no_pain	1.0	4.0066443e-08	1.3764317e-08
1127	low_pain	3.102405e-09	1.0	1.5120092e-08
1128	no_pain	1.0	4.6921826e-08	1.4410636e-08
1129	no_pain	0.9999984	1.6116477e-06	4.0431733e-08
1130	no_pain	0.9999999	9.632445e-08	2.4696146e-08
1131	no_pain	0.9999997	4.704902e-08	2.1262342e-07
1132	no_pain	1.0	8.94438e-09	2.6108959e-08
1133	no_pain	1.0	3.2049798e-09	2.0079745e-09
1134	low_pain	4.008737e-06	0.60494477	0.39505124
1135	no_pain	0.79843616	2.2319223e-06	0.20156166
1136	no_pain	1.0	1.8128242e-08	9.675128e-09
1137	no_pain	1.0	1.161531e-08	4.1377675e-08
1138	no_pain	1.0	5.3702752e-08	1.19311965e-08
1139	no_pain	0.99999917	2.08538e-07	6.823535e-07
1140	high_pain	3.5539784e-09	1.6847999e-09	1.0
1141	no_pain	0.9999999	2.2938963e-08	6.26594e-08
1142	no_pain	0.99999964	1.7813566e-07	1.4428166e-07
1143	no_pain	1.0	5.5305094e-09	3.0734821e-09
1144	no_pain	1.0	4.524983e-09	3.537904e-08
1145	no_pain	1.0	4.7557895e-09	2.9287937e-08
1146	low_pain	0.19802473	0.60885036	0.19312494
1147	no_pain	1.0	5.5338623e-09	3.8174592e-09
1148	no_pain	1.0	8.359235e-09	1.7375523e-08
1149	no_pain	1.0	9.827757e-09	1.082923e-08
1150	no_pain	0.99999505	4.7690414e-06	2.8844542e-07
1151	low_pain	2.4797232e-06	0.79979837	0.20019913
1152	no_pain	0.7526694	0.24730663	2.3960996e-05
1153	no_pain	1.0	2.1449045e-08	1.1502105e-08
1154	no_pain	0.9999999	8.882116e-08	1.4317824e-08
1155	no_pain	0.9999921	6.7014407e-06	1.2165361e-06
1156	high_pain	0.39841914	9.3852907e-07	0.6015799
1157	no_pain	1.0	2.5418828e-08	8.817098e-09
1158	no_pain	1.0	6.887967e-09	5.3322253e-09
1159	low_pain	5.5347846e-09	1.0	2.2583995e-09
1160	no_pain	0.9999979	1.7763732e-07	1.9457189e-06
1161	no_pain	1.0	2.3933287e-08	2.1514774e-08
1162	no_pain	0.9999998	7.3778644e-08	9.7091515e-08
1163	no_pain	0.9999999	7.6229114e-08	1.9768752e-08
1164	low_pain	1.46297365e-08	1.0	3.6871306e-09
1165	no_pain	0.9999998	1.2241706e-07	6.7937656e-08
1166	low_pain	4.060483e-08	0.9999998	1.54802e-07
1167	no_pain	0.9999998	1.686349e-07	2.1758115e-08
1168	low_pain	6.5351116e-09	1.0	2.3920683e-09
1169	no_pain	1.0	4.74031e-09	2.5439803e-08
1170	no_pain	1.0	1.6982606e-08	8.891284e-09
1171	no_pain	0.9999999	1.7721316e-08	9.3922424e-08
1172	no_pain	0.9999998	1.7362677e-07	2.3962333e-08
1173	no_pain	0.9954953	7.196788e-06	0.0044974517
1174	low_pain	3.076177e-06	0.9999968	1.3128593e-07
1175	no_pain	1.0	1.5071107e-08	8.428538e-09
1176	no_pain	1.0	3.668624e-08	1.850743e-08
1177	no_pain	1.0	3.130672e-08	3.422637e-08
1178	no_pain	1.0	1.17413945e-08	4.7891525e-08
1179	low_pain	6.247768e-07	0.99999934	4.8435687e-08
1180	no_pain	0.9999997	2.4864752e-07	4.7062585e-08
1181	no_pain	1.0	7.2141284e-09	5.8494787e-09
1182	no_pain	0.62949204	1.7220067e-05	0.37049076
1183	no_pain	1.0	2.063244e-08	3.5872322e-08
1184	no_pain	0.99999964	1.1301397e-07	2.327985e-07
1185	low_pain	2.2229801e-06	0.9999976	1.6906107e-07
1186	high_pain	0.19999838	1.1704858e-07	0.8000015
1187	no_pain	1.0	1.3569613e-08	1.2570036e-08
1188	no_pain	1.0	3.5153196e-08	1.5184023e-08
1189	no_pain	0.9999997	2.639261e-07	6.2141225e-08
1190	low_pain	6.409715e-06	0.99999344	1.8097931e-07
1191	no_pain	1.0	1.314405e-08	1.3105307e-08
1192	no_pain	1.0	7.805045e-09	2.6447779e-08
1193	no_pain	0.797689	3.8471953e-06	0.20230715
1194	low_pain	7.996986e-06	0.9999917	2.7108078e-07
1195	no_pain	1.0	6.168748e-09	8.26818e-09
1196	no_pain	0.9999998	2.0761414e-07	3.2031373e-08
1197	high_pain	1.17579955e-08	1.3227267e-09	1.0
1198	high_pain	0.19999114	3.1890107e-07	0.8000086
1199	no_pain	1.0	9.275604e-09	6.3991292e-09
1200	no_pain	0.9999968	3.2074258e-06	8.512343e-08
1201	no_pain	1.0	2.8369524e-08	1.8677644e-08
1202	no_pain	0.8000063	1.49921e-06	0.1999922
1203	no_pain	1.0	1.1158129e-08	1.27483215e-08
1204	no_pain	0.9999999	7.570693e-08	2.4968227e-08
1205	no_pain	1.0	1.3880526e-08	2.5362493e-08
1206	no_pain	1.0	3.2742424e-08	1.6300456e-08
1207	no_pain	1.0	1.4360852e-08	6.337314e-09
1208	no_pain	1.0	1.5026732e-08	8.2133464e-09
1209	low_pain	7.0362858e-09	1.0	2.6255302e-09
1210	low_pain	8.848157e-07	0.9999989	1.5479512e-07
1211	low_pain	1.3325357e-08	1.0	1.4980547e-08
1212	no_pain	1.0	6.2747745e-09	4.7781818e-08
1213	no_pain	1.0	6.443814e-09	5.2422573e-09
1214	no_pain	1.0	5.755227e-09	8.339191e-09
1215	no_pain	0.9999997	1.1182507e-07	1.4810433e-07
1216	no_pain	1.0	2.3728909e-08	8.784813e-09
1217	no_pain	1.0	5.829964e-09	2.3046738e-09
1218	no_pain	0.9999797	3.6773673e-07	1.9943798e-05
1219	no_pain	1.0	1.4139682e-08	1.7332244e-08
1220	no_pain	0.9999992	1.247572e-07	5.975241e-07
1221	no_pain	1.0	7.917587e-09	5.0364606e-09
1222	no_pain	0.9999994	1.6795794e-07	3.9577762e-07
1223	low_pain	1.1338052e-08	1.0	1.2164037e-08
1224	no_pain	1.0	2.027185e-08	4.722623e-08
1225	no_pain	0.9999997	1.08133804e-07	1.1412775e-07
1226	low_pain	1.8375777e-08	1.0	9.174778e-09
1227	no_pain	1.0	2.9609271e-08	9.743199e-09
1228	no_pain	0.9999995	4.5499823e-07	5.095145e-08
1229	no_pain	1.0	1.1447974e-08	8.232424e-09
1230	no_pain	1.0	9.526716e-09	3.185755e-09
1231	high_pain	3.8766004e-09	2.0178605e-09	1.0
1232	no_pain	0.9999958	1.7238617e-07	4.0712885e-06
1233	no_pain	1.0	6.808834e-09	6.1875425e-09
1234	high_pain	5.4948394e-08	2.0740886e-06	0.9999979
1235	low_pain	4.7818077e-08	0.99999887	1.0584024e-06
1236	high_pain	3.2148552e-08	4.6076885e-09	1.0
1237	high_pain	0.3999507	2.3619593e-06	0.60004693
1238	high_pain	2.4176363e-09	1.3142231e-09	1.0
1239	no_pain	1.0	5.895815e-09	9.994527e-09
1240	no_pain	1.0	6.0000773e-09	4.7554916e-08
1241	no_pain	0.9999997	7.3910954e-08	1.625686e-07
1242	no_pain	1.0	2.984618e-08	1.2943799e-08
1243	no_pain	1.0	1.594261e-08	1.7772013e-08
1244	low_pain	3.1118226e-08	1.0	9.0487005e-09
1245	no_pain	0.9999997	1.10313366e-07	1.6405873e-07
1246	low_pain	1.6077944e-08	1.0	1.6166101e-08
1247	low_pain	4.919171e-08	1.0	2.0047494e-08
1248	no_pain	0.999982	5.448929e-07	1.744061e-05
1249	no_pain	0.9999736	7.0760564e-07	2.5718622e-05
1250	no_pain	1.0	3.5554315e-08	1.4030374e-08
1251	no_pain	1.0	7.487418e-09	6.1682974e-09
1252	high_pain	2.4362084e-08	6.79191e-09	1.0
1253	no_pain	1.0	1.4008667e-08	8.384863e-09
1254	low_pain	2.4649077e-08	1.0	4.675603e-09
1255	no_pain	0.9999941	4.815116e-07	5.3737554e-06
1256	no_pain	0.9999998	1.6540342e-07	2.6467806e-08
1257	no_pain	1.0	1.3872503e-08	2.4355762e-08
1258	no_pain	1.0	3.3976512e-08	3.1733087e-08
1259	no_pain	0.99999917	1.575817e-07	7.353532e-07
1260	low_pain	1.432787e-08	1.0	1.8050015e-08
1261	no_pain	1.0	4.282299e-09	2.862864e-09
1262	no_pain	1.0	5.8191474e-09	5.3520218e-08
1263	no_pain	1.0	7.702146e-09	1.3882686e-08
1264	no_pain	0.9999998	6.843932e-08	1.1106787e-07
1265	no_pain	1.0	6.9597945e-09	5.708075e-09
1266	high_pain	2.5671073e-07	7.855463e-09	0.9999997
1267	no_pain	0.9999998	6.858892e-08	8.6015085e-08
1268	low_pain	5.0930044e-08	1.0	5.54992e-09
1269	no_pain	1.0	1.8202938e-08	1.4581987e-08
1270	no_pain	1.0	1.5533512e-08	7.1958297e-09
1271	no_pain	1.0	2.2203826e-08	1.1180667e-08
1272	no_pain	0.99999964	1.9061866e-07	2.1457329e-07
1273	no_pain	1.0	3.456251e-08	1.5702222e-08
1274	no_pain	1.0	1.742433e-08	4.668003e-09
1275	no_pain	0.99999887	1.1416212e-06	4.4258165e-08
1276	no_pain	0.9999992	7.2459966e-07	1.2754088e-08
1277	no_pain	0.9999998	1.2274505e-07	4.248388e-08
1278	no_pain	1.0	2.1330525e-08	1.8115436e-08
1279	no_pain	1.0	8.980978e-09	6.576549e-09
1280	no_pain	1.0	1.48103165e-08	3.0423355e-08
1281	no_pain	1.0	9.450271e-09	7.3723543e-09
1282	high_pain	7.967744e-09	1.9416533e-09	1.0
1283	no_pain	0.9999997	1.4457541e-08	2.830686e-07
1284	no_pain	0.9999999	8.438279e-09	1.2440678e-07
1285	no_pain	0.99999905	1.92138e-07	7.823636e-07
1286	no_pain	1.0	3.729927e-08	2.518642e-08
1287	no_pain	1.0	8.868335e-09	8.569333e-09
1288	high_pain	3.3184375e-09	1.7164214e-09	1.0
1289	no_pain	1.0	2.0606995e-08	5.4523945e-09
1290	no_pain	1.0	2.9608387e-08	1.1627064e-08
1291	no_pain	0.9999878	2.5893766e-07	1.1956009e-05
1292	no_pain	0.9999999	8.8508024e-08	3.2578807e-08
1293	high_pain	6.580837e-07	5.3940535e-06	0.9999939
1294	no_pain	1.0	4.263778e-09	3.1430687e-09
1295	low_pain	0.19084476	0.6002914	0.20886385
1296	no_pain	0.9999999	9.893383e-08	1.6108675e-08
1297	no_pain	0.9999998	2.3036621e-08	1.4141406e-07
1298	no_pain	0.9999999	6.2318406e-08	1.551905e-08
1299	no_pain	1.0	2.4544775e-08	1.8241575e-08
1300	low_pain	7.727126e-09	1.0	1.7587093e-08
1301	no_pain	1.0	2.6069026e-08	2.4105884e-08
1302	no_pain	0.9999956	5.696653e-07	3.7880804e-06
1303	no_pain	1.0	1.19715455e-08	2.9235916e-09
1304	no_pain	1.0	4.136708e-09	3.200562e-08
1305	no_pain	1.0	4.7746482e-08	2.1576938e-08
1306	no_pain	1.0	2.0029776e-09	1.9074453e-09
1307	no_pain	0.9999994	1.3124573e-07	4.268186e-07
1308	no_pain	0.9999999	2.6679384e-08	5.36906e-08
1309	low_pain	9.104314e-09	1.0	3.8037387e-09
1310	no_pain	1.0	1.0474507e-08	4.9613242e-09
1311	high_pain	1.026356e-08	3.5457581e-09	1.0
1312	no_pain	0.9999938	5.5857136e-06	6.6206775e-07
1313	no_pain	1.0	2.7306294e-08	5.2208215e-08
1314	no_pain	1.0	2.650373e-08	3.5379966e-08
1315	low_pain	4.6854385e-08	1.0	5.4206337e-09
1316	no_pain	0.999998	1.9428141e-07	1.7948499e-06
1317	no_pain	0.9999999	8.397106e-08	2.5260519e-08
1318	low_pain	5.1046833e-08	1.0	6.005017e-09
1319	no_pain	1.0	9.748062e-09	2.5378824e-08
1320	no_pain	1.0	1.6541913e-08	4.9200867e-08
1321	no_pain	1.0	1.3750835e-08	8.0942995e-09
1322	no_pain	1.0	1.0080596e-08	2.459368e-08
1323	no_pain	1.0	5.892338e-09	5.0784807e-09
