sample_index	label	no_pain	low_pain	high_pain
000	no_pain	0.99999064	8.733997e-07	8.493574e-06
001	no_pain	0.9999917	1.0957137e-06	7.2471207e-06
002	no_pain	0.99999106	1.3667988e-06	7.603733e-06
003	no_pain	0.99999064	1.994143e-06	7.3387914e-06
004	no_pain	0.999991	1.0493226e-06	7.983711e-06
005	no_pain	0.9999908	1.0113465e-06	8.215645e-06
006	no_pain	0.98821926	4.4512046e-05	0.011736226
007	no_pain	0.9999827	1.4072436e-05	3.2360851e-06
008	no_pain	0.99998933	2.2623124e-06	8.4497005e-06
009	no_pain	0.999991	1.4081016e-06	7.5792914e-06
010	no_pain	0.9999818	1.5117186e-05	3.0800109e-06
011	no_pain	0.9999913	1.8911409e-06	6.8232976e-06
012	no_pain	0.9999932	1.0158561e-06	5.777594e-06
013	no_pain	0.99999094	8.1891994e-07	8.258487e-06
014	no_pain	0.99999243	1.1157481e-06	6.458515e-06
015	no_pain	0.99997383	1.1260101e-06	2.503657e-05
016	low_pain	3.4314644e-07	0.99999934	3.3161035e-07
017	no_pain	0.9999901	1.1636624e-06	8.741154e-06
018	low_pain	1.9280692e-06	0.99999666	1.4172158e-06
019	no_pain	0.9999903	4.521765e-06	5.2843893e-06
020	no_pain	0.99999076	5.8683e-07	8.700598e-06
021	no_pain	0.99999297	4.4759534e-07	6.610923e-06
022	no_pain	0.7143998	6.7262276e-06	0.28559348
023	low_pain	1.2249161e-07	0.9999997	1.2463458e-07
024	no_pain	0.8571237	1.0823948e-05	0.14286554
025	no_pain	0.999979	1.763419e-05	3.3663705e-06
026	low_pain	2.0785306e-07	0.99999946	2.9607776e-07
027	no_pain	0.9999911	1.7035137e-06	7.1409913e-06
028	no_pain	0.999994	1.5817686e-06	4.4606136e-06
029	no_pain	0.99999017	1.1119779e-06	8.643342e-06
030	no_pain	0.99999154	1.3808316e-06	7.102216e-06
031	no_pain	0.99999195	1.4051615e-06	6.6230737e-06
032	no_pain	0.9999911	1.0360696e-06	7.810109e-06
033	low_pain	0.30091152	0.698876	0.00021244434
034	no_pain	0.9999936	9.763335e-07	5.4702514e-06
035	no_pain	0.9999917	1.380785e-06	6.9169464e-06
036	low_pain	1.3340845e-07	0.9999997	1.3339854e-07
037	no_pain	0.85717076	5.2121454e-06	0.142824
038	no_pain	0.99999076	1.3198954e-06	7.942837e-06
039	no_pain	0.9999932	1.3874479e-06	5.424362e-06
040	no_pain	0.85728836	9.412013e-06	0.14270227
041	low_pain	3.5178476e-07	0.99999946	2.39681e-07
042	low_pain	2.7207872e-07	0.99999946	2.4045542e-07
043	low_pain	3.5924342e-07	0.99999934	3.5010348e-07
044	no_pain	0.9999919	1.3804247e-06	6.7474552e-06
045	high_pain	5.467505e-05	0.2858954	0.7140499
046	high_pain	6.0787456e-06	7.357965e-06	0.9999866
047	no_pain	0.99999416	1.5644456e-06	4.263874e-06
048	no_pain	0.9999917	2.0896762e-06	6.2652566e-06
049	high_pain	4.7118206e-06	1.3878247e-05	0.9999814
050	high_pain	7.490886e-05	5.8813594e-06	0.99991924
051	no_pain	0.9999911	2.5067259e-06	6.3806037e-06
052	low_pain	7.0630034e-07	0.9999975	1.8210658e-06
053	low_pain	0.42855114	0.5714451	3.7342782e-06
054	no_pain	0.99997944	1.7347955e-05	3.3099375e-06
055	no_pain	0.99871933	1.4245872e-05	0.0012664059
056	no_pain	0.999994	1.5510349e-06	4.4616086e-06
057	no_pain	0.99999124	3.7329373e-06	5.0725143e-06
058	no_pain	0.9999919	1.2459279e-06	6.8833647e-06
059	no_pain	0.9999933	8.393902e-07	5.869675e-06
060	no_pain	0.5716729	1.3328997e-05	0.42831373
061	no_pain	0.99999005	1.3447914e-06	8.598259e-06
062	no_pain	0.99999094	7.130929e-07	8.307609e-06
063	no_pain	0.9999937	1.0817379e-06	5.2451783e-06
064	no_pain	0.99999094	6.833542e-07	8.4093745e-06
065	no_pain	0.99998134	1.5187644e-05	3.5059577e-06
066	no_pain	0.99999064	7.348511e-07	8.6433165e-06
067	no_pain	0.9999911	8.673962e-07	7.984489e-06
068	no_pain	0.5722265	2.7349752e-05	0.42774615
069	no_pain	0.9999909	5.413629e-07	8.556358e-06
070	no_pain	0.99998176	1.5058841e-05	3.2572098e-06
071	low_pain	3.0080392e-07	0.99999946	2.2342633e-07
072	no_pain	0.99999124	1.5956914e-06	7.188907e-06
073	no_pain	0.71458143	1.6044834e-05	0.2854025
074	no_pain	0.9999909	8.2913465e-07	8.263473e-06
075	no_pain	0.99999106	1.2513257e-06	7.724291e-06
076	no_pain	0.99998957	6.1680606e-07	9.827335e-06
077	no_pain	0.9999798	1.6988675e-05	3.292286e-06
078	no_pain	0.99998826	8.297829e-06	3.4132174e-06
079	no_pain	0.99999106	9.052034e-07	8.014422e-06
080	high_pain	0.42863163	8.7450635e-06	0.57135963
081	high_pain	5.234874e-05	3.762203e-05	0.99991
082	high_pain	3.098649e-06	9.181579e-06	0.9999877
083	no_pain	0.9999916	1.107194e-06	7.317466e-06
084	no_pain	0.9999905	4.8144716e-06	4.672214e-06
085	no_pain	0.999991	1.3957189e-06	7.5892494e-06
086	no_pain	0.99997985	1.6893353e-05	3.2883383e-06
087	low_pain	0.4285657	0.57142437	9.93658e-06
088	no_pain	0.99998313	1.4008986e-05	2.9267298e-06
089	no_pain	0.9999913	1.4267034e-06	7.2965945e-06
090	no_pain	0.56968623	3.3558998e-05	0.43028018
091	no_pain	0.999994	1.5505957e-06	4.394778e-06
092	no_pain	0.99998134	1.5507632e-05	3.1290058e-06
093	low_pain	0.14286207	0.8571369	9.858476e-07
094	no_pain	0.9999792	1.7429833e-05	3.3445776e-06
095	low_pain	0.28574768	0.71424943	2.9095615e-06
096	no_pain	0.99999154	1.1252157e-06	7.3582123e-06
097	high_pain	1.5663614e-05	0.14290833	0.85707605
098	no_pain	0.571423	3.4287566e-06	0.42857358
099	low_pain	3.7806362e-07	0.9999992	3.3996616e-07
100	no_pain	0.99999154	1.1636374e-06	7.2932226e-06
101	no_pain	0.9999828	1.3874035e-05	3.3633057e-06
102	low_pain	4.5384306e-07	0.9999991	4.1426136e-07
103	low_pain	0.2856903	0.71430606	3.5922874e-06
104	no_pain	0.9999911	2.2155086e-06	6.6032653e-06
105	no_pain	0.8571866	4.4277813e-06	0.14280899
106	high_pain	6.4994194e-05	8.533932e-06	0.99992645
107	no_pain	0.99999225	6.0761766e-07	7.169757e-06
108	no_pain	0.99999154	2.3924315e-06	6.0707166e-06
109	no_pain	0.99999094	5.4161825e-07	8.551176e-06
110	no_pain	0.99998295	1.4042847e-05	3.0078486e-06
111	no_pain	0.999993	1.4204039e-06	5.555121e-06
112	no_pain	0.5714655	0.42852214	1.2417741e-05
113	no_pain	0.9999917	1.6550841e-06	6.660969e-06
114	no_pain	0.9999913	6.0071795e-07	8.137661e-06
115	no_pain	0.99988717	1.362858e-06	0.00011146606
116	no_pain	0.9999906	1.086549e-06	8.3375e-06
117	high_pain	2.9374444e-06	7.1423847e-06	0.9999899
118	high_pain	3.781725e-05	1.9368239e-05	0.9999428
119	no_pain	0.9999917	1.2277903e-06	7.078613e-06
120	no_pain	0.99999076	2.8533088e-06	6.3585835e-06
121	no_pain	0.99998194	1.508224e-05	2.971174e-06
122	no_pain	0.9999906	1.7410756e-06	7.621344e-06
123	no_pain	0.99998474	1.1789797e-05	3.4624518e-06
124	no_pain	0.99998987	1.542471e-06	8.609568e-06
125	no_pain	0.9999808	1.5844382e-05	3.4008397e-06
126	no_pain	0.9999934	1.142719e-06	5.5009928e-06
127	no_pain	0.99999136	1.2143644e-06	7.402901e-06
128	no_pain	0.9999915	1.1624553e-06	7.3384776e-06
129	no_pain	0.9999861	1.0212143e-05	3.705271e-06
130	no_pain	0.9999877	8.360102e-06	3.8732132e-06
131	no_pain	0.99998486	1.17564105e-05	3.4012135e-06
132	no_pain	0.9999911	2.1079109e-06	6.753148e-06
133	no_pain	0.99998003	1.6692631e-05	3.278003e-06
134	no_pain	0.99999094	1.7820948e-06	7.275569e-06
135	no_pain	0.9999905	6.9379206e-07	8.81037e-06
136	low_pain	1.9729661e-07	0.9999996	1.7548244e-07
137	high_pain	0.14572048	5.630311e-05	0.85422325
138	no_pain	0.9999915	6.5991e-07	7.8956655e-06
139	no_pain	0.8571109	0.14288111	8.0104555e-06
140	no_pain	0.99999267	5.126275e-07	6.899338e-06
141	no_pain	0.9999828	1.3874965e-05	3.3642477e-06
142	no_pain	0.85726327	7.940891e-06	0.14272873
143	no_pain	0.9999906	3.8147205e-06	5.576473e-06
144	no_pain	0.85709393	4.4571498e-06	0.14290157
145	no_pain	0.9999906	4.6456976e-06	4.722089e-06
146	low_pain	3.6638409e-07	0.9999994	2.6238584e-07
147	no_pain	0.999991	1.3280612e-06	7.630874e-06
148	low_pain	4.477625e-07	0.99999917	3.9331232e-07
149	no_pain	0.9999928	1.3310604e-06	5.859594e-06
150	no_pain	0.9999917	1.8304569e-06	6.5247746e-06
151	no_pain	0.9999909	8.221444e-07	8.327135e-06
152	no_pain	0.9999908	1.7023633e-06	7.555639e-06
153	no_pain	0.99999124	1.1344719e-06	7.664715e-06
154	no_pain	0.9999901	4.0299246e-06	5.8598807e-06
155	no_pain	0.9999874	2.0408563e-06	1.0575498e-05
156	no_pain	0.7144243	8.968639e-06	0.28556666
157	no_pain	0.99999195	1.0100016e-06	7.028469e-06
158	no_pain	0.9999911	1.4798159e-06	7.3929514e-06
159	no_pain	0.7142139	3.1044812e-05	0.28575507
160	low_pain	2.2195269e-05	0.9999744	3.3442332e-06
161	no_pain	0.99999106	8.197224e-07	8.120653e-06
162	no_pain	0.9999913	1.4781192e-06	7.253311e-06
163	no_pain	0.9999935	5.105845e-07	6.009941e-06
164	no_pain	0.99999124	8.5235484e-07	7.978645e-06
165	low_pain	2.426829e-05	0.9999731	2.6250113e-06
166	no_pain	0.9999911	8.915477e-07	8.011118e-06
167	no_pain	0.99998075	1.6041995e-05	3.2470803e-06
168	no_pain	0.8571739	7.3622223e-06	0.1428187
169	no_pain	0.99999154	1.5520831e-06	6.930029e-06
170	no_pain	0.9999909	2.5332395e-06	6.5964887e-06
171	low_pain	2.5925817e-06	0.9999965	9.755233e-07
172	no_pain	0.9999917	1.2901174e-06	7.016569e-06
173	no_pain	0.9999876	9.3742057e-07	1.1482504e-05
174	no_pain	0.999991	6.7594607e-07	8.341563e-06
175	high_pain	0.42855325	1.7618182e-05	0.5714292
176	no_pain	0.999991	1.0215397e-06	7.994566e-06
177	no_pain	0.99999154	1.373487e-06	7.06073e-06
178	no_pain	0.9999913	1.2219464e-06	7.4735403e-06
179	no_pain	0.9999913	1.085906e-06	7.610241e-06
180	no_pain	0.99999094	8.6944107e-07	8.161803e-06
181	no_pain	0.999991	3.033761e-06	6.00236e-06
182	no_pain	0.9999904	6.9287216e-07	8.922551e-06
183	no_pain	0.9999908	1.7034737e-06	7.4876702e-06
184	no_pain	0.857315	7.5625403e-06	0.14267746
185	no_pain	0.9999929	1.048929e-06	6.037711e-06
186	high_pain	2.5587613e-06	6.9780776e-06	0.99999046
187	no_pain	0.99999315	1.5287366e-06	5.3508984e-06
188	no_pain	0.71437585	6.251244e-06	0.28561792
189	high_pain	2.8560441e-06	6.8146774e-06	0.99999034
190	no_pain	0.9999897	2.5058737e-06	7.797144e-06
191	high_pain	0.14490739	4.8943923e-05	0.8550437
192	no_pain	0.99999064	6.961044e-07	8.626933e-06
193	no_pain	0.9999913	7.298816e-07	8.003959e-06
194	no_pain	0.9999818	1.5026677e-05	3.1868165e-06
195	no_pain	0.999991	1.7374141e-06	7.2802286e-06
196	no_pain	0.99999094	1.596593e-06	7.4478803e-06
197	no_pain	0.9999925	1.5008445e-06	5.9485674e-06
198	low_pain	4.8206846e-07	0.99999917	3.76818e-07
199	no_pain	0.999989	6.6219945e-06	4.4475623e-06
200	no_pain	0.99999106	1.2854497e-06	7.634379e-06
201	high_pain	3.351938e-06	1.2849609e-05	0.9999838
202	low_pain	1.9376618e-07	0.99999964	1.7340797e-07
203	low_pain	2.4517938e-06	0.99999523	2.295715e-06
204	no_pain	0.9999942	1.5582704e-06	4.2583933e-06
205	no_pain	0.9999913	2.4469011e-06	6.279609e-06
206	low_pain	4.2572134e-07	0.99999917	3.9534638e-07
207	no_pain	0.9999911	1.6051705e-06	7.230084e-06
208	no_pain	0.9999909	1.1582771e-06	7.963775e-06
209	no_pain	0.99998564	1.1189742e-05	3.1636514e-06
210	no_pain	0.9999917	1.396612e-06	6.8778645e-06
211	no_pain	0.99998903	7.138978e-06	3.8640915e-06
212	no_pain	0.9999917	1.9370339e-06	6.3221755e-06
213	no_pain	0.99999386	1.4788267e-06	4.682953e-06
214	low_pain	2.8381152e-07	0.99999946	2.2941781e-07
215	no_pain	0.9999914	1.5043452e-06	7.098588e-06
216	no_pain	0.99999094	1.8404288e-06	7.2452126e-06
217	no_pain	0.9999917	1.3777315e-06	6.9287935e-06
218	no_pain	0.9999906	3.6621063e-06	5.826806e-06
219	no_pain	0.99999136	1.0022756e-06	7.703672e-06
220	low_pain	0.14286213	0.8571334	4.46659e-06
221	no_pain	0.99997884	1.7883303e-05	3.3457577e-06
222	low_pain	5.3962924e-07	0.99999905	3.7816457e-07
223	no_pain	0.9999906	1.0868082e-06	8.319252e-06
224	no_pain	0.9999906	3.9544207e-06	5.468842e-06
225	no_pain	0.999982	1.48532845e-05	3.1851791e-06
226	high_pain	0.36898136	0.0011941452	0.6298245
227	no_pain	0.9999917	1.1364749e-06	7.1776517e-06
228	no_pain	0.9999928	7.26237e-07	6.5253585e-06
229	no_pain	0.9999909	2.9105188e-06	6.2353147e-06
230	no_pain	0.9999898	6.243666e-06	3.9974475e-06
231	no_pain	0.9999909	6.5017736e-07	8.472414e-06
232	no_pain	0.9999808	1.5930349e-05	3.2446826e-06
233	no_pain	0.9999911	2.0538832e-06	6.7857063e-06
234	no_pain	0.9999919	1.1883296e-06	6.977284e-06
235	no_pain	0.99999124	1.4557298e-06	7.3637816e-06
236	no_pain	0.9999909	8.9570733e-07	8.195347e-06
237	no_pain	0.99999124	8.228466e-07	7.969119e-06
238	high_pain	4.68576e-05	7.0989404e-06	0.99994606
239	no_pain	0.99999106	8.2245816e-07	8.121143e-06
240	no_pain	0.99999005	5.1217016e-06	4.8528773e-06
241	no_pain	0.9999798	1.697658e-05	3.2846438e-06
242	no_pain	0.9999917	1.2180675e-06	7.1269637e-06
243	no_pain	0.9999929	1.1513296e-06	5.932975e-06
244	no_pain	0.99997634	2.0020114e-05	3.5962523e-06
245	no_pain	0.9999841	1.2452388e-05	3.4747322e-06
246	no_pain	0.9999911	1.8978202e-06	7.011816e-06
247	no_pain	0.99999154	2.49945e-06	5.9178024e-06
248	no_pain	0.999991	1.7527065e-06	7.2324174e-06
249	no_pain	0.9999944	1.5472875e-06	4.056717e-06
250	no_pain	0.99999154	7.720302e-07	7.676501e-06
251	low_pain	3.7391987e-07	0.99999934	3.092004e-07
252	no_pain	0.9999914	1.9427457e-06	6.657619e-06
253	no_pain	0.9999914	1.0228649e-06	7.5725707e-06
254	no_pain	0.99999046	9.838852e-07	8.568166e-06
255	no_pain	0.9999906	3.240602e-06	6.181693e-06
256	no_pain	0.99999124	5.6858914e-07	8.253671e-06
257	high_pain	0.4285561	6.6717594e-06	0.57143724
258	no_pain	0.99995816	1.7725755e-06	4.006084e-05
259	no_pain	0.99999106	3.125358e-06	5.8293363e-06
260	no_pain	0.99999183	1.1856581e-06	7.0184947e-06
261	high_pain	3.9580505e-06	7.1225845e-06	0.999989
262	no_pain	0.9999909	7.433132e-07	8.410862e-06
263	no_pain	0.99999154	2.3778466e-06	6.111089e-06
264	no_pain	0.9999911	7.311343e-07	8.107039e-06
265	no_pain	0.99999094	5.1635726e-07	8.569944e-06
266	no_pain	0.9888983	4.0798746e-05	0.011060907
267	no_pain	0.9999819	1.5184736e-05	2.9528128e-06
268	high_pain	0.2853282	9.629038e-06	0.71466213
269	no_pain	0.9999395	1.8813128e-06	5.8627786e-05
270	low_pain	4.078964e-07	0.9999992	3.3422413e-07
271	no_pain	0.9999878	9.150973e-06	3.0693188e-06
272	low_pain	1.8195912e-07	0.99999964	1.6299136e-07
273	low_pain	2.64465e-06	0.99999624	1.1125294e-06
274	no_pain	0.999991	8.176368e-07	8.159073e-06
275	no_pain	0.999992	1.6779375e-06	6.326546e-06
276	no_pain	0.85710293	3.829646e-06	0.14289324
277	no_pain	0.85717636	4.301521e-06	0.14281937
278	no_pain	0.99999136	1.2537754e-06	7.4081063e-06
279	no_pain	0.99998087	1.5925141e-05	3.2120693e-06
280	no_pain	0.9999906	1.7066676e-06	7.693589e-06
281	no_pain	0.99999106	6.4440115e-07	8.305115e-06
282	no_pain	0.9999915	1.3649226e-06	7.1780332e-06
283	no_pain	0.9999913	2.1882536e-06	6.5396525e-06
284	no_pain	0.99998224	1.4914867e-05	2.8890336e-06
285	no_pain	0.99998426	1.2345356e-05	3.4298175e-06
286	no_pain	0.9999811	1.5681604e-05	3.1902814e-06
287	low_pain	1.1586645e-06	0.99999815	6.6327357e-07
288	no_pain	0.9999919	6.7915647e-07	7.4279556e-06
289	no_pain	0.9999913	8.6295404e-07	7.828042e-06
290	no_pain	0.99999076	7.485164e-07	8.516526e-06
291	low_pain	2.491742e-07	0.9999995	2.2012185e-07
292	no_pain	0.9999929	4.8033917e-07	6.6546636e-06
293	no_pain	0.9999822	1.493699e-05	2.896223e-06
294	low_pain	4.02246e-07	0.9999992	3.6015035e-07
295	no_pain	0.999982	1.5059988e-05	2.9339458e-06
296	no_pain	0.999991	8.400549e-07	8.204016e-06
297	no_pain	0.9999909	6.6232434e-07	8.489439e-06
298	no_pain	0.99998933	5.8630616e-07	1.00805255e-05
299	no_pain	0.999983	1.2292278e-06	1.5724214e-05
300	high_pain	0.0002931407	0.14502858	0.8546783
301	no_pain	0.9999824	1.4707199e-05	2.858533e-06
302	low_pain	2.829007e-07	0.99999946	2.712395e-07
303	no_pain	0.8575958	1.0467362e-05	0.14239375
304	no_pain	0.99999154	1.3536073e-06	7.0861684e-06
305	no_pain	0.9999914	1.1137554e-06	7.439676e-06
306	no_pain	0.9999914	2.208832e-06	6.390593e-06
307	no_pain	0.9999919	5.946542e-07	7.524784e-06
308	low_pain	8.989044e-06	0.99998903	1.9777892e-06
309	no_pain	0.99999326	1.3045895e-06	5.4827e-06
310	no_pain	0.99999094	5.8487666e-07	8.50059e-06
311	no_pain	0.9999871	9.785974e-06	3.0953215e-06
312	no_pain	0.99999017	4.46477e-06	5.3928466e-06
313	no_pain	0.99999094	8.223336e-07	8.23754e-06
314	no_pain	0.9999911	1.7493429e-06	7.1268037e-06
315	no_pain	0.99999076	1.6092227e-06	7.6665165e-06
316	no_pain	0.99999195	7.4174557e-07	7.293737e-06
317	no_pain	0.99999017	9.4108015e-07	8.834708e-06
318	no_pain	0.99999106	9.051267e-07	8.049444e-06
319	high_pain	4.667471e-06	7.371377e-06	0.99998796
320	no_pain	0.999991	1.2932005e-06	7.740809e-06
321	low_pain	3.1680332e-07	0.99999946	2.7846008e-07
322	low_pain	3.712805e-07	0.9999989	7.054663e-07
323	no_pain	0.9999911	9.953386e-07	7.874622e-06
324	no_pain	0.99998564	1.0757873e-05	3.592885e-06
325	low_pain	2.0082548e-06	0.99999446	3.5144674e-06
326	high_pain	0.00015550198	1.03264965e-05	0.9998342
327	no_pain	0.9999914	9.733068e-07	7.6194287e-06
328	no_pain	0.99999416	1.5505369e-06	4.273266e-06
329	no_pain	0.9999806	1.6096077e-05	3.2624027e-06
330	low_pain	5.572042e-07	0.99999905	4.3622575e-07
331	no_pain	0.9999913	1.7827637e-06	6.961912e-06
332	no_pain	0.99998134	1.5572326e-05	3.1306045e-06
333	no_pain	0.9999889	7.0618285e-06	4.0850546e-06
334	high_pain	2.7054004e-05	6.659561e-06	0.99996626
335	no_pain	0.9999913	9.5234384e-07	7.7923105e-06
336	no_pain	0.9999909	7.0964217e-07	8.455429e-06
337	no_pain	0.999991	7.830009e-07	8.1965445e-06
338	no_pain	0.9999881	3.886184e-06	8.022725e-06
339	no_pain	0.99999195	8.6397085e-07	7.1965333e-06
340	low_pain	2.325755e-07	0.9999996	2.0569834e-07
341	no_pain	0.99999374	6.79741e-07	5.5918836e-06
342	no_pain	0.99999183	2.381307e-06	5.862103e-06
343	no_pain	0.99999386	1.4986512e-06	4.6474306e-06
344	no_pain	0.9999916	1.3255687e-06	7.075293e-06
345	no_pain	0.9999909	3.0329024e-06	6.111247e-06
346	no_pain	0.9999779	1.8434175e-05	3.7132854e-06
347	no_pain	0.99999106	8.0572966e-07	8.092131e-06
348	no_pain	0.99999046	1.0451516e-06	8.488677e-06
349	no_pain	0.9999928	8.285669e-07	6.3982793e-06
350	no_pain	0.8572651	8.78154e-06	0.1427261
351	no_pain	0.9999911	1.1203646e-06	7.76338e-06
352	low_pain	2.1013996e-07	0.9999996	1.7951753e-07
353	no_pain	0.9999916	1.3772699e-06	6.997218e-06
354	no_pain	0.9999917	1.3019729e-06	7.007595e-06
355	no_pain	0.9999909	1.5223033e-06	7.6036513e-06
356	no_pain	0.999991	5.412261e-07	8.509119e-06
357	no_pain	0.999991	8.9087706e-07	8.099009e-06
358	no_pain	0.9999911	1.570866e-06	7.263666e-06
359	no_pain	0.9999918	1.4376819e-06	6.8077657e-06
360	no_pain	0.99999183	1.7746983e-06	6.3568086e-06
361	no_pain	0.99999046	9.501197e-07	8.627705e-06
362	no_pain	0.9999905	1.200572e-06	8.251074e-06
363	no_pain	0.99999124	5.689427e-07	8.229688e-06
364	no_pain	0.9999909	6.978472e-07	8.41293e-06
365	no_pain	0.99999076	8.391285e-07	8.451149e-06
366	no_pain	0.99999124	1.4896957e-06	7.3111173e-06
367	no_pain	0.9999913	1.1549008e-06	7.615967e-06
368	no_pain	0.9999918	1.3613675e-06	6.9149123e-06
369	no_pain	0.99999017	7.015656e-07	9.117609e-06
370	no_pain	0.9999918	1.3508824e-06	6.8859395e-06
371	low_pain	4.2616264e-07	0.99999917	4.0077148e-07
372	low_pain	2.4874075e-07	0.9999996	2.1953149e-07
373	no_pain	0.99997956	1.711475e-05	3.3191588e-06
374	no_pain	0.9999913	1.1224358e-06	7.654763e-06
375	low_pain	1.9628733e-07	0.9999996	1.7645344e-07
376	no_pain	0.999992	1.6454023e-06	6.3810417e-06
377	no_pain	0.999991	2.728588e-06	6.321975e-06
378	no_pain	0.999991	7.704751e-07	8.212044e-06
379	low_pain	2.0713504e-05	0.99997616	3.098373e-06
380	no_pain	0.9999865	1.0527295e-05	3.00612e-06
381	low_pain	0.03676031	0.963056	0.00018365889
382	no_pain	0.9999832	1.3459295e-05	3.3869817e-06
383	no_pain	0.99999106	1.410003e-06	7.5602743e-06
384	no_pain	0.9999909	7.531279e-07	8.3364575e-06
385	no_pain	0.9999483	1.4875806e-06	5.0252398e-05
386	no_pain	0.9999915	1.4384134e-06	7.1300174e-06
387	no_pain	0.9999939	1.5368969e-06	4.5687448e-06
388	no_pain	0.99999094	1.8363295e-06	7.2625044e-06
389	no_pain	0.9999909	9.760141e-07	8.173479e-06
390	no_pain	0.99998987	3.3406618e-06	6.8079084e-06
391	no_pain	0.99999267	1.2384015e-06	6.136731e-06
392	high_pain	0.14298464	8.728311e-06	0.8570066
393	no_pain	0.99999076	7.9667126e-07	8.474797e-06
394	no_pain	0.9999915	3.3103747e-06	5.21315e-06
395	no_pain	0.9999913	2.132721e-06	6.5599097e-06
396	no_pain	0.99999005	5.784212e-06	4.1076455e-06
397	no_pain	0.99998826	8.8849146e-07	1.0796815e-05
398	low_pain	0.28568935	0.71430486	5.796166e-06
399	low_pain	3.5211602e-07	0.9999994	2.6839493e-07
400	low_pain	1.2834373e-05	0.9999848	2.3632367e-06
401	low_pain	8.3900335e-07	0.9999984	8.413913e-07
402	no_pain	0.99998	1.6819353e-05	3.2946907e-06
403	high_pain	0.3594878	0.00015316672	0.64035904
404	no_pain	0.99999094	9.980201e-07	8.0690215e-06
405	no_pain	0.5738253	3.9053237e-05	0.42613563
406	no_pain	0.99999124	7.7744426e-07	8.002038e-06
407	no_pain	0.99997056	2.4131541e-05	5.2926434e-06
408	no_pain	0.999988	8.2569595e-06	3.7168813e-06
409	no_pain	0.9999914	8.737432e-07	7.7207715e-06
410	no_pain	0.99999064	2.7076335e-06	6.6229986e-06
411	no_pain	0.9999909	8.3956195e-07	8.301405e-06
412	no_pain	0.9999914	1.0621977e-06	7.553683e-06
413	low_pain	0.0005209277	0.99947226	6.825012e-06
414	low_pain	2.3226822e-07	0.9999996	1.649418e-07
415	no_pain	0.9999889	1.0286974e-06	1.0025305e-05
416	low_pain	3.029784e-07	0.99999946	2.4637566e-07
417	no_pain	0.99999183	1.1602314e-06	7.0804267e-06
418	low_pain	1.9157169e-07	0.99999964	1.7118438e-07
419	no_pain	0.99999106	2.9884757e-06	5.9299614e-06
420	no_pain	0.9999911	9.204875e-07	7.950991e-06
421	high_pain	1.2337031e-05	7.908421e-06	0.9999798
422	no_pain	0.9999908	2.200222e-06	6.989895e-06
423	no_pain	0.9999906	3.8300523e-06	5.544713e-06
424	no_pain	0.99999183	4.5145256e-07	7.7309605e-06
425	no_pain	0.8579729	3.364039e-05	0.1419935
426	low_pain	4.034653e-07	0.9999991	4.6600817e-07
427	high_pain	5.046569e-06	8.04632e-06	0.99998695
428	no_pain	0.92968005	0.00012522601	0.07019471
429	high_pain	0.2857249	8.834201e-06	0.71426624
430	no_pain	0.99998015	1.6697155e-05	3.1963434e-06
431	no_pain	0.9999914	1.8403449e-06	6.7555293e-06
432	no_pain	0.999991	8.366508e-07	8.1544085e-06
433	no_pain	0.71451133	1.2156654e-05	0.28547648
434	no_pain	0.999991	1.5560847e-06	7.5037947e-06
435	no_pain	0.9999918	1.2981792e-06	6.934109e-06
436	no_pain	0.71439904	1.1210825e-05	0.2855897
437	no_pain	0.5714522	1.0399213e-05	0.42853737
438	no_pain	0.99999124	1.0867119e-06	7.697743e-06
439	no_pain	0.9999911	3.6055746e-06	5.215302e-06
440	no_pain	0.9999894	6.454257e-06	4.2225543e-06
441	no_pain	0.99999195	9.821587e-07	7.091396e-06
442	no_pain	0.999982	1.4691986e-05	3.298557e-06
443	no_pain	0.9999913	1.1898703e-06	7.5388484e-06
444	no_pain	0.9999911	9.3620184e-07	7.915526e-06
445	no_pain	0.9999812	1.5657277e-05	3.166087e-06
446	no_pain	0.9999908	8.7905175e-07	8.335232e-06
447	no_pain	0.9999913	1.4725762e-06	7.3187207e-06
448	no_pain	0.9999911	2.408673e-06	6.4332685e-06
449	no_pain	0.999991	7.5177786e-07	8.217913e-06
450	low_pain	4.8011754e-07	0.9999991	4.077188e-07
451	no_pain	0.8571431	1.0256202e-05	0.14284657
452	no_pain	0.57173544	1.314323e-05	0.42825145
453	no_pain	0.99999076	8.708157e-07	8.411449e-06
454	high_pain	6.2092045e-06	1.3355812e-05	0.99998045
455	no_pain	0.99999094	1.0120684e-06	8.078442e-06
456	no_pain	0.99999124	9.47876e-07	7.8583535e-06
457	no_pain	0.99999017	1.3381903e-06	8.466272e-06
458	no_pain	0.99999046	8.66919e-07	8.679239e-06
459	no_pain	0.99999136	8.1952015e-07	7.858028e-06
460	high_pain	0.28596267	1.9080686e-05	0.7140183
461	no_pain	0.99999136	1.5224084e-06	7.119528e-06
462	low_pain	2.9888866e-07	0.9999994	3.3567696e-07
463	no_pain	0.9999819	1.092188e-06	1.7066175e-05
464	no_pain	0.9999922	1.4653682e-06	6.344632e-06
465	high_pain	4.263393e-06	1.0657997e-05	0.9999851
466	no_pain	0.99999124	2.2652275e-06	6.530548e-06
467	no_pain	0.99999154	1.1335536e-06	7.2908556e-06
468	no_pain	0.99999076	1.2808468e-06	7.988355e-06
469	no_pain	0.9999914	3.1670768e-06	5.389381e-06
470	no_pain	0.99998045	5.59066e-07	1.8976714e-05
471	high_pain	0.2857853	7.941961e-06	0.71420676
472	no_pain	0.9999872	7.3821604e-07	1.2112659e-05
473	no_pain	0.9999906	6.9805174e-07	8.745273e-06
474	no_pain	0.9999909	8.552387e-07	8.277823e-06
475	low_pain	2.7904705e-06	0.9999963	9.1915916e-07
476	no_pain	0.99998033	1.6356249e-05	3.3034219e-06
477	no_pain	0.9999915	2.4523777e-06	6.077194e-06
478	high_pain	0.23786516	0.049635608	0.7124992
479	no_pain	0.8571494	2.8894885e-06	0.14284766
480	no_pain	0.9999911	5.3665036e-07	8.381605e-06
481	no_pain	0.9999776	2.2666463e-06	2.016328e-05
482	no_pain	0.9999909	7.033005e-07	8.464543e-06
483	low_pain	0.0003679729	0.8621155	0.13751651
484	no_pain	0.999991	1.8309217e-06	7.152702e-06
485	no_pain	0.9999911	9.0846015e-07	7.917794e-06
486	no_pain	0.9999913	1.134332e-06	7.621735e-06
487	no_pain	0.71430266	4.1000444e-06	0.28569326
488	no_pain	0.9999906	3.6231663e-06	5.824383e-06
489	no_pain	0.9999386	5.4177788e-05	7.1727627e-06
490	low_pain	1.9574371e-07	0.9999996	1.6882836e-07
491	no_pain	0.9999906	1.2897552e-06	8.169568e-06
492	no_pain	0.71706456	4.6152658e-05	0.2828892
493	no_pain	0.8555414	0.14425793	0.00020061199
494	no_pain	0.9999908	3.6486595e-06	5.5706146e-06
495	no_pain	0.9999911	1.5346985e-06	7.3854503e-06
496	no_pain	0.9999913	2.5847842e-06	6.198448e-06
497	no_pain	0.99999094	9.741699e-07	8.110194e-06
498	no_pain	0.9999932	9.776214e-07	5.851542e-06
499	no_pain	0.7148699	2.3270812e-05	0.28510684
500	no_pain	0.9999911	1.1757086e-06	7.701963e-06
501	no_pain	0.9999906	3.7423347e-06	5.656754e-06
502	no_pain	0.9999823	1.48374575e-05	2.8758473e-06
503	no_pain	0.9999916	2.3447649e-06	6.0623183e-06
504	no_pain	0.9999919	1.3368466e-06	6.7932165e-06
505	no_pain	0.99999076	8.1054117e-07	8.451837e-06
506	no_pain	0.99999267	1.069555e-06	6.30601e-06
507	no_pain	0.9999879	1.7223834e-06	1.04105475e-05
508	low_pain	3.386431e-05	0.9996028	0.00036330902
509	no_pain	0.9999911	1.3027875e-06	7.6003384e-06
510	low_pain	2.0527371e-07	0.9999995	2.3963003e-07
511	no_pain	0.99999136	2.1189383e-06	6.5532245e-06
512	no_pain	0.999991	4.7681874e-06	4.240311e-06
513	no_pain	0.9999899	1.0520928e-06	8.978835e-06
514	no_pain	0.9999913	1.0152941e-06	7.7401e-06
515	no_pain	0.57215554	2.5977748e-05	0.42781848
516	high_pain	0.28583226	0.00023232447	0.71393543
517	no_pain	0.9999918	1.2431161e-06	7.0181945e-06
518	no_pain	0.9999909	8.797359e-07	8.254683e-06
519	no_pain	0.99999094	5.865377e-07	8.447726e-06
520	no_pain	0.99999034	1.0651008e-06	8.666118e-06
521	no_pain	0.99999124	1.9041289e-06	6.9349576e-06
522	no_pain	0.99997944	1.734965e-05	3.222741e-06
523	no_pain	0.85720986	6.202602e-06	0.1427839
524	no_pain	0.999991	1.1185496e-06	7.839807e-06
525	no_pain	0.99999124	2.2356835e-06	6.526082e-06
526	no_pain	0.9999916	2.2959769e-06	6.0760067e-06
527	no_pain	0.9999913	1.4762346e-06	7.249177e-06
528	no_pain	0.9999829	1.3732516e-05	3.3718231e-06
529	low_pain	1.7593841e-07	0.99999964	1.5902113e-07
530	no_pain	0.9999903	1.1710483e-06	8.557197e-06
531	low_pain	0.285713	0.7142576	2.9437932e-05
532	high_pain	0.14034279	7.991955e-05	0.8595773
533	high_pain	0.14291765	8.177746e-06	0.8570742
534	high_pain	9.131359e-06	2.3093484e-05	0.99996775
535	no_pain	0.99999017	2.3579014e-06	7.444277e-06
536	low_pain	0.0001970035	0.9987543	0.0010487317
537	no_pain	0.9999909	7.7381543e-07	8.379824e-06
538	no_pain	0.999991	1.3062435e-06	7.680858e-06
539	no_pain	0.99998933	4.1234975e-06	6.5691534e-06
540	low_pain	2.0289319e-07	0.9999996	1.7830533e-07
541	no_pain	0.9999919	1.3372426e-06	6.7966726e-06
542	no_pain	0.9999927	1.5141247e-06	5.7406214e-06
543	no_pain	0.99998933	1.779925e-06	8.910884e-06
544	low_pain	4.268475e-07	0.9999991	4.7289487e-07
545	no_pain	0.7122744	2.7378284e-05	0.28769827
546	no_pain	0.99998987	1.6696182e-06	8.506454e-06
547	no_pain	0.8571371	3.5770695e-06	0.14285935
548	no_pain	0.9999918	2.3100918e-06	5.961568e-06
549	low_pain	3.2148569e-06	0.9999957	1.0600802e-06
550	low_pain	3.3037313e-07	0.99999934	3.6140224e-07
551	no_pain	0.999991	8.5495986e-07	8.092396e-06
552	no_pain	0.9999805	1.6231379e-05	3.2638413e-06
553	no_pain	0.9999904	1.0601923e-06	8.54923e-06
554	no_pain	0.99999297	1.2565013e-06	5.7569487e-06
555	no_pain	0.9999909	8.218418e-07	8.358873e-06
556	no_pain	0.99999124	1.6703567e-06	7.1592463e-06
557	no_pain	0.99999094	6.960066e-07	8.399705e-06
558	low_pain	2.0642572e-05	0.85757554	0.14240381
559	no_pain	0.99999106	5.703754e-07	8.4069525e-06
560	low_pain	4.795339e-07	0.99999905	4.651642e-07
561	no_pain	0.99997723	1.9241916e-05	3.5247301e-06
562	high_pain	0.42858294	2.7314733e-05	0.57138973
563	no_pain	0.9999909	8.397227e-07	8.264904e-06
564	no_pain	0.999991	1.3837736e-06	7.623366e-06
565	low_pain	2.4478194e-07	0.9999996	2.1564132e-07
566	no_pain	0.99999076	7.415853e-07	8.526704e-06
567	no_pain	0.99998206	1.5036012e-05	2.897728e-06
568	no_pain	0.9999941	1.5313509e-06	4.395937e-06
569	no_pain	0.99999225	1.5971153e-06	6.1334968e-06
570	no_pain	0.85713	0.14286144	8.59713e-06
571	no_pain	0.9999823	1.4808441e-05	2.9361508e-06
572	no_pain	0.99999154	9.029601e-07	7.5010726e-06
573	no_pain	0.999991	1.1046546e-06	7.8991625e-06
574	no_pain	0.999991	7.823495e-07	8.18667e-06
575	no_pain	0.999982	1.5023463e-05	2.92334e-06
576	no_pain	0.9999939	1.0170085e-06	5.0780104e-06
577	low_pain	4.312725e-06	0.99998474	1.0984484e-05
578	no_pain	0.99999076	1.3018758e-06	7.987115e-06
579	no_pain	0.99999076	8.076231e-07	8.48806e-06
580	low_pain	2.3864854e-07	0.9999995	2.2709075e-07
581	no_pain	0.99999315	1.3267412e-06	5.5562477e-06
582	low_pain	1.6558608e-06	0.999997	1.3912941e-06
583	no_pain	0.9999914	9.2661764e-07	7.645253e-06
584	low_pain	2.56928e-07	0.9999995	1.8807656e-07
585	no_pain	0.9999904	1.8275688e-06	7.775905e-06
586	no_pain	0.99999094	6.3471543e-07	8.416231e-06
587	no_pain	0.99999183	1.7838822e-06	6.389623e-06
588	no_pain	0.99999106	8.3359845e-07	8.077977e-06
589	no_pain	0.99999106	1.6723759e-06	7.231914e-06
590	no_pain	0.9999915	1.0327342e-06	7.4882805e-06
591	no_pain	0.9999813	1.5602978e-05	3.139215e-06
592	no_pain	0.9999935	1.2631743e-06	5.216453e-06
593	no_pain	0.99999154	7.633407e-07	7.695939e-06
594	no_pain	0.999991	2.3784564e-06	6.6662974e-06
595	no_pain	0.99998397	1.2752049e-05	3.3047388e-06
596	no_pain	0.99999183	1.3096449e-06	6.898671e-06
597	low_pain	7.392385e-05	0.97433376	0.02559233
598	no_pain	0.99999046	2.41119e-06	7.1460336e-06
599	no_pain	0.99999416	1.4693011e-06	4.387246e-06
600	no_pain	0.9999911	3.806954e-06	5.0877925e-06
601	no_pain	0.9999857	1.0862531e-05	3.4857983e-06
602	no_pain	0.9999928	1.0438873e-06	6.2011336e-06
603	no_pain	0.9999913	1.6006219e-06	7.161661e-06
604	no_pain	0.99999094	6.6718496e-07	8.411603e-06
605	high_pain	0.2873393	7.383745e-05	0.7125869
606	no_pain	0.99999225	1.2484799e-06	6.4945393e-06
607	no_pain	0.9999915	1.3133844e-06	7.2064695e-06
608	no_pain	0.99999195	1.1115569e-06	6.9490816e-06
609	no_pain	0.9999913	1.1462029e-06	7.6131714e-06
610	no_pain	0.999994	1.5248368e-06	4.511276e-06
611	no_pain	0.9999921	1.1785118e-06	6.7558763e-06
612	low_pain	3.5363382e-07	0.9999994	2.8721806e-07
613	high_pain	2.2476354e-06	7.127933e-06	0.9999906
614	no_pain	0.99999094	1.3048524e-06	7.786642e-06
615	no_pain	0.99999076	3.051032e-06	6.22651e-06
616	low_pain	5.023883e-07	0.99999845	1.0678501e-06
617	no_pain	0.99999076	8.5332084e-07	8.425014e-06
618	no_pain	0.99999183	1.2162466e-06	6.986111e-06
619	no_pain	0.99999046	4.7721906e-06	4.731614e-06
620	no_pain	0.9999808	1.6146367e-05	3.06095e-06
621	no_pain	0.9999913	1.2990965e-06	7.4483373e-06
622	no_pain	0.9999911	1.9636761e-06	6.891018e-06
623	no_pain	0.99999094	7.385703e-07	8.3139685e-06
624	no_pain	0.99997216	2.0552168e-06	2.5835094e-05
625	no_pain	0.9999909	5.599645e-07	8.536664e-06
626	no_pain	0.999992	1.3702462e-06	6.606048e-06
627	no_pain	0.9999909	7.866577e-07	8.349415e-06
628	no_pain	0.99999094	7.074568e-07	8.385665e-06
629	no_pain	0.9999933	5.3754087e-07	6.185284e-06
630	no_pain	0.9999916	1.148895e-06	7.2452312e-06
631	no_pain	0.9999805	1.6286605e-05	3.2349656e-06
632	no_pain	0.99996597	7.348561e-07	3.3271608e-05
633	low_pain	0.2858207	0.71417385	5.4871675e-06
634	no_pain	0.71431714	6.493598e-06	0.28567636
635	no_pain	0.99998325	1.35818855e-05	3.1877855e-06
636	no_pain	0.9999943	1.5426147e-06	4.1870308e-06
637	low_pain	4.7745965e-07	0.99999905	4.3605783e-07
638	no_pain	0.9999914	2.5875884e-06	6.017955e-06
639	low_pain	1.9037647e-07	0.99999964	1.7029811e-07
640	no_pain	0.99999124	1.678822e-06	7.1591503e-06
641	high_pain	0.28572205	9.819304e-06	0.71426815
642	low_pain	3.9862016e-07	0.99999934	2.7661108e-07
643	no_pain	0.9999903	1.4585296e-06	8.262472e-06
644	no_pain	0.99999124	7.8463637e-07	8.016025e-06
645	no_pain	0.9999915	9.396319e-07	7.592714e-06
646	no_pain	0.7151621	3.1379182e-05	0.28480655
647	low_pain	2.547983e-07	0.9999996	1.8387058e-07
648	no_pain	0.99999183	1.1287744e-06	7.0546907e-06
649	high_pain	0.42886686	8.598556e-06	0.57112455
650	no_pain	0.99999136	2.1374192e-06	6.51831e-06
651	no_pain	0.99998903	5.920559e-06	5.0314225e-06
652	no_pain	0.999991	7.1247445e-07	8.260467e-06
653	no_pain	0.9999913	2.1796775e-06	6.618618e-06
654	no_pain	0.9999917	1.2905284e-06	7.0294386e-06
655	no_pain	0.9999914	1.8382137e-06	6.7672495e-06
656	no_pain	0.9999913	1.0983028e-06	7.617136e-06
657	high_pain	0.28582034	1.0037421e-05	0.7141696
658	low_pain	0.14285311	0.857138	8.952037e-06
659	high_pain	4.65317e-06	1.6087784e-05	0.9999792
660	no_pain	0.9999932	1.0627002e-06	5.721231e-06
661	high_pain	3.0164524e-06	7.0458545e-06	0.99999
662	no_pain	0.99998873	7.5717385e-06	3.6872273e-06
663	no_pain	0.9999813	1.5699039e-05	3.05757e-06
664	no_pain	0.9999813	1.5570478e-05	3.1847387e-06
665	no_pain	0.99999195	1.6276465e-06	6.4418314e-06
666	no_pain	0.99999225	5.9720367e-07	7.167165e-06
667	no_pain	0.99998	1.6735195e-05	3.307595e-06
668	no_pain	0.9999913	1.0040341e-06	7.717793e-06
669	no_pain	0.9999914	1.361289e-06	7.23104e-06
670	no_pain	0.9999822	1.4952898e-05	2.8928337e-06
671	no_pain	0.9999911	8.928276e-07	8.020314e-06
672	no_pain	0.99998933	6.586261e-06	4.1296853e-06
673	no_pain	0.5714108	0.42858532	3.8907733e-06
674	no_pain	0.99999243	9.3509215e-07	6.6662665e-06
675	no_pain	0.99998635	1.0313312e-05	3.358171e-06
676	low_pain	1.3576197e-06	0.999998	6.713586e-07
677	no_pain	0.99998665	9.341143e-06	3.992097e-06
678	high_pain	2.621908e-06	7.107657e-06	0.9999903
679	no_pain	0.9999806	1.612825e-05	3.2481555e-06
680	no_pain	0.999991	4.7701437e-06	4.1997446e-06
681	no_pain	0.99999154	1.198318e-06	7.2537377e-06
682	no_pain	0.9999913	9.819116e-07	7.7729355e-06
683	high_pain	0.28584075	1.1845261e-05	0.71414745
684	no_pain	0.99999183	1.2351513e-06	6.9109287e-06
685	no_pain	0.99998873	1.031215e-06	1.020124e-05
686	high_pain	3.0898502e-06	7.0404817e-06	0.9999899
687	no_pain	0.99994606	1.1780529e-06	5.270776e-05
688	no_pain	0.9999933	1.5591964e-06	5.1169277e-06
689	no_pain	0.99999154	1.4805363e-06	6.9937582e-06
690	no_pain	0.9999899	1.5522277e-06	8.583194e-06
691	low_pain	3.9381092e-07	0.99999934	3.0710666e-07
692	no_pain	0.99999136	9.921813e-07	7.700367e-06
693	no_pain	0.99999386	1.4337012e-06	4.7373724e-06
694	no_pain	0.99999076	4.4149697e-06	4.8443485e-06
695	high_pain	0.14286444	7.513336e-06	0.8571281
696	no_pain	0.99997884	1.7778153e-05	3.4349976e-06
697	no_pain	0.99999124	2.264723e-06	6.549721e-06
698	low_pain	0.0020976753	0.99787194	3.0390655e-05
699	no_pain	0.999981	1.5795207e-05	3.2104792e-06
700	no_pain	0.9999911	1.2748229e-06	7.616172e-06
701	no_pain	0.99999076	1.3278207e-06	7.906137e-06
702	no_pain	0.99999076	8.4850126e-07	8.413869e-06
703	no_pain	0.9999875	8.620014e-06	3.943566e-06
704	no_pain	0.9999866	1.0466941e-05	2.9356504e-06
705	no_pain	0.9999932	9.101511e-07	5.9098747e-06
706	no_pain	0.99999154	1.6018255e-06	6.8777636e-06
707	no_pain	0.999991	5.9472876e-07	8.461478e-06
708	no_pain	0.57142097	0.4285716	7.4236473e-06
709	no_pain	0.9999911	1.2188239e-06	7.698464e-06
710	no_pain	0.999991	1.319004e-06	7.638675e-06
711	no_pain	0.9999873	9.1201755e-06	3.5123987e-06
712	no_pain	0.9999819	1.4882019e-05	3.2186758e-06
713	no_pain	0.999991	8.353906e-07	8.172627e-06
714	low_pain	1.2739351e-05	0.8570509	0.14293633
715	no_pain	0.99999136	1.6880676e-06	6.951238e-06
716	no_pain	0.99999195	1.1448668e-06	6.896827e-06
717	low_pain	0.2882491	0.7117138	3.7062247e-05
718	low_pain	0.4312582	0.568721	2.0866075e-05
719	no_pain	0.99998224	1.4537219e-05	3.256546e-06
720	no_pain	0.85726124	1.1801727e-05	0.14272694
721	low_pain	3.5923475e-07	0.99999934	3.268327e-07
722	low_pain	0.00010401674	0.8575774	0.1423186
723	no_pain	0.9999917	1.6752031e-06	6.6665516e-06
724	no_pain	0.99999046	3.4630702e-06	6.042784e-06
725	high_pain	6.060665e-05	1.6763608e-05	0.9999227
726	no_pain	0.9999856	3.3119843e-06	1.1152685e-05
727	no_pain	0.99999017	7.3281524e-07	9.086335e-06
728	no_pain	0.9999877	8.556752e-06	3.67949e-06
729	no_pain	0.9999909	1.0850894e-06	8.081591e-06
730	no_pain	0.9999906	4.2215893e-06	5.2332807e-06
731	low_pain	4.4217592e-07	0.99999917	3.819985e-07
732	no_pain	0.9999917	1.5075836e-06	6.781858e-06
733	no_pain	0.9999925	1.7193057e-06	5.745562e-06
734	no_pain	0.9999913	2.030318e-06	6.7272326e-06
735	no_pain	0.9999812	1.5811538e-05	3.0065312e-06
736	no_pain	0.9999909	6.417974e-07	8.518631e-06
737	no_pain	0.99999106	8.2956365e-07	8.0947e-06
738	no_pain	0.99998426	1.1814952e-06	1.4530828e-05
739	no_pain	0.9999913	8.2857434e-07	7.907324e-06
740	no_pain	0.9999913	6.193924e-07	8.164058e-06
741	no_pain	0.99999076	8.6542434e-07	8.456105e-06
742	low_pain	9.075324e-05	0.9999041	5.1440315e-06
743	no_pain	0.9999839	5.479833e-07	1.554036e-05
744	no_pain	0.9999915	1.5152436e-06	7.043919e-06
745	no_pain	0.99999344	1.1522474e-06	5.41356e-06
746	no_pain	0.9999631	3.2974283e-05	3.8988433e-06
747	no_pain	0.9999942	1.4960276e-06	4.298465e-06
748	low_pain	2.676159e-07	0.99999946	2.5050213e-07
749	low_pain	1.7549401e-07	0.99999964	1.4954902e-07
750	no_pain	0.99999094	1.5100675e-06	7.562022e-06
751	no_pain	0.9999913	9.242363e-07	7.843196e-06
752	no_pain	0.99999106	7.5940363e-07	8.187152e-06
753	no_pain	0.99999106	2.4249916e-06	6.5122617e-06
754	no_pain	0.5707348	8.855789e-06	0.42925638
755	no_pain	0.99999285	1.1015636e-06	6.105616e-06
756	no_pain	0.9999916	1.9661354e-06	6.4402225e-06
757	high_pain	3.4384325e-06	7.855409e-06	0.9999887
758	low_pain	2.3772718e-07	0.9999996	2.0300207e-07
759	no_pain	0.7142782	0.2857144	7.394593e-06
760	no_pain	0.9999913	1.1311295e-06	7.578968e-06
761	no_pain	0.9999909	7.780767e-07	8.378691e-06
762	no_pain	0.99999225	1.8993477e-06	5.9276913e-06
763	no_pain	0.99998856	7.313967e-06	4.151253e-06
764	no_pain	0.81581897	0.18409161	8.936164e-05
765	no_pain	0.999991	5.141813e-07	8.509277e-06
766	no_pain	0.99998266	1.4313292e-05	3.074531e-06
767	no_pain	0.9999928	1.0993099e-06	6.137399e-06
768	low_pain	3.5517218e-07	0.99999934	2.861851e-07
769	no_pain	0.9999911	1.445141e-06	7.3955084e-06
770	no_pain	0.99999285	1.5870663e-06	5.60651e-06
771	no_pain	0.99997944	1.7553835e-05	3.0458007e-06
772	no_pain	0.9999917	8.73585e-07	7.457042e-06
773	no_pain	0.99999106	7.16916e-07	8.231528e-06
774	no_pain	0.9999911	7.7601845e-07	8.097653e-06
775	high_pain	0.00018728107	1.3353077e-05	0.9997993
776	no_pain	0.9999925	2.7318217e-06	4.7499093e-06
777	no_pain	0.999991	1.0617149e-06	7.977967e-06
778	no_pain	0.99998695	9.583824e-06	3.4660677e-06
779	low_pain	3.234601e-07	0.99999934	3.4867202e-07
780	no_pain	0.99999106	1.5205488e-06	7.435595e-06
781	no_pain	0.9999905	4.119217e-06	5.378731e-06
782	no_pain	0.99998814	5.154133e-06	6.7222127e-06
783	no_pain	0.999992	1.3752745e-06	6.577312e-06
784	no_pain	0.99999076	9.2720063e-07	8.3556715e-06
785	no_pain	0.99999064	5.237954e-06	4.09594e-06
786	low_pain	4.2730588e-07	0.99999917	3.5992926e-07
787	no_pain	0.9999895	4.5594775e-06	5.9958643e-06
788	low_pain	0.45514795	0.54481757	3.446258e-05
789	no_pain	0.9999909	8.7095106e-07	8.274508e-06
790	no_pain	0.9999916	1.144455e-06	7.2356916e-06
791	low_pain	0.4289097	0.57107806	1.2272212e-05
792	no_pain	0.99999076	8.838042e-07	8.386793e-06
793	no_pain	0.9999941	1.5382019e-06	4.4217345e-06
794	no_pain	0.99999094	7.438947e-07	8.29826e-06
795	no_pain	0.57191193	0.42803302	5.511345e-05
796	low_pain	2.1326343e-07	0.9999996	1.7370095e-07
797	no_pain	0.99999094	1.2919188e-06	7.832433e-06
798	no_pain	0.99999154	1.2548008e-06	7.1770296e-06
799	no_pain	0.99999124	8.4401705e-07	7.946523e-06
800	no_pain	0.9999915	1.4720572e-06	7.050165e-06
801	no_pain	0.9999819	1.4879466e-05	3.2056025e-06
802	no_pain	0.9999846	1.2237947e-05	3.190123e-06
803	no_pain	0.9999904	4.5824754e-06	5.050409e-06
804	no_pain	0.9999899	9.07993e-07	9.218377e-06
805	no_pain	0.9999909	7.886748e-07	8.3634495e-06
806	no_pain	0.9999915	6.887494e-07	7.8179655e-06
807	no_pain	0.9999903	9.761239e-07	8.740967e-06
808	no_pain	0.99999243	2.5958054e-06	4.9465457e-06
809	no_pain	0.99999154	2.2052466e-06	6.2511776e-06
810	low_pain	6.453488e-07	0.9999989	4.2408263e-07
811	high_pain	0.2880711	0.262508	0.44942093
812	no_pain	0.9999913	1.0938064e-06	7.649648e-06
813	no_pain	0.999991	4.947449e-06	4.051842e-06
814	low_pain	1.9829528e-07	0.9999996	1.7683737e-07
815	no_pain	0.99999094	7.987707e-07	8.269e-06
816	no_pain	0.99999243	6.3965024e-07	6.9034313e-06
817	no_pain	0.9999786	1.802393e-05	3.4021846e-06
818	no_pain	0.999991	2.9673522e-06	6.063864e-06
819	no_pain	0.99999183	1.3445164e-06	6.8659006e-06
820	no_pain	0.99999106	7.5885276e-07	8.173022e-06
821	no_pain	0.99999046	8.224711e-07	8.727807e-06
822	no_pain	0.999991	7.679536e-07	8.244496e-06
823	no_pain	0.99998486	1.1646592e-05	3.493091e-06
824	no_pain	0.9999913	8.764022e-07	7.875461e-06
825	high_pain	1.0473044e-05	1.0296402e-05	0.9999792
826	no_pain	0.99998087	1.5997004e-05	3.1516645e-06
827	no_pain	0.99999136	9.874128e-07	7.659888e-06
828	no_pain	0.99998695	9.373698e-06	3.70882e-06
829	low_pain	3.9798078e-07	0.99999934	2.5808464e-07
830	no_pain	0.99999154	1.43211e-06	7.0659617e-06
831	high_pain	0.42853644	4.8640327e-06	0.5714587
832	no_pain	0.99999136	1.0587424e-06	7.6287115e-06
833	no_pain	0.9999917	1.0654046e-06	7.249261e-06
834	no_pain	0.99999076	8.029316e-07	8.456142e-06
835	no_pain	0.99999094	8.740613e-07	8.2167635e-06
836	no_pain	0.57149374	6.375257e-06	0.42849985
837	no_pain	0.99998635	6.220607e-07	1.2997382e-05
838	no_pain	0.99999183	1.2259126e-06	6.995882e-06
839	no_pain	0.999991	6.2443803e-07	8.440975e-06
840	high_pain	0.4286387	9.585217e-06	0.5713517
841	no_pain	0.99998844	1.1451601e-06	1.0464696e-05
842	no_pain	0.9999914	2.7887513e-06	5.847258e-06
843	high_pain	2.9064684e-06	7.711978e-06	0.9999894
844	no_pain	0.9999909	1.5777852e-06	7.562798e-06
845	no_pain	0.99999106	7.28223e-07	8.2662e-06
846	no_pain	0.9999801	1.6634218e-05	3.2849782e-06
847	no_pain	0.9999824	1.44099295e-05	3.1600362e-06
848	no_pain	0.99999094	8.5629006e-07	8.225305e-06
849	no_pain	0.99998045	1.625615e-05	3.3283286e-06
850	no_pain	0.99999154	2.587501e-06	5.905641e-06
851	no_pain	0.99999154	1.3671744e-06	7.144077e-06
852	high_pain	9.455331e-06	1.1591331e-05	0.99997896
853	no_pain	0.9999916	1.013699e-06	7.3761266e-06
854	no_pain	0.9999905	5.9138614e-07	8.871614e-06
855	no_pain	0.9999911	7.760365e-07	8.068513e-06
856	no_pain	0.9999925	1.0877949e-06	6.417313e-06
857	low_pain	2.881513e-07	0.99999946	2.479011e-07
858	low_pain	1.3443599e-06	0.9999874	1.1233402e-05
859	no_pain	0.99999046	1.1013997e-06	8.491311e-06
860	no_pain	0.9999892	6.4141996e-06	4.3933655e-06
861	no_pain	0.99999064	1.1625473e-06	8.188787e-06
862	low_pain	4.4135127e-06	0.9999939	1.6185804e-06
863	no_pain	0.9999914	6.2992706e-07	7.9856845e-06
864	no_pain	0.99999046	1.3015604e-06	8.279725e-06
865	no_pain	0.9999812	2.9293237e-06	1.5830294e-05
866	high_pain	0.42300463	4.375906e-05	0.5769516
867	no_pain	0.9964636	0.0017483108	0.0017881357
868	high_pain	2.4315148e-05	6.686402e-06	0.99996895
869	low_pain	4.6201143e-07	0.99999917	3.773644e-07
870	low_pain	4.1184418e-07	0.9999992	3.4266205e-07
871	no_pain	0.5715738	1.1938374e-05	0.4284143
872	no_pain	0.9999928	1.1347921e-06	6.1237506e-06
873	no_pain	0.99999183	1.4283534e-06	6.767289e-06
874	low_pain	0.40349278	0.5962772	0.00023003934
875	no_pain	0.9999906	1.5486468e-06	7.83575e-06
876	no_pain	0.99999124	6.316754e-07	8.191779e-06
877	no_pain	0.9999908	2.697447e-06	6.533919e-06
878	no_pain	0.99999106	5.2816324e-07	8.454603e-06
879	low_pain	3.5436787e-07	0.99999934	3.13526e-07
880	no_pain	0.61948496	0.0001442295	0.38037077
881	no_pain	0.9999913	1.4479372e-06	7.2893795e-06
882	no_pain	0.99999344	1.0936801e-06	5.463117e-06
883	no_pain	0.999983	1.3785965e-05	3.1860452e-06
884	low_pain	2.9567613e-07	0.99999946	2.4891847e-07
885	low_pain	5.22355e-07	0.99999917	3.381611e-07
886	no_pain	0.9999858	1.0517599e-05	3.6603608e-06
887	no_pain	0.99999064	1.0259425e-06	8.323207e-06
888	high_pain	1.3361527e-05	6.659585e-06	0.99998
889	no_pain	0.99999094	8.6715175e-07	8.206404e-06
890	no_pain	0.9999911	2.5552122e-06	6.3070192e-06
891	low_pain	1.9962049e-07	0.9999996	1.7522277e-07
892	no_pain	0.99999005	5.062655e-06	4.9479754e-06
893	low_pain	9.675675e-07	0.99999857	4.7069625e-07
894	low_pain	1.9206564e-06	0.9999967	1.3435081e-06
895	no_pain	0.99999076	1.6718989e-06	7.631938e-06
896	no_pain	0.99999124	7.949222e-07	8.03314e-06
897	high_pain	0.36737558	0.00021600691	0.63240844
898	no_pain	0.9999914	1.0317016e-06	7.5551807e-06
899	no_pain	0.9999928	1.0800892e-06	6.117724e-06
900	no_pain	0.999991	3.32763e-06	5.7191896e-06
901	no_pain	0.9999919	1.3838155e-06	6.706147e-06
902	low_pain	1.7008242e-06	0.9999952	3.1328398e-06
903	no_pain	0.99999076	1.0868806e-06	8.133119e-06
904	no_pain	0.99998015	1.6508693e-05	3.3416e-06
905	no_pain	0.9999917	1.1962422e-06	7.1189197e-06
906	no_pain	0.99999124	1.2086837e-06	7.568578e-06
907	no_pain	0.9999911	1.12886e-06	7.729105e-06
908	no_pain	0.9999911	6.26012e-07	8.233436e-06
909	no_pain	0.9999789	2.4516628e-06	1.8701452e-05
910	no_pain	0.99999094	1.8845915e-06	7.1909226e-06
911	no_pain	0.9999939	1.4866129e-06	4.579236e-06
912	no_pain	0.9999897	2.2324018e-06	8.04182e-06
913	no_pain	0.999989	1.1535654e-06	9.8508835e-06
914	no_pain	0.999991	8.1723914e-07	8.1719945e-06
915	no_pain	0.9999909	6.249799e-07	8.534463e-06
916	no_pain	0.99997675	1.9691264e-05	3.5229746e-06
917	no_pain	0.9999913	8.64295e-07	7.888686e-06
918	no_pain	0.99999094	8.164837e-07	8.242537e-06
919	no_pain	0.8571983	6.553199e-06	0.14279515
920	no_pain	0.99999106	9.929706e-07	7.916108e-06
921	no_pain	0.999982	1.5052117e-05	2.9303596e-06
922	no_pain	0.99998313	6.8109205e-07	1.6183356e-05
923	high_pain	1.1452797e-05	1.20110635e-05	0.9999766
924	no_pain	0.9999911	1.4397882e-06	7.4171962e-06
925	no_pain	0.9999916	1.2854224e-06	7.083002e-06
926	no_pain	0.9999908	1.0446304e-06	8.183219e-06
927	no_pain	0.99995625	1.4909435e-06	4.2255557e-05
928	no_pain	0.9999917	8.5676123e-07	7.467093e-06
929	low_pain	2.848474e-07	0.99999946	2.4731276e-07
930	low_pain	3.229295e-07	0.9999994	2.965988e-07
931	no_pain	0.9999862	1.02423755e-05	3.5839992e-06
932	no_pain	0.99998826	5.904464e-07	1.1115054e-05
933	no_pain	0.999991	8.99623e-07	8.053167e-06
934	no_pain	0.999991	6.600541e-07	8.3587865e-06
935	high_pain	0.1428785	6.3205944e-06	0.8571152
936	no_pain	0.999992	1.2052548e-06	6.764807e-06
937	low_pain	4.831415e-06	0.9999937	1.4803142e-06
938	no_pain	0.99998814	8.364658e-06	3.5130802e-06
939	no_pain	0.99999124	8.920807e-07	7.915571e-06
940	no_pain	0.9999909	3.2833643e-06	5.8746177e-06
941	no_pain	0.99999416	1.4748823e-06	4.3530677e-06
942	no_pain	0.9999795	1.7201302e-05	3.3273172e-06
943	no_pain	0.99998987	1.8786459e-06	8.27598e-06
944	no_pain	0.9999914	1.4159044e-06	7.214171e-06
945	no_pain	0.99999076	1.6296483e-06	7.6287474e-06
946	no_pain	0.5714863	1.3605969e-05	0.42850015
947	low_pain	3.6996805e-06	0.99999493	1.3433793e-06
948	no_pain	0.9999909	2.7344147e-06	6.444469e-06
949	high_pain	0.428638	5.865316e-06	0.5713562
950	no_pain	0.999991	8.451608e-07	8.11457e-06
951	no_pain	0.9999896	5.8667894e-07	9.8086175e-06
952	no_pain	0.9999927	2.9940409e-06	4.306413e-06
953	no_pain	0.9999914	8.095417e-07	7.809051e-06
954	no_pain	0.9999909	9.0031534e-07	8.2363595e-06
955	no_pain	0.9999822	1.4968361e-05	2.915873e-06
956	no_pain	0.9999911	1.3531215e-06	7.5258686e-06
957	no_pain	0.5721575	0.00020906443	0.42763337
958	no_pain	0.99998796	3.2721878e-06	8.801084e-06
959	no_pain	0.9999922	1.2554489e-06	6.5978625e-06
960	high_pain	0.28572765	6.9816224e-06	0.71426535
961	no_pain	0.9999924	1.2872744e-06	6.384609e-06
962	no_pain	0.99999243	1.0111679e-06	6.544425e-06
963	no_pain	0.5930886	0.00011009216	0.40680125
964	no_pain	0.99999106	1.430004e-06	7.5440767e-06
965	no_pain	0.9999932	1.4090032e-06	5.459858e-06
966	no_pain	0.9999909	7.2414605e-07	8.356734e-06
967	no_pain	0.999991	1.3402225e-06	7.609785e-06
968	no_pain	0.9999816	1.5173267e-05	3.198588e-06
969	high_pain	0.42856392	5.4440416e-06	0.5714306
970	no_pain	0.99997944	1.732175e-05	3.3123943e-06
971	no_pain	0.99999124	1.9245388e-06	6.9079624e-06
972	no_pain	0.9999914	6.3423187e-07	7.984937e-06
973	no_pain	0.9999924	6.1293497e-07	7.055234e-06
974	no_pain	0.99999076	1.5332178e-06	7.770616e-06
975	no_pain	0.99999225	6.1591567e-07	7.160326e-06
976	no_pain	0.9999911	2.1298479e-06	6.713028e-06
977	no_pain	0.9999909	8.0982227e-07	8.328282e-06
978	high_pain	0.28580397	7.4096583e-06	0.71418864
979	no_pain	0.99999094	7.946518e-07	8.316029e-06
980	no_pain	0.9999814	1.55367e-05	3.0635154e-06
981	no_pain	0.9999879	8.094932e-06	4.073309e-06
982	no_pain	0.9999913	2.4620203e-06	6.2720424e-06
983	low_pain	0.054302968	0.9455423	0.00015474278
984	no_pain	0.9999911	9.511667e-07	7.902609e-06
985	no_pain	0.99998885	6.818896e-07	1.0543952e-05
986	low_pain	5.148103e-07	0.99999917	2.587682e-07
987	no_pain	0.99999094	2.1130402e-06	6.9639345e-06
988	no_pain	0.9999808	1.6041133e-05	3.1579677e-06
989	no_pain	0.999991	1.5627912e-06	7.4425416e-06
990	no_pain	0.99996704	1.4104061e-06	3.160545e-05
991	low_pain	2.461934e-07	0.9999995	2.1242055e-07
992	no_pain	0.99999076	8.089923e-07	8.493973e-06
993	high_pain	0.42892838	1.8122571e-05	0.5710535
994	no_pain	0.99998224	1.4877942e-05	2.904319e-06
995	high_pain	0.2857441	4.8723206e-05	0.7142072
996	no_pain	0.9999921	1.542119e-06	6.325545e-06
997	low_pain	2.02428e-06	0.999997	9.267595e-07
998	no_pain	0.999991	5.9226267e-07	8.45426e-06
999	no_pain	0.9999913	1.0588311e-06	7.701497e-06
1000	no_pain	0.9999908	2.4753792e-06	6.7432143e-06
1001	no_pain	0.99998146	1.5323401e-05	3.1972106e-06
1002	no_pain	0.9999914	1.2899526e-06	7.2725848e-06
1003	no_pain	0.99999034	1.3294687e-06	8.320098e-06
1004	no_pain	0.9999928	1.6230159e-06	5.6366875e-06
1005	no_pain	0.99999046	7.3577445e-07	8.865109e-06
1006	high_pain	3.8836765e-06	7.4742015e-06	0.9999886
1007	no_pain	0.9999909	7.954978e-07	8.372673e-06
1008	no_pain	0.9999922	2.799694e-06	5.0107274e-06
1009	no_pain	0.99999094	3.3284446e-06	5.7402176e-06
1010	no_pain	0.999989	1.1055688e-06	9.89049e-06
1011	high_pain	0.31317717	0.00014240251	0.6866804
1012	high_pain	3.2323876e-06	6.7492942e-06	0.99999005
1013	no_pain	0.9999914	6.654518e-07	7.946638e-06
1014	no_pain	0.9999857	1.1266501e-05	3.0219658e-06
1015	no_pain	0.99999094	8.253733e-07	8.231446e-06
1016	no_pain	0.71345127	5.6846316e-06	0.2865431
1017	no_pain	0.99999124	1.2097644e-06	7.5818534e-06
1018	no_pain	0.9999916	2.260564e-06	6.104509e-06
1019	no_pain	0.99999124	1.4720263e-06	7.3067245e-06
1020	no_pain	0.9999914	1.8598348e-06	6.7907704e-06
1021	no_pain	0.9999909	6.1257924e-07	8.536501e-06
1022	no_pain	0.99999374	1.2007033e-06	5.0823687e-06
1023	no_pain	0.9999896	7.840549e-07	9.582438e-06
1024	low_pain	0.28575107	0.71422863	2.033472e-05
1025	no_pain	0.9999915	1.6552947e-06	6.8423024e-06
1026	high_pain	0.14419603	2.7084443e-05	0.8557769
1027	no_pain	0.9999809	1.5855485e-05	3.2342693e-06
1028	no_pain	0.99999076	8.916421e-07	8.404427e-06
1029	no_pain	0.9999943	1.5510042e-06	4.20785e-06
1030	low_pain	2.5956896e-07	0.9999995	2.2433342e-07
1031	no_pain	0.5714236	4.620996e-06	0.42857185
1032	no_pain	0.99999046	1.2694792e-06	8.211469e-06
1033	low_pain	1.0207605e-06	0.99999845	5.527121e-07
1034	no_pain	0.9999908	1.2309218e-06	7.983143e-06
1035	no_pain	0.99999154	1.5894859e-06	6.927178e-06
1036	no_pain	0.99999154	8.236561e-07	7.633615e-06
1037	no_pain	0.9999909	7.5566777e-07	8.388303e-06
1038	low_pain	3.0907154e-07	0.99999946	2.8161034e-07
1039	no_pain	0.999991	8.252049e-07	8.15771e-06
1040	no_pain	0.9998723	2.7045237e-06	0.0001249256
1041	no_pain	0.9999917	1.4663626e-06	6.8850545e-06
1042	no_pain	0.99999183	1.2250094e-06	6.917031e-06
1043	no_pain	0.9999799	1.679901e-05	3.3024974e-06
1044	no_pain	0.9999823	1.480097e-05	2.914921e-06
1045	no_pain	0.99999106	1.339307e-06	7.630594e-06
1046	no_pain	0.99999046	2.115837e-06	7.423435e-06
1047	no_pain	0.9999901	6.175659e-07	9.251774e-06
1048	no_pain	0.99999046	3.9771553e-06	5.5394116e-06
1049	no_pain	0.9999915	1.2743384e-06	7.243881e-06
1050	no_pain	0.99988693	3.4647549e-06	0.000109618406
1051	no_pain	0.9999824	1.4611488e-05	2.9546186e-06
1052	no_pain	0.9999911	1.3433722e-06	7.5023136e-06
1053	no_pain	0.9999823	1.4553608e-05	3.1757445e-06
1054	no_pain	0.9999917	1.4195213e-06	6.934421e-06
1055	no_pain	0.9999909	8.4749666e-07	8.263209e-06
1056	no_pain	0.99998796	6.531946e-07	1.1386838e-05
1057	low_pain	2.4397397e-07	0.9999996	1.979407e-07
1058	no_pain	0.9999928	6.9741475e-07	6.518018e-06
1059	no_pain	0.99999064	1.3376668e-06	7.930338e-06
1060	no_pain	0.9999921	1.4062589e-06	6.490217e-06
1061	low_pain	1.973675e-06	0.99998295	1.50585465e-05
1062	no_pain	0.99670756	0.0032737036	1.869522e-05
1063	no_pain	0.9999915	1.0228601e-06	7.48901e-06
1064	no_pain	0.9999909	6.5173816e-07	8.557749e-06
1065	high_pain	1.08741415e-05	2.0785112e-05	0.99996835
1066	no_pain	0.99999183	1.2770652e-06	6.9248367e-06
1067	no_pain	0.99999136	1.1611264e-06	7.4782993e-06
1068	high_pain	0.00026997994	0.3929403	0.6067897
1069	no_pain	0.99999124	2.7276492e-06	6.0826032e-06
1070	no_pain	0.99999106	1.2923374e-06	7.650247e-06
1071	low_pain	8.399734e-07	0.99999887	3.339988e-07
1072	no_pain	0.9999925	7.578704e-07	6.7388164e-06
1073	low_pain	3.363296e-07	0.99999934	3.576992e-07
1074	no_pain	0.99998134	1.5358408e-05	3.2730563e-06
1075	low_pain	1.3777344e-07	0.9999997	1.3322354e-07
1076	no_pain	0.9999918	1.2374843e-06	6.9888024e-06
1077	high_pain	2.026137e-05	6.3886205e-06	0.99997336
1078	low_pain	0.00014861647	0.8566241	0.14322723
1079	no_pain	0.9999911	1.2546652e-06	7.566668e-06
1080	no_pain	0.999994	1.5415832e-06	4.430752e-06
1081	no_pain	0.7146655	1.8158587e-05	0.28531632
1082	no_pain	0.57228893	3.802144e-05	0.4276731
1083	no_pain	0.99999124	1.0045829e-06	7.78825e-06
1084	no_pain	0.9999916	2.4640426e-06	5.9414374e-06
1085	no_pain	0.9999898	1.3294451e-06	8.880232e-06
1086	no_pain	0.9999911	8.8514963e-07	8.016708e-06
1087	low_pain	3.409836e-05	0.9995329	0.00043301424
1088	no_pain	0.999991	6.920648e-07	8.362166e-06
1089	low_pain	1.1597083e-06	0.9999909	7.972744e-06
1090	no_pain	0.999991	9.3198076e-07	8.025461e-06
1091	high_pain	0.2858872	9.250777e-06	0.7141036
1092	no_pain	0.99998015	1.6548574e-05	3.3154774e-06
1093	no_pain	0.99999344	1.7553115e-06	4.805145e-06
1094	no_pain	0.999991	7.59466e-07	8.249878e-06
1095	no_pain	0.9999914	1.0417679e-06	7.5839766e-06
1096	no_pain	0.99999297	1.434482e-06	5.582852e-06
1097	no_pain	0.9999908	6.3901547e-07	8.571959e-06
1098	low_pain	2.2523167e-07	0.9999996	1.8596073e-07
1099	no_pain	0.9999909	1.2561312e-06	7.882181e-06
1100	no_pain	0.99999106	1.6837906e-06	7.2720827e-06
1101	no_pain	0.9999914	3.1825632e-06	5.415e-06
1102	no_pain	0.9999915	1.2450266e-06	7.2820594e-06
1103	high_pain	0.087395616	0.0002150516	0.91238934
1104	no_pain	0.99999094	5.321984e-07	8.52331e-06
1105	no_pain	0.85706776	6.6108378e-06	0.14292555
1106	high_pain	3.3038534e-06	6.7480432e-06	0.99999
1107	no_pain	0.9999908	7.3675494e-07	8.479193e-06
1108	no_pain	0.99998945	2.6478156e-06	7.919524e-06
1109	high_pain	3.4610764e-06	7.004736e-06	0.9999895
1110	no_pain	0.99999154	2.570823e-06	5.8851583e-06
1111	no_pain	0.8571752	3.978078e-06	0.14282085
1112	no_pain	0.9999849	1.1866578e-05	3.195643e-06
1113	no_pain	0.999991	8.048058e-07	8.188252e-06
1114	no_pain	0.9999822	1.491329e-05	2.9201233e-06
1115	low_pain	5.2411484e-05	0.99975175	0.00019581335
1116	no_pain	0.99997985	1.6869952e-05	3.2840612e-06
1117	no_pain	0.999991	1.622656e-06	7.417681e-06
1118	low_pain	6.553841e-07	0.99999803	1.2969938e-06
1119	no_pain	0.99999124	8.1287817e-07	8.017628e-06
1120	high_pain	5.8131595e-06	7.4404165e-06	0.99998677
1121	no_pain	0.99999046	2.759845e-06	6.8198306e-06
1122	no_pain	0.58053195	0.000118500146	0.41934958
1123	no_pain	0.99999183	1.8443401e-06	6.3826196e-06
1124	no_pain	0.999982	1.5041056e-05	2.9381783e-06
1125	no_pain	0.9999801	1.6624062e-05	3.2801895e-06
1126	no_pain	0.99999154	1.5977395e-06	6.8409054e-06
1127	low_pain	2.2705707e-07	0.9999996	1.903478e-07
1128	no_pain	0.99999076	5.573578e-07	8.730111e-06
1129	no_pain	0.999991	1.5723745e-06	7.471536e-06
1130	no_pain	0.9999787	1.7923032e-05	3.3713768e-06
1131	no_pain	0.999991	9.795004e-07	8.058116e-06
1132	no_pain	0.99999076	7.3687954e-07	8.5299835e-06
1133	no_pain	0.9999918	1.1849131e-06	7.067233e-06
1134	low_pain	5.2607224e-06	0.99997836	1.637886e-05
1135	no_pain	0.99999183	1.5854183e-06	6.6153507e-06
1136	no_pain	0.9999921	1.9559484e-06	5.9957515e-06
1137	no_pain	0.99999136	9.929681e-07	7.645387e-06
1138	no_pain	0.999988	8.176763e-06	3.8336507e-06
1139	no_pain	0.9999909	2.809634e-06	6.3698767e-06
1140	high_pain	7.792971e-06	1.19765555e-05	0.9999803
1141	no_pain	0.9999909	9.208666e-07	8.2110355e-06
1142	no_pain	0.99999106	8.157017e-07	8.097605e-06
1143	no_pain	0.9999908	8.1609204e-07	8.368068e-06
1144	no_pain	0.999992	1.219554e-06	6.762787e-06
1145	no_pain	0.9999921	1.1971493e-06	6.6782386e-06
1146	high_pain	0.28661698	0.00074069935	0.7126423
1147	no_pain	0.9999914	1.2419839e-06	7.379664e-06
1148	no_pain	0.99999094	8.525904e-07	8.169836e-06
1149	no_pain	0.9999913	1.2447805e-06	7.4983e-06
1150	no_pain	0.9999913	1.6767117e-06	7.024181e-06
1151	low_pain	3.7833914e-07	0.99999934	3.2450944e-07
1152	no_pain	0.7142772	0.28571418	8.593283e-06
1153	no_pain	0.99999183	2.1543249e-06	5.999466e-06
1154	no_pain	0.9999916	1.8043029e-06	6.595189e-06
1155	no_pain	0.99999034	2.7929932e-06	6.884575e-06
1156	high_pain	0.28575245	5.982151e-06	0.71424156
1157	no_pain	0.999982	1.5066639e-05	2.9191658e-06
1158	no_pain	0.9999909	8.390438e-07	8.330972e-06
1159	low_pain	3.5574425e-07	0.9999994	2.5650849e-07
1160	no_pain	0.99998254	2.7108242e-06	1.4720006e-05
1161	no_pain	0.9999909	5.537621e-07	8.581529e-06
1162	no_pain	0.99999124	1.5533359e-06	7.2221515e-06
1163	no_pain	0.9999811	1.5650909e-05	3.222108e-06
1164	low_pain	3.7569605e-06	0.9999951	1.1189697e-06
1165	no_pain	0.9999911	1.5039312e-06	7.354788e-06
1166	low_pain	4.394059e-07	0.99999905	5.256044e-07
1167	no_pain	0.99998707	9.208371e-06	3.7031311e-06
1168	low_pain	4.247477e-07	0.9999992	2.8884068e-07
1169	no_pain	0.99999183	1.149673e-06	7.03888e-06
1170	no_pain	0.9999932	1.1272252e-06	5.724349e-06
1171	no_pain	0.9999919	1.0709167e-06	7.0404503e-06
1172	no_pain	0.99998707	8.702381e-06	4.2390666e-06
1173	no_pain	0.5715662	8.600592e-06	0.42842513
1174	low_pain	0.42856273	0.5714293	7.9173715e-06
1175	no_pain	0.9999916	8.734041e-07	7.5174344e-06
1176	no_pain	0.9999916	1.8337458e-06	6.5473746e-06
1177	no_pain	0.999992	1.9268716e-06	6.1014025e-06
1178	no_pain	0.9999909	8.692863e-07	8.293124e-06
1179	low_pain	2.5623954e-06	0.9999965	9.906058e-07
1180	no_pain	0.99999225	1.2658754e-06	6.488825e-06
1181	no_pain	0.99999124	8.7977907e-07	7.923977e-06
1182	no_pain	0.71438694	3.4353518e-06	0.2856096
1183	no_pain	0.9999911	2.1053227e-06	6.8179006e-06
1184	no_pain	0.9999875	8.036336e-06	4.4836784e-06
1185	low_pain	0.14261784	0.857306	7.616604e-05
1186	high_pain	0.1428285	7.6291353e-06	0.85716385
1187	no_pain	0.99999285	9.139964e-07	6.2550903e-06
1188	no_pain	0.99999106	5.722583e-07	8.347426e-06
1189	no_pain	0.9999906	1.8275354e-06	7.55542e-06
1190	low_pain	1.9187075e-06	0.9999963	1.7354381e-06
1191	no_pain	0.9999913	3.59134e-06	5.1876937e-06
1192	no_pain	0.99998707	7.215743e-07	1.221513e-05
1193	no_pain	0.99999064	1.3433473e-06	7.972003e-06
1194	low_pain	2.9896948e-06	0.9999952	1.8286543e-06
1195	no_pain	0.999991	7.790713e-07	8.242574e-06
1196	no_pain	0.999988	8.108446e-06	3.8440676e-06
1197	high_pain	0.00015019861	1.2374791e-05	0.99983746
1198	no_pain	0.7143251	1.05071595e-05	0.28566447
1199	no_pain	0.9999913	1.1119989e-06	7.599922e-06
1200	no_pain	0.999988	7.832995e-06	4.10686e-06
1201	no_pain	0.9999929	1.737087e-06	5.3737654e-06
1202	no_pain	0.57189035	2.619135e-05	0.42808342
1203	no_pain	0.9999887	7.890893e-06	3.4703273e-06
1204	no_pain	0.9999811	1.5583222e-05	3.2791681e-06
1205	no_pain	0.99999344	8.11041e-07	5.727086e-06
1206	no_pain	0.9999916	1.2598081e-06	7.141088e-06
1207	no_pain	0.99999124	7.832975e-07	8.040236e-06
1208	no_pain	0.9999916	8.063827e-07	7.565252e-06
1209	low_pain	1.7381308e-07	0.9999997	1.562271e-07
1210	low_pain	8.414409e-07	0.99999726	1.9100262e-06
1211	low_pain	5.697992e-06	0.9999917	2.5818333e-06
1212	no_pain	0.99999076	7.650646e-07	8.528883e-06
1213	no_pain	0.99999136	9.690838e-07	7.681572e-06
1214	no_pain	0.99999124	8.7510887e-07	7.92511e-06
1215	no_pain	0.99999124	1.7796614e-06	6.9851408e-06
1216	no_pain	0.99998194	1.5095517e-05	2.952214e-06
1217	no_pain	0.9999913	5.40418e-07	8.201723e-06
1218	no_pain	0.6753543	9.126802e-05	0.32455447
1219	no_pain	0.99999136	1.5907145e-06	7.0960837e-06
1220	no_pain	0.99998665	7.940603e-07	1.2532494e-05
1221	no_pain	0.999991	1.500487e-06	7.5147327e-06
1222	no_pain	0.9999908	2.3190685e-06	6.8685194e-06
1223	low_pain	3.557648e-07	0.99999934	3.3204464e-07
1224	no_pain	0.99999094	1.7851811e-06	7.3044016e-06
1225	no_pain	0.99999017	4.543909e-06	5.2639784e-06
1226	low_pain	2.2511415e-07	0.9999996	1.9816801e-07
1227	no_pain	0.9999924	9.698438e-07	6.6283205e-06
1228	no_pain	0.99998826	7.631972e-06	4.057012e-06
1229	no_pain	0.9999939	1.4671048e-06	4.601879e-06
1230	no_pain	0.99999374	7.9418714e-07	5.467976e-06
1231	high_pain	0.2857	1.4114233e-05	0.7142859
1232	no_pain	0.99996203	1.0586202e-06	3.6885904e-05
1233	no_pain	0.9999938	1.0033951e-06	5.191187e-06
1234	high_pain	0.0004083778	0.4159954	0.5835962
1235	low_pain	7.5437407e-07	0.99999875	4.777855e-07
1236	high_pain	4.9548244e-06	8.440705e-06	0.9999866
1237	no_pain	0.99998796	2.8630197e-06	9.161833e-06
1238	high_pain	3.859632e-06	1.117637e-05	0.9999849
1239	no_pain	0.999991	7.75598e-07	8.247264e-06
1240	no_pain	0.99999094	7.0978876e-07	8.356301e-06
1241	no_pain	0.99999106	8.2703673e-07	8.111155e-06
1242	no_pain	0.9999913	1.5534113e-06	7.130448e-06
1243	no_pain	0.999991	5.4469274e-07	8.465104e-06
1244	low_pain	0.00021074631	0.6551312	0.34465805
1245	no_pain	0.9999905	4.094766e-06	5.437652e-06
1246	low_pain	3.2180898e-07	0.99999934	3.321481e-07
1247	high_pain	0.0002341009	0.14200766	0.8577582
1248	no_pain	0.5714804	7.19821e-06	0.42851236
1249	no_pain	0.5733633	4.3454347e-05	0.42659324
1250	no_pain	0.99999154	2.6135835e-06	5.835523e-06
1251	no_pain	0.9999914	8.225857e-07	7.779335e-06
1252	high_pain	5.5888636e-06	7.1269824e-06	0.9999872
1253	no_pain	0.9999914	7.532158e-07	7.786716e-06
1254	low_pain	1.2904931e-07	0.9999997	1.2767796e-07
1255	no_pain	0.99998903	1.3011717e-06	9.67314e-06
1256	no_pain	0.9999841	1.2597591e-05	3.315564e-06
1257	no_pain	0.9999905	1.0155552e-06	8.431788e-06
1258	no_pain	0.999991	1.317685e-06	7.724467e-06
1259	no_pain	0.99999017	3.6387214e-06	6.169651e-06
1260	low_pain	3.1513335e-07	0.9999994	3.2835842e-07
1261	no_pain	0.9999922	1.0599654e-06	6.787526e-06
1262	no_pain	0.9999913	6.8710267e-07	8.085839e-06
1263	no_pain	0.9999911	8.517874e-07	7.986064e-06
1264	no_pain	0.999991	1.2088501e-06	7.798902e-06
1265	no_pain	0.9999911	1.4888307e-06	7.324284e-06
1266	high_pain	0.42857394	4.9002347e-06	0.57142115
1267	no_pain	0.99999124	1.516026e-06	7.3049678e-06
1268	low_pain	1.0882502e-06	0.9999984	5.613757e-07
1269	no_pain	0.9999911	3.7427853e-06	5.1469146e-06
1270	no_pain	0.9999913	8.747046e-07	7.907382e-06
1271	no_pain	0.999993	1.0718555e-06	5.9166314e-06
1272	no_pain	0.9999913	1.4545927e-06	7.304847e-06
1273	no_pain	0.9999916	1.360556e-06	7.056505e-06
1274	no_pain	0.9999867	9.853686e-06	3.4536351e-06
1275	no_pain	0.99999094	1.6924084e-06	7.375772e-06
1276	no_pain	0.9999913	8.460766e-07	7.8869925e-06
1277	no_pain	0.999991	1.7994406e-06	7.2442135e-06
1278	no_pain	0.9999915	1.3414011e-06	7.190619e-06
1279	no_pain	0.999991	8.807951e-07	8.107264e-06
1280	no_pain	0.9999911	2.1234357e-06	6.7651463e-06
1281	no_pain	0.99999416	1.4651926e-06	4.391558e-06
1282	high_pain	1.5379796e-05	1.0107971e-05	0.99997455
1283	no_pain	0.99999005	6.102113e-07	9.353758e-06
1284	no_pain	0.99999046	6.5756063e-07	8.910564e-06
1285	no_pain	0.9999914	2.096158e-06	6.5429954e-06
1286	no_pain	0.99998045	1.6262004e-05	3.2913833e-06
1287	no_pain	0.9999913	9.899164e-07	7.764765e-06
1288	high_pain	2.7586618e-06	6.583418e-06	0.99999064
1289	no_pain	0.9999881	8.432803e-06	3.4869397e-06
1290	no_pain	0.9999916	2.6003145e-06	5.774826e-06
1291	no_pain	0.718962	7.99317e-05	0.28095803
1292	no_pain	0.9999796	1.7069002e-05	3.3349297e-06
1293	low_pain	0.0058572264	0.97081554	0.023327261
1294	no_pain	0.99999106	8.3457144e-07	8.061019e-06
1295	low_pain	9.795338e-07	0.9999979	1.1377555e-06
1296	no_pain	0.99998367	1.3078415e-05	3.309262e-06
1297	no_pain	0.9999906	1.0877146e-06	8.350294e-06
1298	no_pain	0.99999154	1.3101071e-06	7.158664e-06
1299	no_pain	0.9999892	7.337237e-06	3.444271e-06
1300	low_pain	0.035899818	0.9638586	0.00024154386
1301	no_pain	0.9999909	6.6755393e-07	8.442839e-06
1302	no_pain	0.9999903	8.358637e-07	8.903978e-06
1303	no_pain	0.9999914	8.480955e-07	7.781765e-06
1304	no_pain	0.9999918	1.2222234e-06	7.071324e-06
1305	no_pain	0.99998075	1.6080998e-05	3.2152577e-06
1306	no_pain	0.9999918	1.3582785e-06	6.912833e-06
1307	no_pain	0.9999915	1.9063953e-06	6.6533353e-06
1308	no_pain	0.99999017	7.7239844e-07	9.029173e-06
1309	low_pain	1.1097522e-05	0.9999875	1.4256818e-06
1310	no_pain	0.99999154	7.509235e-07	7.76051e-06
1311	high_pain	0.14732768	6.119368e-05	0.8526111
1312	no_pain	0.9999908	2.3108498e-06	6.9009693e-06
1313	no_pain	0.99999106	1.2192874e-06	7.732844e-06
1314	no_pain	0.99999136	1.5111946e-06	7.1333743e-06
1315	low_pain	5.6201736e-07	0.99999905	4.2017584e-07
1316	no_pain	0.99999005	1.3458601e-06	8.557064e-06
1317	no_pain	0.9999787	1.7906126e-05	3.3435124e-06
1318	low_pain	9.0278365e-07	0.9999985	5.677003e-07
1319	no_pain	0.9999908	7.1736497e-07	8.498572e-06
1320	no_pain	0.9999906	1.0114243e-06	8.392473e-06
1321	no_pain	0.9999915	8.3296305e-07	7.692103e-06
1322	no_pain	0.9999853	1.1606176e-05	3.1082907e-06
1323	no_pain	0.9999909	8.3819214e-07	8.289527e-06
