sample_index	label	no_pain	low_pain	high_pain
000	no_pain	0.8419084	0.15807422	1.7439035e-05
001	no_pain	0.99973136	0.00026771572	9.5197913e-07
002	no_pain	0.971539	0.028434787	2.6211099e-05
003	no_pain	0.99702156	0.0029654577	1.2973144e-05
004	no_pain	0.95656884	0.04340812	2.3013607e-05
005	no_pain	0.85604906	0.0010777715	0.14287318
006	no_pain	0.9994994	0.0004918886	8.7252365e-06
007	no_pain	0.99982214	0.00017676689	1.0743968e-06
008	no_pain	0.9980823	0.0018923659	2.5426587e-05
009	no_pain	0.99978906	0.0002101692	8.1675296e-07
010	no_pain	0.999453	0.0005449792	1.986213e-06
011	no_pain	0.9998745	0.00012266482	2.876959e-06
012	no_pain	0.9690265	0.030963229	1.028281e-05
013	no_pain	0.70609677	0.29388285	2.0392034e-05
014	no_pain	0.9998221	0.00017708939	8.625357e-07
015	no_pain	0.9859501	0.013992793	5.707095e-05
016	low_pain	6.331212e-07	0.99999917	1.8759393e-07
017	no_pain	0.7643691	0.23558696	4.3961354e-05
018	low_pain	9.183858e-08	0.9999998	1.2260192e-07
019	no_pain	0.99783665	0.0021424552	2.0931127e-05
020	no_pain	0.9999425	5.669126e-05	7.986567e-07
021	no_pain	0.99997663	2.2970316e-05	4.1848287e-07
022	no_pain	0.70961016	0.0049314327	0.28545842
023	low_pain	8.800095e-08	0.9999998	1.0466298e-07
024	no_pain	0.82943577	0.032263905	0.13830037
025	no_pain	0.99944216	0.0005550658	2.7387894e-06
026	low_pain	3.8998118e-07	0.99999934	3.364614e-07
027	no_pain	0.99992657	7.238105e-05	1.091141e-06
028	no_pain	0.9376549	0.062331773	1.3345806e-05
029	no_pain	0.9927004	0.007294088	5.54301e-06
030	no_pain	0.9998905	0.00010848412	9.797312e-07
031	no_pain	0.9865564	0.013435277	8.309959e-06
032	no_pain	0.99977356	0.00022523808	1.1606073e-06
033	no_pain	0.7956891	0.20425908	5.1838837e-05
034	no_pain	0.9936841	0.006311099	4.815131e-06
035	no_pain	0.9999499	4.9713188e-05	4.3413002e-07
036	low_pain	7.338607e-08	0.9999999	9.081777e-08
037	no_pain	0.7143709	0.0019618229	0.28366724
038	no_pain	0.77406996	0.22591753	1.24927155e-05
039	no_pain	0.94658434	0.053402305	1.3349606e-05
040	no_pain	0.8572798	0.001909319	0.14081086
041	low_pain	1.5850756e-07	0.9999997	1.2896037e-07
042	low_pain	1.0494313e-07	0.9999998	1.2989581e-07
043	low_pain	0.1312113	0.86878306	5.6395024e-06
044	no_pain	0.9997388	0.00026000908	1.1723671e-06
045	high_pain	0.24209061	0.04361807	0.7142913
046	high_pain	5.032048e-06	5.254289e-06	0.9999897
047	no_pain	0.9793698	0.020621104	9.058962e-06
048	no_pain	0.999934	6.504855e-05	9.4493913e-07
049	high_pain	3.3728704e-06	2.8316874e-06	0.9999938
050	high_pain	0.0002336894	0.04686871	0.9528976
051	no_pain	0.93195784	0.06801764	2.4476325e-05
052	low_pain	0.00059917086	0.90167826	0.09772251
053	low_pain	0.38630703	0.61367095	2.2032631e-05
054	no_pain	0.9993828	0.00061457197	2.6271337e-06
055	no_pain	0.5608283	0.43396884	0.0052028326
056	no_pain	0.9930882	0.006906524	5.3013728e-06
057	no_pain	0.999649	0.00034929666	1.6873103e-06
058	no_pain	0.9766741	0.023315331	1.0599541e-05
059	no_pain	0.9992569	0.0007411802	1.978575e-06
060	no_pain	0.68350667	0.030789152	0.2857042
061	no_pain	0.75795877	0.2420237	1.7576658e-05
062	no_pain	0.986515	0.013474658	1.0373638e-05
063	no_pain	0.99991554	8.4024956e-05	4.772966e-07
064	no_pain	0.99994737	5.189303e-05	7.8297353e-07
065	no_pain	0.9996978	0.000300024	2.1407002e-06
066	no_pain	0.999957	4.2309926e-05	7.175509e-07
067	no_pain	0.9973775	0.0026181953	4.319612e-06
068	no_pain	0.98348325	0.016448827	6.793185e-05
069	no_pain	0.9999581	4.128543e-05	6.0525326e-07
070	no_pain	0.9996912	0.0003073664	1.4692016e-06
071	low_pain	1.0396592e-07	0.9999998	1.1862447e-07
072	no_pain	0.9998926	0.00010622864	1.2477952e-06
073	no_pain	0.86142457	0.004768294	0.13380711
074	no_pain	0.8594422	0.14052352	3.4325207e-05
075	no_pain	0.99842304	0.0015740996	2.8607938e-06
076	no_pain	0.76564825	0.2343099	4.1862284e-05
077	no_pain	0.9992461	0.000750431	3.4721963e-06
078	no_pain	0.99975926	0.00023959913	1.1249306e-06
079	no_pain	0.9996461	0.00035242713	1.4937417e-06
080	low_pain	0.17634813	0.7032296	0.12042229
081	low_pain	0.0003415194	0.71405214	0.28560632
082	high_pain	7.552977e-05	0.008157346	0.9917671
083	no_pain	0.64886725	0.35109538	3.7293274e-05
084	no_pain	0.9999737	2.5958549e-05	3.6282623e-07
085	no_pain	0.9972435	0.0027530827	3.3567305e-06
086	no_pain	0.9994504	0.00054691004	2.6916957e-06
087	low_pain	0.42837837	0.5716198	1.8301662e-06
088	no_pain	0.9994351	0.00056309154	1.7459444e-06
089	no_pain	0.99984694	0.00015203243	1.0631917e-06
090	no_pain	0.61059725	0.25481442	0.13458826
091	no_pain	0.9872724	0.012720526	7.10261e-06
092	no_pain	0.9997458	0.0002528665	1.3340544e-06
093	low_pain	0.28092575	0.5799481	0.13912609
094	no_pain	0.9993575	0.00063976523	2.7457536e-06
095	no_pain	0.7495018	0.25047368	2.4460387e-05
096	no_pain	0.9950018	0.004993804	4.4242847e-06
097	high_pain	0.12739761	0.015469825	0.85713255
098	high_pain	0.0024739695	0.22489977	0.7726263
099	low_pain	0.0010562079	0.9988736	7.02291e-05
100	no_pain	0.9998826	0.00011643179	9.845628e-07
101	no_pain	0.9998169	0.00018198467	1.1117626e-06
102	low_pain	9.215439e-08	0.9999999	9.3126125e-08
103	low_pain	0.28553653	0.714462	1.4911178e-06
104	no_pain	0.99992335	7.306459e-05	3.5861744e-06
105	no_pain	0.40170863	0.30492467	0.2933667
106	high_pain	0.00016557243	0.0058472096	0.9939872
107	no_pain	0.9992323	0.0007654782	2.2195786e-06
108	no_pain	0.9995411	0.0004571857	1.7356898e-06
109	no_pain	0.99995625	4.307014e-05	6.2584644e-07
110	no_pain	0.99975383	0.00024509578	1.0797311e-06
111	no_pain	0.9600552	0.039929785	1.50773685e-05
112	low_pain	0.1333065	0.866685	8.565223e-06
113	no_pain	0.9997915	0.00020684171	1.6681546e-06
114	no_pain	0.9999577	4.1733067e-05	5.452279e-07
115	no_pain	0.9921304	0.007828424	4.117852e-05
116	no_pain	0.58205235	0.41792575	2.1884169e-05
117	high_pain	2.7719925e-05	0.00032024313	0.999652
118	high_pain	0.022555087	0.05619571	0.9212493
119	no_pain	0.9999656	3.4047353e-05	3.2479596e-07
120	no_pain	0.99920875	0.0007809316	1.0357425e-05
121	no_pain	0.9998232	0.00017578811	9.955323e-07
122	no_pain	0.99887466	0.0011167448	8.590918e-06
123	no_pain	0.9998364	0.00016255629	1.0662558e-06
124	high_pain	0.12326307	0.28549376	0.5912432
125	no_pain	0.9997765	0.00022197423	1.5177092e-06
126	no_pain	0.9999196	7.9896134e-05	4.985012e-07
127	no_pain	0.99518	0.004815621	4.371914e-06
128	no_pain	0.9998823	0.00011659317	1.1133859e-06
129	no_pain	0.9997431	0.0002555628	1.3549143e-06
130	no_pain	0.99973166	0.00026703576	1.3110811e-06
131	no_pain	0.9997912	0.00020766493	1.1395742e-06
132	no_pain	0.99990547	9.403279e-05	5.1576205e-07
133	no_pain	0.99936134	0.00063581864	2.8201898e-06
134	no_pain	0.9998328	0.00016445607	2.6978512e-06
135	no_pain	0.99994576	5.345853e-05	8.093533e-07
136	low_pain	8.796938e-08	0.9999999	1.0409353e-07
137	high_pain	0.01731669	0.1258032	0.85688007
138	no_pain	0.9999604	3.907323e-05	5.123441e-07
139	no_pain	0.8984232	0.10155741	1.9374826e-05
140	no_pain	0.99997914	2.0395291e-05	4.3527686e-07
141	no_pain	0.9998059	0.0001929475	1.1233323e-06
142	no_pain	0.8567529	0.00043313747	0.142814
143	no_pain	0.99790084	0.0020832862	1.586616e-05
144	high_pain	0.00018294096	8.5111686e-05	0.99973196
145	no_pain	0.99964553	0.0003528742	1.5854542e-06
146	low_pain	3.776576e-07	0.99999946	1.8113954e-07
147	no_pain	0.9978007	0.0021941012	5.1840075e-06
148	low_pain	5.5075752e-08	0.9999999	7.850705e-08
149	no_pain	0.8311491	0.16883363	1.7287131e-05
150	no_pain	0.9999229	7.6103504e-05	1.0617999e-06
151	no_pain	0.84051514	0.15945588	2.8953096e-05
152	no_pain	0.99989426	0.0001041771	1.5290772e-06
153	no_pain	0.99972343	0.00027541953	1.1719906e-06
154	no_pain	0.9618725	0.038107224	2.0316786e-05
155	no_pain	0.9858679	0.014090592	4.151021e-05
156	no_pain	0.7129239	0.0030301984	0.2840459
157	no_pain	0.7184927	0.28149763	9.623699e-06
158	no_pain	0.9997678	0.00023136768	8.818764e-07
159	low_pain	0.39851803	0.5649865	0.036495477
160	low_pain	0.14294434	0.8570538	1.8604367e-06
161	no_pain	0.7094453	0.29053548	1.9247107e-05
162	no_pain	0.99952906	0.0004680897	2.7831124e-06
163	no_pain	0.99997604	2.3472672e-05	4.6450688e-07
164	no_pain	0.86560285	0.13438073	1.6401535e-05
165	low_pain	3.4497558e-07	0.9999995	1.7606563e-07
166	no_pain	0.70705885	0.292921	2.0105155e-05
167	no_pain	0.9998118	0.000186807	1.3501625e-06
168	no_pain	0.7147029	8.390931e-05	0.2852132
169	no_pain	0.9998285	0.00017044171	1.0214876e-06
170	no_pain	0.999895	0.00010365903	1.4169929e-06
171	low_pain	6.7915416e-08	0.9999999	8.153079e-08
172	no_pain	0.9964761	0.003519693	4.2070337e-06
173	no_pain	0.8648783	0.0005686985	0.13455296
174	no_pain	0.9999468	5.247843e-05	7.3104576e-07
175	low_pain	0.032043137	0.8280152	0.13994168
176	no_pain	0.7170296	0.28295478	1.5616908e-05
177	no_pain	0.9999564	4.3160446e-05	4.725551e-07
178	no_pain	0.9994339	0.0005644844	1.6906403e-06
179	no_pain	0.99915123	0.0008465555	2.2275956e-06
180	no_pain	0.9998747	0.00012436227	9.3842453e-07
181	no_pain	0.9993368	0.00065665704	6.5919644e-06
182	no_pain	0.5995931	0.4003594	4.7506164e-05
183	no_pain	0.9997813	0.00021655092	2.1246071e-06
184	no_pain	0.9883601	6.333641e-05	0.011576532
185	no_pain	0.710476	0.2895107	1.3327931e-05
186	high_pain	0.00012271795	0.023660218	0.9762171
187	no_pain	0.9999704	2.9168054e-05	4.6587087e-07
188	no_pain	0.60862494	0.0029431018	0.38843194
189	high_pain	2.9018473e-05	0.00030615274	0.99966484
190	no_pain	0.99994457	5.420724e-05	1.2596413e-06
191	high_pain	0.0046041594	6.205349e-05	0.9953338
192	no_pain	0.93148905	0.06848276	2.8149301e-05
193	no_pain	0.99988455	0.000114669434	8.2549246e-07
194	no_pain	0.99970376	0.00029485472	1.437462e-06
195	no_pain	0.99993545	6.388066e-05	7.524303e-07
196	no_pain	0.9998164	0.0001790995	4.4978447e-06
197	no_pain	0.99375474	0.0062392214	6.075215e-06
198	low_pain	8.244382e-08	0.9999999	7.947808e-08
199	no_pain	0.99907017	0.00092140125	8.4766e-06
200	no_pain	0.99893063	0.0010654281	3.9092984e-06
201	high_pain	7.608226e-05	0.009226374	0.99069756
202	low_pain	9.4508e-08	0.9999998	1.00692844e-07
203	high_pain	0.0005272252	0.46720788	0.5322649
204	no_pain	0.9900376	0.009955923	6.405575e-06
205	no_pain	0.9961491	0.0038440113	6.868394e-06
206	low_pain	0.14252397	0.8574747	1.4096004e-06
207	no_pain	0.99925196	0.0007437774	4.2353577e-06
208	no_pain	0.7116052	0.28838018	1.4627619e-05
209	no_pain	0.998847	0.0011505781	2.4471226e-06
210	no_pain	0.99985826	0.0001405881	1.2214584e-06
211	no_pain	0.99984306	0.00015593697	1.0284383e-06
212	no_pain	0.99991095	8.7990185e-05	1.0808761e-06
213	no_pain	0.98148006	0.018510899	9.005038e-06
214	low_pain	1.6258566e-07	0.9999997	1.3480198e-07
215	no_pain	0.999694	0.00030506196	9.94794e-07
216	no_pain	0.99963135	0.00036486905	3.8080484e-06
217	no_pain	0.9835575	0.016433442	9.066477e-06
218	no_pain	0.99815553	0.0018390623	5.3927465e-06
219	no_pain	0.6032046	0.3967636	3.1807238e-05
220	low_pain	2.1883407e-07	0.9999989	8.7660646e-07
221	no_pain	0.999543	0.00045466446	2.3361686e-06
222	low_pain	2.3776376e-07	0.9999994	3.6642717e-07
223	no_pain	0.99405056	0.0059396983	9.7669545e-06
224	no_pain	0.998962	0.0010264304	1.1617549e-05
225	no_pain	0.9997629	0.00023587975	1.279023e-06
226	high_pain	0.13789387	0.016551549	0.84555465
227	no_pain	0.9998971	0.00010213699	7.7814286e-07
228	no_pain	0.9997178	0.00028086753	1.333962e-06
229	no_pain	0.99953336	0.0004605835	6.065083e-06
230	no_pain	0.99650806	0.0034875288	4.3601967e-06
231	no_pain	0.99995416	4.515841e-05	7.0316133e-07
232	no_pain	0.9996026	0.00039559303	1.8674152e-06
233	no_pain	0.9999562	4.314217e-05	6.8613855e-07
234	no_pain	0.9990487	0.0009491686	2.1211474e-06
235	no_pain	0.9991471	0.00084893085	3.9129295e-06
236	no_pain	0.6946376	0.3053371	2.5275463e-05
237	no_pain	0.70847005	0.29150978	2.0183226e-05
238	low_pain	0.0011288086	0.89123785	0.10763331
239	no_pain	0.7026881	0.2972899	2.1969381e-05
240	no_pain	0.9996082	0.00038894507	2.7915662e-06
241	no_pain	0.9995251	0.000472531	2.3241462e-06
242	no_pain	0.9999426	5.6714583e-05	7.0603477e-07
243	no_pain	0.9954303	0.004565605	4.1440426e-06
244	no_pain	0.99849975	0.0014919905	8.224815e-06
245	no_pain	0.99967486	0.00032361527	1.5214991e-06
246	no_pain	0.9998492	0.00014695841	3.8010892e-06
247	no_pain	0.99994344	5.57461e-05	8.117676e-07
248	no_pain	0.9965059	0.0034873614	6.7020637e-06
249	no_pain	0.9787321	0.021258907	9.035496e-06
250	no_pain	0.7142216	0.2857763	2.1335454e-06
251	low_pain	8.2608345e-08	0.9999999	1.0790773e-07
252	no_pain	0.99569845	0.0042958376	5.6939593e-06
253	no_pain	0.99989545	0.00010402651	5.3825227e-07
254	no_pain	0.9618131	0.038167786	1.9098565e-05
255	no_pain	0.9984674	0.0015216041	1.0982977e-05
256	no_pain	0.99994975	4.9598922e-05	6.875186e-07
257	high_pain	0.42852348	8.8151275e-05	0.57138836
258	no_pain	0.9944473	0.0055088797	4.3797365e-05
259	no_pain	0.9907619	0.009226973	1.1135598e-05
260	no_pain	0.9993151	0.0006832638	1.7452998e-06
261	high_pain	3.7271442e-05	0.0006183317	0.99934435
262	no_pain	0.7312007	0.2687594	3.988056e-05
263	no_pain	0.99893093	0.0010663639	2.6893558e-06
264	no_pain	0.71915036	0.2808322	1.7429173e-05
265	no_pain	0.99995714	4.2222826e-05	6.386816e-07
266	high_pain	9.339101e-05	0.27714276	0.7227639
267	no_pain	0.999865	0.00013415833	8.9069607e-07
268	high_pain	0.045921396	0.24321993	0.7108587
269	no_pain	0.55689365	0.44296798	0.00013837825
270	low_pain	1.7271728e-07	0.9999997	1.375274e-07
271	no_pain	0.9998756	0.0001235658	8.198166e-07
272	low_pain	1.340711e-07	0.9999997	1.2896025e-07
273	low_pain	3.836481e-06	0.9999958	2.892013e-07
274	no_pain	0.70550907	0.29446954	2.1410991e-05
275	no_pain	0.9998809	0.00011766869	1.4201096e-06
276	no_pain	0.5720204	0.4279464	3.3252083e-05
277	high_pain	0.0135174645	0.27233806	0.7141445
278	no_pain	0.9930255	0.00696857	5.9256927e-06
279	no_pain	0.9996177	0.0003806734	1.6708647e-06
280	no_pain	0.99999267	7.170955e-06	1.9971087e-07
281	no_pain	0.79329056	0.2066835	2.5955827e-05
282	no_pain	0.99988157	0.000117416326	1.0265182e-06
283	no_pain	0.9995962	0.00040178472	2.0315983e-06
284	no_pain	0.9998556	0.00014353216	9.0349516e-07
285	no_pain	0.9997884	0.00021038394	1.1786324e-06
286	no_pain	0.99963963	0.00035875422	1.6182832e-06
287	low_pain	7.869172e-08	0.9999999	8.20081e-08
288	no_pain	0.9999709	2.8629305e-05	4.5292222e-07
289	no_pain	0.9999301	6.944858e-05	4.3110074e-07
290	no_pain	0.99994785	5.1396946e-05	7.889833e-07
291	low_pain	8.623603e-08	0.9999999	8.768517e-08
292	no_pain	0.99996394	3.550804e-05	5.3598376e-07
293	no_pain	0.9998624	0.00013673211	8.767637e-07
294	low_pain	8.528128e-08	0.9999999	1.0428213e-07
295	no_pain	0.9998627	0.00013649452	8.76386e-07
296	no_pain	0.68681514	0.3131571	2.777474e-05
297	no_pain	0.99995095	4.830655e-05	7.177413e-07
298	no_pain	0.9602709	0.039705478	2.3598628e-05
299	no_pain	0.5697505	0.43018058	6.889465e-05
300	low_pain	1.2273917e-07	0.9999997	1.4947226e-07
301	no_pain	0.99986887	0.00013025214	8.5651084e-07
302	low_pain	1.3115404e-07	0.9999997	1.2428977e-07
303	no_pain	0.5212481	0.1930147	0.28573722
304	no_pain	0.9998198	0.00017869534	1.4437961e-06
305	no_pain	0.99948007	0.0005172882	2.681259e-06
306	no_pain	0.99994224	5.6940997e-05	8.3866155e-07
307	no_pain	0.9999685	3.1006417e-05	4.5877863e-07
308	low_pain	1.5780027e-07	0.9999997	1.641384e-07
309	no_pain	0.99976873	0.00023025843	1.043051e-06
310	no_pain	0.9999495	4.9745613e-05	7.021931e-07
311	no_pain	0.9998088	0.00019014972	1.0352707e-06
312	no_pain	0.9975782	0.0024150463	6.673807e-06
313	no_pain	0.72680986	0.27317604	1.4117181e-05
314	no_pain	0.99979293	0.00020624232	9.0082216e-07
315	no_pain	0.9998969	0.000102014	1.108905e-06
316	no_pain	0.73108757	0.2688978	1.4653562e-05
317	no_pain	0.999952	4.7157137e-05	7.7663736e-07
318	no_pain	0.99993193	6.758369e-05	4.5086418e-07
319	high_pain	4.536049e-06	5.097165e-06	0.99999034
320	no_pain	0.88849354	0.11147902	2.7417273e-05
321	low_pain	1.14944534e-07	0.9999997	1.724597e-07
322	low_pain	8.443947e-08	0.9999999	9.506118e-08
323	no_pain	0.9995431	0.00045442794	2.5027882e-06
324	no_pain	0.99989396	0.00010520481	8.6923956e-07
325	high_pain	0.04814164	0.042946838	0.9089116
326	high_pain	0.00012034313	0.00033153378	0.9995481
327	no_pain	0.8098947	0.19008444	2.086536e-05
328	no_pain	0.87601346	0.12397231	1.4200549e-05
329	no_pain	0.99961334	0.00038484117	1.8154786e-06
330	low_pain	6.093594e-06	0.9978576	0.0021363327
331	no_pain	0.9970566	0.002930979	1.24284115e-05
332	no_pain	0.99963397	0.00036426293	1.7818311e-06
333	no_pain	0.9995461	0.0004520649	1.8560258e-06
334	high_pain	6.4564774e-05	0.00039704147	0.9995384
335	no_pain	0.9985007	0.0014958782	3.3963945e-06
336	no_pain	0.98676604	0.01321739	1.6529937e-05
337	no_pain	0.87175286	0.12822981	1.733331e-05
338	no_pain	0.9928651	0.007058121	7.678224e-05
339	no_pain	0.99730045	0.0026959002	3.6474232e-06
340	low_pain	1.574485e-06	0.9999433	5.51638e-05
341	no_pain	0.9994933	0.00050498015	1.6856827e-06
342	no_pain	0.999929	6.9865644e-05	1.170363e-06
343	no_pain	0.9349831	0.06500063	1.6374632e-05
344	no_pain	0.9998613	0.00013743933	1.2273498e-06
345	no_pain	0.9994406	0.0005542627	5.1199668e-06
346	no_pain	0.9991497	0.0008469121	3.4638717e-06
347	no_pain	0.8971386	0.10284442	1.7024706e-05
348	no_pain	0.99864274	0.0013526563	4.665339e-06
349	no_pain	0.85347277	0.14651148	1.5754295e-05
350	no_pain	0.52295274	0.47661066	0.00043659323
351	no_pain	0.9998973	0.00010158937	1.1414888e-06
352	low_pain	7.144321e-08	0.9999999	8.249078e-08
353	no_pain	0.99982625	0.00017242819	1.3182895e-06
354	no_pain	0.9968669	0.0031291116	4.006048e-06
355	no_pain	0.9989085	0.0010886176	2.8842526e-06
356	no_pain	0.99995226	4.7088255e-05	6.7945473e-07
357	no_pain	0.9998144	0.00018455529	1.0669921e-06
358	no_pain	0.99995553	4.377261e-05	7.017181e-07
359	no_pain	0.9958673	0.0041205203	1.21817075e-05
360	no_pain	0.9999098	8.951364e-05	6.7549615e-07
361	no_pain	0.99902105	0.0009750329	3.930607e-06
362	no_pain	0.8971024	0.10167168	0.0012259064
363	no_pain	0.99995124	4.807092e-05	6.813033e-07
364	no_pain	0.83955085	0.1604201	2.9012981e-05
365	no_pain	0.73430645	0.26567075	2.274777e-05
366	no_pain	0.9999518	4.7485642e-05	7.747429e-07
367	no_pain	0.9995883	0.00041032018	1.4114958e-06
368	no_pain	0.9999257	7.363608e-05	7.0319805e-07
369	no_pain	0.99995613	4.3178825e-05	7.2248883e-07
370	no_pain	0.9839992	0.015991753	9.049814e-06
371	low_pain	1.7893163e-07	0.9999997	1.4282598e-07
372	low_pain	1.15123434e-07	0.9999998	1.2001918e-07
373	no_pain	0.99955446	0.00044374654	1.8359082e-06
374	no_pain	0.9993388	0.0006592619	1.8801902e-06
375	low_pain	9.13877e-08	0.9999998	1.050214e-07
376	no_pain	0.99988735	0.000111025176	1.6621212e-06
377	no_pain	0.99905235	0.00093822356	9.43081e-06
378	no_pain	0.999863	0.00013606131	9.119102e-07
379	low_pain	9.8828764e-08	0.9999998	1.3207008e-07
380	no_pain	0.9996888	0.00030988725	1.2402453e-06
381	low_pain	4.4489215e-07	0.99999934	2.2746693e-07
382	no_pain	0.9997744	0.00022435709	1.2373904e-06
383	no_pain	0.9999924	7.4050154e-06	2.1768855e-07
384	no_pain	0.8711549	0.12881865	2.6395826e-05
385	no_pain	0.9939395	0.006023314	3.7154274e-05
386	high_pain	0.428469	0.00016063424	0.5713703
387	no_pain	0.9857603	0.01423049	9.222203e-06
388	no_pain	0.9996109	0.0003731651	1.5913956e-05
389	no_pain	0.99985486	0.00014418714	1.0278237e-06
390	no_pain	0.9994172	0.0005758905	6.9566095e-06
391	no_pain	0.9954977	0.0044980715	4.2528072e-06
392	low_pain	0.0076541146	0.77697515	0.2153707
393	no_pain	0.67477566	0.3251923	3.2008942e-05
394	no_pain	0.9998985	0.00010075209	7.6521e-07
395	no_pain	0.9999114	8.734154e-05	1.2304569e-06
396	no_pain	0.9992606	0.0007375668	1.822344e-06
397	no_pain	0.71492577	0.2850606	1.3588743e-05
398	no_pain	0.7057515	0.29424077	7.715784e-06
399	low_pain	9.306302e-08	0.9999997	1.8927798e-07
400	low_pain	9.373723e-05	0.76350653	0.23639968
401	low_pain	0.0004187484	0.99625885	0.0033223906
402	no_pain	0.9993569	0.0006402719	2.7670014e-06
403	no_pain	0.69592965	0.30296165	0.0011087385
404	no_pain	0.9999542	4.51277e-05	6.7174034e-07
405	no_pain	0.57051265	0.0010667512	0.4284206
406	no_pain	0.9999076	9.166704e-05	7.283502e-07
407	no_pain	0.6751105	0.32486385	2.5627727e-05
408	no_pain	0.99988216	0.00011701606	8.332102e-07
409	no_pain	0.9998973	0.00010217751	5.312667e-07
410	no_pain	0.99856246	0.0014233234	1.4232472e-05
411	no_pain	0.70829344	0.29168668	1.9869965e-05
412	no_pain	0.9995605	0.00043793287	1.610687e-06
413	low_pain	0.13727668	0.8627187	4.6423547e-06
414	low_pain	8.1212995e-08	0.9999999	1.171811e-07
415	no_pain	0.57191986	0.42807287	7.292621e-06
416	low_pain	8.416022e-08	0.9999999	1.04937826e-07
417	no_pain	0.997544	0.0024529512	3.0555136e-06
418	low_pain	8.945269e-08	0.9999998	1.0277254e-07
419	no_pain	0.9992674	0.000729489	3.1034954e-06
420	no_pain	0.8683459	0.13162236	3.17003e-05
421	high_pain	3.544589e-06	2.4113986e-06	0.999994
422	no_pain	0.99989605	0.00010304638	9.1329053e-07
423	no_pain	0.9995109	0.00048700874	2.0975897e-06
424	no_pain	0.99995786	4.1579704e-05	6.1008285e-07
425	low_pain	0.14298318	0.85700935	7.48726e-06
426	low_pain	4.288592e-07	0.9999994	1.8336034e-07
427	high_pain	1.882318e-05	2.7743215e-05	0.99995345
428	high_pain	0.28627485	0.14101355	0.5727116
429	high_pain	0.00023878344	0.007657247	0.992104
430	no_pain	0.9993658	0.00063116633	3.0639505e-06
431	no_pain	0.9983657	0.0016307259	3.5991573e-06
432	no_pain	0.7510136	0.24896076	2.5692347e-05
433	no_pain	0.87728125	0.0020022076	0.12071651
434	no_pain	0.9984364	0.0015561031	7.549058e-06
435	no_pain	0.98676634	0.013225446	8.235491e-06
436	no_pain	0.7958211	0.0066184537	0.1975605
437	no_pain	0.735097	0.120782234	0.14412074
438	no_pain	0.99955827	0.0004402638	1.5527787e-06
439	no_pain	0.99975204	0.0002467485	1.2252515e-06
440	no_pain	0.9997985	0.00020022699	1.2476168e-06
441	no_pain	0.99896437	0.001033284	2.344677e-06
442	no_pain	0.9997919	0.00020688515	1.2268538e-06
443	no_pain	0.99965036	0.00034842044	1.2967156e-06
444	no_pain	0.99992716	7.201366e-05	8.046331e-07
445	no_pain	0.9997324	0.00026604647	1.6084671e-06
446	no_pain	0.71621746	0.28376755	1.4954686e-05
447	no_pain	0.9999584	4.0949853e-05	6.233444e-07
448	no_pain	0.99746275	0.002527245	9.996663e-06
449	no_pain	0.79860157	0.2013664	3.198994e-05
450	low_pain	1.8626999e-07	0.99999964	1.362474e-07
451	no_pain	0.54937303	0.4333183	0.017308654
452	no_pain	0.55554515	0.01590659	0.42854825
453	no_pain	0.6734191	0.32654795	3.2926113e-05
454	high_pain	1.4248515e-05	6.097543e-05	0.9999248
455	no_pain	0.99710983	0.0028758557	1.436693e-05
456	no_pain	0.9999184	8.114274e-05	4.7619338e-07
457	no_pain	0.8427734	0.1571913	3.5293757e-05
458	no_pain	0.7212617	0.2787095	2.8779532e-05
459	no_pain	0.99979687	0.00020182284	1.2857253e-06
460	high_pain	0.09960182	0.11591341	0.7844848
461	no_pain	0.9999451	5.4172582e-05	7.1668177e-07
462	low_pain	3.9203505e-07	0.99999845	1.1834916e-06
463	no_pain	0.99965394	0.00034229853	3.78464e-06
464	no_pain	0.597616	0.40234092	4.309067e-05
465	high_pain	5.050505e-05	0.0017514734	0.998198
466	no_pain	0.9994258	0.0005714908	2.6714968e-06
467	no_pain	0.9984689	0.0015287418	2.4062506e-06
468	no_pain	0.61255646	0.101745136	0.28569838
469	no_pain	0.999791	0.00020761839	1.4293324e-06
470	no_pain	0.99929816	0.0006961841	5.6384138e-06
471	high_pain	0.24897897	0.036239747	0.7147813
472	no_pain	0.9999436	5.564967e-05	7.812212e-07
473	no_pain	0.7461959	0.2537133	9.073702e-05
474	no_pain	0.7151163	0.28486326	2.0423418e-05
475	low_pain	2.5318653e-07	0.9999996	1.6418673e-07
476	no_pain	0.9998728	0.00012609459	1.0672994e-06
477	no_pain	0.9992434	0.0007542757	2.2923666e-06
478	high_pain	4.1963445e-05	0.0014562599	0.9985018
479	high_pain	0.20735562	0.0050549847	0.78758943
480	no_pain	0.99995166	4.768189e-05	6.8769043e-07
481	no_pain	0.9993701	0.0006280391	1.8208108e-06
482	no_pain	0.99994427	5.490662e-05	7.8945595e-07
483	low_pain	1.9841961e-07	0.9999996	1.9757707e-07
484	no_pain	0.9997669	0.00023213802	1.0113235e-06
485	no_pain	0.71173656	0.288246	1.7447377e-05
486	no_pain	0.9996877	0.00031111905	1.2598975e-06
487	no_pain	0.5697506	0.0017154956	0.42853397
488	no_pain	0.9929509	0.007018642	3.0452531e-05
489	no_pain	0.84442204	0.15556836	9.572109e-06
490	low_pain	7.7409354e-08	0.9999999	9.6112686e-08
491	no_pain	0.88665324	0.1133328	1.3995296e-05
492	high_pain	0.00029993695	0.0056424537	0.9940576
493	no_pain	0.999578	0.0004202212	1.7802479e-06
494	no_pain	0.97306365	0.026926978	9.375605e-06
495	no_pain	0.99963963	0.00035769297	2.6587134e-06
496	no_pain	0.9993486	0.00064850535	2.9110654e-06
497	no_pain	0.9938146	0.006176038	9.377119e-06
498	no_pain	0.99969167	0.00030711052	1.2507483e-06
499	no_pain	0.9314288	0.06841748	0.00015375474
500	no_pain	0.9999528	4.6541554e-05	6.6123573e-07
501	no_pain	0.9987632	0.0012125532	2.4235533e-05
502	no_pain	0.9998514	0.00014762333	9.05243e-07
503	no_pain	0.9988769	0.0011203	2.7798808e-06
504	no_pain	0.99348485	0.0065091224	6.0203406e-06
505	no_pain	0.9814882	0.01849812	1.36510835e-05
506	no_pain	0.9977407	0.0022564847	2.898207e-06
507	no_pain	0.9991385	0.00085388136	7.6137417e-06
508	low_pain	1.8621641e-07	0.99999964	1.5487286e-07
509	no_pain	0.9975581	0.0024385748	3.3002086e-06
510	low_pain	2.0438704e-07	0.99999964	1.2865671e-07
511	no_pain	0.9999481	5.1185605e-05	7.290905e-07
512	no_pain	0.9982415	0.0017553864	3.140929e-06
513	no_pain	0.72245735	0.27752915	1.3463939e-05
514	no_pain	0.99953735	0.0004601812	2.4820588e-06
515	high_pain	0.14595653	0.14175797	0.7122855
516	no_pain	0.40821034	0.20653664	0.38525298
517	no_pain	0.9999544	4.5167406e-05	4.3057622e-07
518	no_pain	0.69690466	0.30307198	2.3355158e-05
519	no_pain	0.9999595	3.982946e-05	6.2023815e-07
520	no_pain	0.95160335	0.04836944	2.7230471e-05
521	no_pain	0.99989927	9.7827586e-05	2.8955503e-06
522	no_pain	0.99776334	0.0022325136	4.1155604e-06
523	no_pain	0.873761	0.0046523614	0.12158664
524	no_pain	0.6770843	0.3228832	3.2530097e-05
525	no_pain	0.99929106	0.00070583355	3.0684794e-06
526	no_pain	0.99994844	5.0807208e-05	7.468726e-07
527	no_pain	0.99881256	0.0011845549	2.8926365e-06
528	no_pain	0.9995355	0.00046264165	1.8923221e-06
529	low_pain	1.4251941e-07	0.9999997	1.2503416e-07
530	no_pain	0.99977976	0.00021931365	9.5215813e-07
531	low_pain	2.9883827e-07	0.99999946	2.797544e-07
532	high_pain	0.14258927	0.0010323479	0.8563784
533	high_pain	0.26153675	0.024156794	0.7143065
534	high_pain	2.0456857e-06	3.39818e-06	0.9999946
535	no_pain	0.9928706	0.007098157	3.1212054e-05
536	low_pain	3.159632e-07	0.9999995	2.078123e-07
537	no_pain	0.9663291	0.033648234	2.2700713e-05
538	no_pain	0.996385	0.0036109805	4.06788e-06
539	no_pain	0.9143414	0.08563278	2.5779067e-05
540	low_pain	2.527199e-07	0.99999744	2.3350021e-06
541	no_pain	0.95718735	0.042799063	1.3526818e-05
542	no_pain	0.8798957	0.120079584	2.4703006e-05
543	high_pain	0.41708818	0.042852424	0.54005945
544	low_pain	1.1082755e-06	0.9999986	2.7522714e-07
545	no_pain	0.5343271	0.03707827	0.42859462
546	no_pain	0.581761	0.41821286	2.6149399e-05
547	no_pain	0.83000296	0.16346662	0.0065303943
548	no_pain	0.9999271	7.186818e-05	1.042884e-06
549	low_pain	4.955631e-07	0.9999915	8.046686e-06
550	low_pain	1.18879875e-07	0.9999997	1.3897719e-07
551	no_pain	0.9998668	0.00013232915	9.3848354e-07
552	no_pain	0.99953383	0.0004640932	2.068103e-06
553	no_pain	0.99861133	0.0013838032	4.865547e-06
554	no_pain	0.9659758	0.034012888	1.1304017e-05
555	no_pain	0.70708334	0.29289576	2.0872354e-05
556	no_pain	0.99828446	0.0017105632	4.9595305e-06
557	no_pain	0.71635544	0.28363475	9.788113e-06
558	low_pain	2.047103e-07	0.99999964	1.3871097e-07
559	no_pain	0.9999495	4.9814666e-05	7.101805e-07
560	low_pain	1.5241564e-05	0.99998397	7.7217635e-07
561	no_pain	0.9994672	0.00052963366	3.1784252e-06
562	high_pain	0.14064142	0.0022012296	0.85715735
563	no_pain	0.7411346	0.25884292	2.249466e-05
564	no_pain	0.98951757	0.010475785	6.627856e-06
565	low_pain	9.2194355e-08	0.9999999	1.0620296e-07
566	no_pain	0.7219991	0.27798864	1.22410265e-05
567	no_pain	0.9998516	0.00014746365	9.461036e-07
568	no_pain	0.9937706	0.006224427	4.9640375e-06
569	no_pain	0.55021155	0.022107022	0.42768142
570	no_pain	0.97899735	0.01648743	0.004515182
571	no_pain	0.9998679	0.00013124074	8.7291676e-07
572	no_pain	0.99995905	4.0389248e-05	5.2577377e-07
573	no_pain	0.99385196	0.0061336914	1.43783245e-05
574	no_pain	0.72441715	0.27556327	1.9600091e-05
575	no_pain	0.99986446	0.00013466844	8.828426e-07
576	no_pain	0.9998818	0.00011755749	6.354825e-07
577	low_pain	0.00020139547	0.9708505	0.028948085
578	no_pain	0.98610157	0.013890675	7.7629e-06
579	no_pain	0.7187194	0.28126058	1.9999303e-05
580	low_pain	4.4505356e-07	0.99999934	2.0886898e-07
581	no_pain	0.9209735	0.07901101	1.5531083e-05
582	low_pain	7.3481e-07	0.9999985	7.7178237e-07
583	no_pain	0.9996019	0.00039577673	2.2752276e-06
584	low_pain	1.17850426e-07	0.9999998	1.08273106e-07
585	no_pain	0.99987346	0.00012524423	1.3030458e-06
586	no_pain	0.72250587	0.27747628	1.7892156e-05
587	no_pain	0.9999962	3.625528e-06	2.0806965e-07
588	no_pain	0.8949512	0.10503136	1.7421347e-05
589	no_pain	0.99990463	9.418256e-05	1.1677411e-06
590	no_pain	0.99983263	0.0001657888	1.5894122e-06
591	no_pain	0.99977404	0.00022479414	1.1823901e-06
592	no_pain	0.9678356	0.032152764	1.1587465e-05
593	no_pain	0.999968	3.1569827e-05	4.5728964e-07
594	no_pain	0.996342	0.0036507042	7.3299743e-06
595	no_pain	0.99981004	0.00018894685	1.0796218e-06
596	no_pain	0.9999406	5.8938203e-05	4.809061e-07
597	low_pain	0.00013844846	0.73975474	0.26010677
598	no_pain	0.9996341	0.0003637957	2.1507133e-06
599	no_pain	0.9613782	0.03860851	1.3292912e-05
600	no_pain	0.9997811	0.00021771733	1.2228991e-06
601	no_pain	0.9998174	0.0001815772	1.0597148e-06
602	no_pain	0.9993424	0.00065610773	1.5058364e-06
603	no_pain	0.99975437	0.0002447515	8.9394723e-07
604	no_pain	0.80260664	0.19735323	4.0100906e-05
605	low_pain	0.4200509	0.52671796	0.053231217
606	no_pain	0.9423019	0.05768306	1.4968312e-05
607	no_pain	0.99994797	5.147973e-05	6.102447e-07
608	no_pain	0.99960333	0.00039537202	1.3313912e-06
609	no_pain	0.99970067	0.0002981727	1.2154453e-06
610	no_pain	0.9869269	0.013065836	7.275517e-06
611	no_pain	0.99904716	0.00095075736	2.1270355e-06
612	low_pain	8.5459426e-08	0.9999999	9.624949e-08
613	high_pain	5.5551034e-05	0.003388777	0.9965557
614	no_pain	0.9917899	0.008203635	6.4738297e-06
615	no_pain	0.97978336	0.02020065	1.6003843e-05
616	low_pain	5.3599756e-06	0.99999183	2.8465622e-06
617	no_pain	0.6005481	0.39942503	2.694741e-05
618	no_pain	0.9998666	0.00013246477	9.552557e-07
619	no_pain	0.99982023	0.00017864536	1.135029e-06
620	no_pain	0.99972355	0.000275114	1.3038517e-06
621	no_pain	0.99874455	0.0012518273	3.6267477e-06
622	no_pain	0.9999334	6.5806424e-05	7.240364e-07
623	no_pain	0.8436247	0.15634838	2.688207e-05
624	no_pain	0.99990994	8.688007e-05	3.1984366e-06
625	no_pain	0.999947	5.2263076e-05	7.41595e-07
626	no_pain	0.8886312	0.11135347	1.528546e-05
627	no_pain	0.7619076	0.23806556	2.6870515e-05
628	no_pain	0.82062083	0.17934848	3.0682637e-05
629	no_pain	0.9999762	2.3356171e-05	4.3330687e-07
630	no_pain	0.99987	0.0001287362	1.2594672e-06
631	no_pain	0.9996647	0.00033357408	1.7698279e-06
632	high_pain	0.28573528	1.5571892e-05	0.71424913
633	no_pain	0.9993469	0.00065091683	2.2143217e-06
634	no_pain	0.7096635	0.0048341407	0.28550234
635	no_pain	0.57160455	0.42839268	2.8007003e-06
636	no_pain	0.96369755	0.036291026	1.1418093e-05
637	low_pain	5.9118854e-08	0.9999999	7.775734e-08
638	no_pain	0.9995014	0.000496565	1.9805864e-06
639	low_pain	9.3937324e-08	0.9999999	9.917413e-08
640	no_pain	0.9998891	0.00010983731	1.0803149e-06
641	high_pain	0.12930477	0.1565268	0.7141684
642	low_pain	2.3837401e-07	0.99999845	1.328077e-06
643	no_pain	0.96794605	0.03203871	1.5267118e-05
644	no_pain	0.99989784	0.00010143457	7.526082e-07
645	no_pain	0.9997695	0.00022922223	1.278145e-06
646	no_pain	0.71199197	0.004020079	0.2839879
647	low_pain	1.1399868e-07	0.9999998	1.0099806e-07
648	no_pain	0.9997697	0.00022937325	9.3634895e-07
649	high_pain	0.13101384	0.1546569	0.71432924
650	no_pain	0.99996406	3.5472684e-05	5.1420085e-07
651	no_pain	0.9979644	0.002029668	5.985471e-06
652	no_pain	0.8098434	0.19012573	3.0832154e-05
653	no_pain	0.99985915	0.0001351712	5.721305e-06
654	no_pain	0.9947344	0.005260474	5.1112497e-06
655	no_pain	0.999894	0.00010499202	9.574525e-07
656	no_pain	0.9995395	0.00045904194	1.5388566e-06
657	high_pain	0.00036934947	0.42851117	0.5711194
658	low_pain	2.3260006e-07	0.9999995	2.3370886e-07
659	high_pain	4.0312945e-05	0.00037900425	0.9995807
660	no_pain	0.9988977	0.0011000816	2.23434e-06
661	high_pain	1.97265e-05	0.00019751735	0.99978274
662	no_pain	0.9986152	0.0013821127	2.68405e-06
663	no_pain	0.9997482	0.0002506367	1.1960572e-06
664	no_pain	0.9998415	0.00015730406	1.2226766e-06
665	high_pain	0.4335982	0.001735628	0.5646662
666	no_pain	0.9995922	0.00040611983	1.6914082e-06
667	no_pain	0.99985534	0.00014349706	1.1894826e-06
668	no_pain	0.7032756	0.29670462	1.9757947e-05
669	no_pain	0.99992895	7.022751e-05	8.4106387e-07
670	no_pain	0.99982816	0.00017091483	9.766076e-07
671	no_pain	0.99994224	5.7027435e-05	7.3038876e-07
672	no_pain	0.99977577	0.00022293549	1.340511e-06
673	no_pain	0.995266	0.00472838	5.600262e-06
674	no_pain	0.99985844	0.00014091747	6.975335e-07
675	no_pain	0.9998595	0.0001395603	9.274559e-07
676	low_pain	7.9446714e-08	0.9999999	9.320801e-08
677	no_pain	0.9998814	0.000117659045	9.604811e-07
678	high_pain	1.541386e-05	7.684094e-05	0.9999077
679	no_pain	0.9995451	0.00045291564	2.00912e-06
680	no_pain	0.99911195	0.0008861354	1.97413e-06
681	no_pain	0.9994651	0.0005328954	1.95839e-06
682	no_pain	0.708455	0.29152822	1.6754037e-05
683	high_pain	0.0003013422	0.03332325	0.9663754
684	no_pain	0.99995846	4.1192026e-05	3.5142483e-07
685	no_pain	0.8390786	0.16090408	1.723002e-05
686	high_pain	3.934246e-05	0.0005522463	0.9994084
687	high_pain	2.0974841e-05	4.110192e-06	0.9999749
688	no_pain	0.9998854	0.00011408928	6.139411e-07
689	no_pain	0.99990445	9.464857e-05	9.0134984e-07
690	no_pain	0.9574905	0.04248957	1.9885107e-05
691	low_pain	8.348864e-08	0.9999999	9.886652e-08
692	no_pain	0.9999464	5.2916817e-05	7.347053e-07
693	no_pain	0.9961791	0.0038168018	4.1321355e-06
694	no_pain	0.9995939	0.00040435483	1.6915343e-06
695	high_pain	5.1918953e-05	0.00012046785	0.99982756
696	no_pain	0.99958366	0.00041465214	1.6928396e-06
697	no_pain	0.99988014	0.00011868607	1.225753e-06
698	low_pain	0.28564733	0.71435165	9.541211e-07
699	no_pain	0.9995522	0.00044604304	1.8226152e-06
700	no_pain	0.9975198	0.0024766405	3.6170602e-06
701	no_pain	0.984577	0.015414918	8.076912e-06
702	no_pain	0.68752533	0.3124459	2.8716731e-05
703	no_pain	0.9992973	0.0007002623	2.3559837e-06
704	no_pain	0.9996358	0.0003628383	1.409849e-06
705	no_pain	0.9875508	0.012440776	8.4365365e-06
706	no_pain	0.9999644	3.5049976e-05	4.9438586e-07
707	no_pain	0.9998831	0.00011551448	1.4202795e-06
708	no_pain	0.9998334	0.0001651966	1.4076629e-06
709	no_pain	0.99666584	0.0033259466	8.251393e-06
710	no_pain	0.98632514	0.013667411	7.4500426e-06
711	no_pain	0.9998706	0.00012852238	9.0739366e-07
712	no_pain	0.9997802	0.00021857522	1.2262165e-06
713	no_pain	0.7082853	0.29169375	2.0991054e-05
714	low_pain	5.3695552e-05	0.99994504	1.2685979e-06
715	no_pain	0.99985224	0.0001471165	6.6432204e-07
716	no_pain	0.9992428	0.0007553706	1.8305153e-06
717	low_pain	2.1478319e-07	0.9999996	1.7759855e-07
718	low_pain	0.31263036	0.68734324	2.6433221e-05
719	no_pain	0.9998048	0.00019410285	1.137978e-06
720	no_pain	0.6526261	0.34630275	0.0010711524
721	low_pain	6.780902e-08	0.9999999	7.877332e-08
722	low_pain	1.2168724e-06	0.99999845	3.4618864e-07
723	no_pain	0.9998531	0.00014561301	1.3124633e-06
724	no_pain	0.9992571	0.0007360448	6.852435e-06
725	high_pain	5.4085533e-05	0.14605139	0.85389453
726	no_pain	0.9997864	0.00021226033	1.3714476e-06
727	no_pain	0.9999557	4.3556094e-05	7.4540174e-07
728	no_pain	0.9998289	0.00017003776	1.0532182e-06
729	no_pain	0.70887405	0.2911189	7.056072e-06
730	no_pain	0.9995689	0.00042491543	6.2065446e-06
731	low_pain	0.006592609	0.9933992	8.213803e-06
732	no_pain	0.99949753	0.0005003446	2.0825437e-06
733	no_pain	0.99402744	0.0059666154	6.0160937e-06
734	no_pain	0.99995613	4.3031087e-05	8.442829e-07
735	no_pain	0.99966735	0.0003311303	1.4756276e-06
736	no_pain	0.9414145	0.058557723	2.782335e-05
737	no_pain	0.7045694	0.29540893	2.165125e-05
738	no_pain	0.85665476	0.0005025401	0.1428427
739	no_pain	0.9999103	8.922345e-05	4.9109707e-07
740	no_pain	0.99944496	0.00055247225	2.548395e-06
741	no_pain	0.9948886	0.005105076	6.396342e-06
742	low_pain	2.7536631e-05	0.99210596	0.0078664925
743	no_pain	0.998781	0.0012130149	5.942585e-06
744	no_pain	0.9999625	3.6893758e-05	5.430603e-07
745	no_pain	0.9999102	8.931092e-05	5.4074104e-07
746	no_pain	0.9610085	0.038974226	1.7308723e-05
747	no_pain	0.8572429	0.14274453	1.2634021e-05
748	low_pain	7.1397345e-08	0.9999999	8.935785e-08
749	low_pain	6.788914e-08	0.9999999	8.86058e-08
750	no_pain	0.9997836	0.00021467611	1.7303386e-06
751	no_pain	0.9999196	7.994258e-05	4.6424415e-07
752	no_pain	0.73062307	0.26935536	2.157226e-05
753	no_pain	0.99825335	0.0017413493	5.3205977e-06
754	high_pain	0.00032507835	0.11774512	0.8819298
755	no_pain	0.99934447	0.00065373123	1.7784598e-06
756	low_pain	0.037526406	0.9617716	0.0007019587
757	high_pain	2.2108146e-05	0.00014544824	0.99983245
758	low_pain	1.9963943e-05	0.9964517	0.003528358
759	no_pain	0.57135075	0.42864844	8.223382e-07
760	no_pain	0.9777185	0.022269528	1.1954244e-05
761	no_pain	0.7138199	0.28616595	1.41522405e-05
762	no_pain	0.9998617	0.00013742268	8.5443844e-07
763	no_pain	0.9991206	0.0008773037	2.14132e-06
764	no_pain	0.55610555	0.4438818	1.26551595e-05
765	no_pain	0.99994284	5.633587e-05	7.717314e-07
766	no_pain	0.9997714	0.00022751292	1.097805e-06
767	no_pain	0.6281689	0.3717933	3.786233e-05
768	low_pain	6.333305e-08	0.9999999	8.109266e-08
769	no_pain	0.99993986	5.9249523e-05	8.763991e-07
770	no_pain	0.9909822	0.00901057	7.297339e-06
771	no_pain	0.99967414	0.00032444502	1.3959974e-06
772	no_pain	0.9997396	0.00025956795	8.819493e-07
773	no_pain	0.80509204	0.19487543	3.2517946e-05
774	no_pain	0.71621555	0.28377506	9.356767e-06
775	high_pain	0.00013588775	0.0046333657	0.99523073
776	no_pain	0.720254	0.27973694	9.0276935e-06
777	no_pain	0.96588457	0.034089286	2.6129856e-05
778	no_pain	0.99657065	0.0034249707	4.347893e-06
779	low_pain	1.0667341e-06	0.9999987	1.9923557e-07
780	no_pain	0.99992746	7.149165e-05	1.0362297e-06
781	no_pain	0.999194	0.0008012446	4.778073e-06
782	no_pain	0.94278497	0.057163212	5.1827723e-05
783	no_pain	0.9940358	0.0059587015	5.52783e-06
784	no_pain	0.9994634	0.0005338702	2.8193008e-06
785	no_pain	0.9982297	0.001767284	3.0397266e-06
786	low_pain	1.7415775e-07	0.9999997	1.3618889e-07
787	no_pain	0.98908955	0.010897363	1.3075588e-05
788	no_pain	0.9972515	0.0027356276	1.2841673e-05
789	no_pain	0.6837968	0.31617373	2.9517085e-05
790	no_pain	0.99989593	0.000103013015	1.0795349e-06
791	low_pain	0.10986491	0.89011467	2.0426873e-05
792	no_pain	0.886349	0.113622025	2.8957493e-05
793	no_pain	0.97850496	0.021486383	8.722981e-06
794	no_pain	0.8666006	0.13337122	2.8237637e-05
795	low_pain	0.2638187	0.73613065	5.0603925e-05
796	low_pain	7.118667e-08	0.9999999	8.822639e-08
797	no_pain	0.79705733	0.20290372	3.8920534e-05
798	no_pain	0.9998608	0.00013762273	1.5493969e-06
799	no_pain	0.9999179	8.1605795e-05	4.6535564e-07
800	no_pain	0.9999055	9.35956e-05	8.9291103e-07
801	no_pain	0.9996511	0.0003474607	1.5179886e-06
802	no_pain	0.9979945	0.002002381	3.1561501e-06
803	no_pain	0.9997892	0.00020862988	2.2258307e-06
804	no_pain	0.57331246	0.2835249	0.14316264
805	no_pain	0.7548227	0.24515137	2.6019534e-05
806	no_pain	0.9999426	5.6634424e-05	7.489377e-07
807	no_pain	0.99994266	5.646799e-05	8.3141003e-07
808	no_pain	0.9999186	8.089609e-05	5.0551233e-07
809	no_pain	0.99906546	0.00093200046	2.541987e-06
810	low_pain	2.5219202e-07	0.999996	3.7128268e-06
811	high_pain	1.0088979e-05	6.958274e-05	0.9999203
812	no_pain	0.9995607	0.0004369426	2.3553528e-06
813	no_pain	0.9998655	0.00013371758	8.380058e-07
814	low_pain	1.0103593e-07	0.9999998	1.04464625e-07
815	no_pain	0.8757972	0.124184504	1.826419e-05
816	no_pain	0.99968165	0.00031688946	1.432473e-06
817	no_pain	0.99951	0.00048754326	2.4496908e-06
818	no_pain	0.9997428	0.00025405476	3.1373222e-06
819	no_pain	0.9954011	0.0045941253	4.736953e-06
820	no_pain	0.9999533	4.6011475e-05	6.427403e-07
821	no_pain	0.7094492	0.29052088	2.999657e-05
822	no_pain	0.7059964	0.29398197	2.1693e-05
823	no_pain	0.9997924	0.00020648593	1.152884e-06
824	no_pain	0.9999613	3.81389e-05	5.422605e-07
825	high_pain	4.56293e-05	5.818151e-06	0.9999485
826	no_pain	0.9991415	0.00085527974	3.2303235e-06
827	no_pain	0.64141494	0.35854903	3.6026602e-05
828	no_pain	0.9998058	0.0001930685	1.1501107e-06
829	low_pain	1.9282838e-07	0.99999964	1.4056252e-07
830	no_pain	0.9999113	8.7863e-05	8.5908795e-07
831	high_pain	0.31451938	0.11389742	0.5715832
832	no_pain	0.71553105	0.2844536	1.5309417e-05
833	no_pain	0.999814	0.00018511266	9.2282465e-07
834	no_pain	0.74033797	0.2596369	2.5133315e-05
835	no_pain	0.73543805	0.26454708	1.48184345e-05
836	high_pain	0.0003948176	0.0349163	0.9646889
837	no_pain	0.99995357	4.5686338e-05	7.549865e-07
838	no_pain	0.99996614	3.3460314e-05	3.57425e-07
839	no_pain	0.9999463	5.2873795e-05	8.1013906e-07
840	no_pain	0.85503143	0.14423476	0.00073386444
841	no_pain	0.57468134	0.42530388	1.4788252e-05
842	no_pain	0.9998589	0.00013969105	1.3460532e-06
843	low_pain	0.0010232803	0.96445084	0.034525897
844	no_pain	0.9981976	0.0017990442	3.2747978e-06
845	no_pain	0.9999607	3.869548e-05	6.233028e-07
846	no_pain	0.9999052	9.3987976e-05	8.080347e-07
847	no_pain	0.99803865	0.0019583087	3.0881072e-06
848	no_pain	0.98882854	0.011161496	9.955324e-06
849	no_pain	0.9996802	0.00031797422	1.7899276e-06
850	no_pain	0.9999274	7.160397e-05	1.0205093e-06
851	no_pain	0.9999171	8.207043e-05	8.192691e-07
852	high_pain	4.5736582e-05	0.0011457846	0.99880844
853	no_pain	0.71562666	0.2843654	7.954791e-06
854	no_pain	0.9999797	1.9906742e-05	4.2555806e-07
855	no_pain	0.72901624	0.2709654	1.836437e-05
856	no_pain	0.99892986	0.0010681978	1.9774457e-06
857	low_pain	6.841751e-08	0.9999999	1.2320139e-07
858	low_pain	1.318034e-07	0.9999997	1.3059262e-07
859	no_pain	0.84842587	0.123283625	0.02829049
860	low_pain	1.0586182e-06	0.9999986	3.4172163e-07
861	no_pain	0.99940777	0.0005904757	1.7800131e-06
862	low_pain	9.92571e-08	0.9999999	9.007923e-08
863	no_pain	0.9999624	3.7126676e-05	4.9559713e-07
864	no_pain	0.97041684	0.029560184	2.3056831e-05
865	no_pain	0.969531	0.0036079101	0.026861101
866	high_pain	0.18118794	0.10450765	0.71430445
867	no_pain	0.9391499	0.060831893	1.820786e-05
868	low_pain	0.00041442242	0.99801034	0.0015752044
869	low_pain	8.0789974e-08	0.9999999	7.8520394e-08
870	low_pain	7.065991e-08	0.9999999	7.937298e-08
871	high_pain	0.21209694	0.135063	0.6528401
872	no_pain	0.98101044	0.018981393	8.206274e-06
873	no_pain	0.99986947	0.00012979464	7.873359e-07
874	low_pain	1.28178e-05	0.99997014	1.7047043e-05
875	high_pain	0.25058034	0.3208781	0.42854157
876	no_pain	0.9999422	5.7071116e-05	7.754862e-07
877	no_pain	0.9994462	0.0005522513	1.5935133e-06
878	no_pain	0.99996024	3.913338e-05	6.0317115e-07
879	low_pain	1.7492422e-07	0.9999997	1.3139588e-07
880	no_pain	0.9511818	0.0049114428	0.04390676
881	no_pain	0.99989885	9.992105e-05	1.2419024e-06
882	no_pain	0.999932	6.75524e-05	4.3433576e-07
883	no_pain	0.9983271	0.0016700113	2.9153894e-06
884	low_pain	9.040874e-08	0.9999998	1.08586654e-07
885	low_pain	8.5242045e-06	0.99988383	0.00010763275
886	no_pain	0.9998488	0.00015016021	1.0962128e-06
887	no_pain	0.8855361	0.11444173	2.221228e-05
888	low_pain	0.00047336894	0.93945235	0.060074296
889	no_pain	0.9999594	3.9960843e-05	6.173559e-07
890	no_pain	0.9999344	6.4809334e-05	7.982996e-07
891	low_pain	1.1228426e-07	0.9999997	1.2377235e-07
892	no_pain	0.9994917	0.0005013608	6.9193616e-06
893	no_pain	0.8443521	0.1556355	1.2383898e-05
894	low_pain	4.0035042e-07	0.99999946	1.2696384e-07
895	no_pain	0.99991953	7.954012e-05	8.762824e-07
896	no_pain	0.9999242	7.518601e-05	6.7326255e-07
897	high_pain	0.0010890223	0.00016368723	0.9987473
898	no_pain	0.8164715	0.18351074	1.7823886e-05
899	no_pain	0.9990284	0.0009697778	1.8540148e-06
900	no_pain	0.99977267	0.00022493696	2.395438e-06
901	no_pain	0.9999806	1.9133791e-05	2.6550683e-07
902	low_pain	0.00023870307	0.7871784	0.2125829
903	no_pain	0.96762425	0.032364763	1.1030549e-05
904	no_pain	0.9994627	0.00053521676	2.0805455e-06
905	no_pain	0.9997522	0.00024689184	8.8271923e-07
906	no_pain	0.9999675	3.207094e-05	4.7488342e-07
907	no_pain	0.99944305	0.0005553033	1.6446203e-06
908	no_pain	0.72223485	0.27775344	1.1681155e-05
909	no_pain	0.5917428	0.40804407	0.00021314634
910	no_pain	0.98808765	0.011900256	1.2144139e-05
911	no_pain	0.99192613	0.008067914	6.0134557e-06
912	no_pain	0.9997378	0.00025906463	3.1248424e-06
913	no_pain	0.7430829	0.25685683	6.0334893e-05
914	no_pain	0.99996597	3.356154e-05	5.005216e-07
915	no_pain	0.9077815	0.092177495	4.1035317e-05
916	no_pain	0.9998764	0.00012238728	1.2217489e-06
917	no_pain	0.6884598	0.31151286	2.73656e-05
918	no_pain	0.9940812	0.0059115435	7.2423745e-06
919	no_pain	0.84746987	0.009803929	0.1427262
920	no_pain	0.99973565	0.0002630845	1.2712056e-06
921	no_pain	0.99985033	0.00014866922	9.969982e-07
922	no_pain	0.9999195	7.899045e-05	1.5098121e-06
923	high_pain	0.0144973425	0.0005964618	0.9849062
924	no_pain	0.9252305	0.074741855	2.7648653e-05
925	no_pain	0.9998902	0.00010880168	9.824372e-07
926	no_pain	0.7040019	0.2959764	2.1722257e-05
927	no_pain	0.57236046	0.427425	0.00021454258
928	no_pain	0.9999613	3.8167524e-05	5.0092495e-07
929	low_pain	2.122418e-07	0.99999964	1.4226326e-07
930	low_pain	7.060834e-08	0.9999999	8.83199e-08
931	no_pain	0.999853	0.00014602717	9.761675e-07
932	no_pain	0.73001957	0.26995203	2.8361534e-05
933	no_pain	0.9996399	0.0003585542	1.4955575e-06
934	no_pain	0.9999466	5.262806e-05	7.956787e-07
935	high_pain	0.00017198056	0.0066332845	0.9931947
936	no_pain	0.9990333	0.00096464524	2.1195476e-06
937	low_pain	1.6178244e-07	0.9999997	1.3686632e-07
938	no_pain	0.9999922	7.63257e-06	1.8721997e-07
939	no_pain	0.9998635	0.00013562584	9.384257e-07
940	no_pain	0.9992742	0.0007153698	1.0451584e-05
941	no_pain	0.99514925	0.004846123	4.6166824e-06
942	no_pain	0.9996038	0.0003942069	1.9713864e-06
943	low_pain	0.47297287	0.5269741	5.301825e-05
944	no_pain	0.9999851	1.460756e-05	3.070529e-07
945	no_pain	0.99901	0.00098805	1.939543e-06
946	high_pain	1.9382778e-05	0.1428801	0.8571005
947	low_pain	5.91072e-07	0.9999992	1.4362419e-07
948	no_pain	0.9991368	0.00085280987	1.0399514e-05
949	high_pain	0.42809516	0.0005165689	0.5713883
950	no_pain	0.70760816	0.29237166	2.0221018e-05
951	no_pain	0.8869942	0.11297381	3.202105e-05
952	no_pain	0.9987835	0.0012138375	2.6057573e-06
953	no_pain	0.9999612	3.833591e-05	5.0066063e-07
954	no_pain	0.5744918	0.4254961	1.21367175e-05
955	no_pain	0.9998537	0.00014541102	9.078506e-07
956	no_pain	0.9985779	0.001417789	4.348782e-06
957	low_pain	0.43257466	0.56741846	6.9072194e-06
958	no_pain	0.99731594	0.0026550745	2.8990155e-05
959	no_pain	0.9964221	0.0035736517	4.324717e-06
960	high_pain	0.11209103	0.17207707	0.7158319
961	no_pain	0.99871016	0.0012872667	2.5698052e-06
962	no_pain	0.99745744	0.0025376736	4.868055e-06
963	no_pain	0.95847136	0.04145707	7.157746e-05
964	no_pain	0.9860192	0.013963456	1.7345144e-05
965	no_pain	0.89112395	0.10886063	1.5378968e-05
966	no_pain	0.99992955	6.959014e-05	8.7517554e-07
967	no_pain	0.999832	0.00016733124	7.292456e-07
968	no_pain	0.9997412	0.00025748336	1.3167166e-06
969	no_pain	0.58941776	0.0071356976	0.4034466
970	no_pain	0.9992898	0.0007074775	2.813833e-06
971	no_pain	0.9997615	0.00023274789	5.7540433e-06
972	no_pain	0.9999599	3.956244e-05	5.176468e-07
973	no_pain	0.9995335	0.00046475083	1.7787888e-06
974	no_pain	0.99938047	0.00061451975	5.054101e-06
975	no_pain	0.999432	0.00056594063	2.0179818e-06
976	no_pain	0.58177453	0.41819668	2.8780394e-05
977	no_pain	0.9818073	0.018179813	1.2898484e-05
978	no_pain	0.5317136	0.041440625	0.42684573
979	no_pain	0.6799043	0.32006618	2.9546321e-05
980	no_pain	0.99980783	0.00019106387	1.0659988e-06
981	no_pain	0.9992352	0.0007622762	2.4959456e-06
982	no_pain	0.9989228	0.001073431	3.722403e-06
983	low_pain	6.413022e-08	0.9999999	8.104217e-08
984	no_pain	0.99992925	6.996885e-05	7.7565664e-07
985	no_pain	0.7483118	0.25165468	3.351536e-05
986	low_pain	0.12080772	0.8791807	1.16003075e-05
987	no_pain	0.9996187	0.00036933197	1.1996613e-05
988	no_pain	0.99970424	0.00029435343	1.3959205e-06
989	no_pain	0.99991375	8.519316e-05	1.0803567e-06
990	high_pain	0.035182577	0.14722776	0.8175897
991	low_pain	7.843975e-08	0.9999998	1.0914676e-07
992	no_pain	0.9999542	4.511105e-05	6.971965e-07
993	high_pain	0.41331968	0.08660971	0.50007063
994	no_pain	0.9998501	0.00014905054	9.0037764e-07
995	high_pain	2.1376177e-06	2.1466487e-06	0.9999957
996	no_pain	0.99950033	0.00049804413	1.6143213e-06
997	low_pain	7.944612e-08	0.9999998	9.578877e-08
998	no_pain	0.9999582	4.108037e-05	6.535869e-07
999	no_pain	0.99993974	5.9541286e-05	7.2062005e-07
1000	no_pain	0.9985176	0.0014691071	1.3300219e-05
1001	no_pain	0.9995182	0.00047995243	1.8568522e-06
1002	no_pain	0.995802	0.0041918145	6.2324884e-06
1003	no_pain	0.7115828	0.28840548	1.1714598e-05
1004	no_pain	0.9717902	0.028197479	1.2315141e-05
1005	no_pain	0.99994475	5.4445827e-05	8.245966e-07
1006	high_pain	3.4644352e-05	0.0004890503	0.9994763
1007	no_pain	0.8380477	0.16190027	5.2022813e-05
1008	no_pain	0.9929735	0.0070196996	6.7837996e-06
1009	no_pain	0.9989272	0.0010691528	3.6395238e-06
1010	no_pain	0.7092829	0.2906905	2.6575022e-05
1011	high_pain	0.2517855	0.03438958	0.7138249
1012	high_pain	0.00026915225	0.1713235	0.82840735
1013	no_pain	0.99996215	3.735517e-05	5.23466e-07
1014	no_pain	0.9998926	0.000106696396	7.256707e-07
1015	no_pain	0.71563953	0.2843419	1.8546312e-05
1016	no_pain	0.56827533	0.004915315	0.42680937
1017	no_pain	0.9998986	0.000100882666	5.195119e-07
1018	no_pain	0.99992436	7.4583324e-05	1.0013835e-06
1019	no_pain	0.99893415	0.0010613811	4.4921903e-06
1020	no_pain	0.99994516	5.412492e-05	7.5998736e-07
1021	no_pain	0.9999733	2.6165737e-05	5.195436e-07
1022	no_pain	0.9998747	0.00012465488	6.181522e-07
1023	no_pain	0.9996082	0.0003896844	2.1239237e-06
1024	low_pain	0.009275543	0.820299	0.17042542
1025	no_pain	0.99991226	8.6671964e-05	1.108784e-06
1026	no_pain	0.59584814	0.16718316	0.23696867
1027	no_pain	0.9996838	0.00031452582	1.7236916e-06
1028	no_pain	0.5864715	0.41350856	1.993264e-05
1029	no_pain	0.9952341	0.0047615534	4.407596e-06
1030	low_pain	0.28565082	0.71434814	1.1206848e-06
1031	no_pain	0.7444906	0.2554924	1.7046177e-05
1032	no_pain	0.70459384	0.29538774	1.8413386e-05
1033	low_pain	6.529084e-08	0.9999999	8.478814e-08
1034	no_pain	0.84961885	0.15033829	4.2890457e-05
1035	no_pain	0.99987584	0.00012298122	1.2506779e-06
1036	no_pain	0.9999618	3.770783e-05	5.042725e-07
1037	no_pain	0.7631751	0.23679195	3.2947013e-05
1038	low_pain	6.883456e-08	0.9999999	7.989518e-08
1039	no_pain	0.75291425	0.24705817	2.7591754e-05
1040	no_pain	0.6680273	0.33179635	0.0001763551
1041	no_pain	0.9998947	0.00010437138	9.4687164e-07
1042	no_pain	0.9999457	5.387548e-05	4.0025836e-07
1043	no_pain	0.9994473	0.0005498983	2.795145e-06
1044	no_pain	0.9998564	0.00014268926	8.887536e-07
1045	no_pain	0.9973466	0.002649805	3.5801575e-06
1046	no_pain	0.9927116	0.0013142218	0.005974141
1047	no_pain	0.73926467	0.26070708	2.822324e-05
1048	no_pain	0.9993617	0.00063326955	5.053138e-06
1049	no_pain	0.9996501	0.00034855056	1.3428141e-06
1050	no_pain	0.88937455	0.11059953	2.5975414e-05
1051	no_pain	0.9997307	0.0002678023	1.4844154e-06
1052	no_pain	0.9988305	0.0011657777	3.7023915e-06
1053	no_pain	0.9997996	0.00019924041	1.1773196e-06
1054	no_pain	0.99990046	9.86123e-05	9.0711677e-07
1055	no_pain	0.84784377	0.1521137	4.24777e-05
1056	no_pain	0.74775285	0.2522193	2.7794928e-05
1057	low_pain	9.333761e-08	0.9999999	9.830156e-08
1058	no_pain	0.99963313	0.00036528017	1.5785765e-06
1059	no_pain	0.99914926	0.0008469539	3.7554962e-06
1060	no_pain	0.9955276	0.004467515	4.8751526e-06
1061	low_pain	2.3364767e-07	0.9999996	1.6888089e-07
1062	low_pain	8.413139e-05	0.99935496	0.00056090235
1063	no_pain	0.6354098	0.3645514	3.880311e-05
1064	no_pain	0.9999487	5.0579332e-05	7.5807077e-07
1065	high_pain	0.09089359	0.19250226	0.7166042
1066	no_pain	0.99993765	6.182257e-05	5.4754395e-07
1067	no_pain	0.99995315	4.6175788e-05	6.8561786e-07
1068	low_pain	5.639159e-07	0.99999875	6.7219236e-07
1069	no_pain	0.9995078	0.00048748025	4.740682e-06
1070	no_pain	0.9911112	0.0088826325	6.166939e-06
1071	low_pain	5.3685375e-07	0.99999917	2.7080657e-07
1072	no_pain	0.9937631	0.0062300875	6.801492e-06
1073	low_pain	6.4981425e-05	0.99982196	0.00011309162
1074	no_pain	0.99982625	0.00017265743	1.1084139e-06
1075	low_pain	9.271194e-08	0.9999999	9.163891e-08
1076	no_pain	0.9999543	4.534121e-05	3.802345e-07
1077	high_pain	0.0005023997	0.37052646	0.62897116
1078	high_pain	8.306563e-06	0.00052001403	0.9994717
1079	no_pain	0.99996954	2.9993203e-05	4.636636e-07
1080	no_pain	0.9950964	0.0048992247	4.412553e-06
1081	no_pain	0.5665506	0.006516041	0.42693335
1082	no_pain	0.7134944	0.00087339024	0.28563216
1083	no_pain	0.9995576	0.0004407297	1.6257717e-06
1084	no_pain	0.99994534	5.379898e-05	7.969406e-07
1085	no_pain	0.87578356	0.12419681	1.9617935e-05
1086	no_pain	0.99977386	0.00022490551	1.198557e-06
1087	low_pain	1.0230484e-07	0.9999998	1.09981e-07
1088	no_pain	0.9999487	5.05291e-05	7.671389e-07
1089	low_pain	1.9259535e-06	0.85717154	0.14282651
1090	no_pain	0.9998024	0.00019642478	1.2119601e-06
1091	no_pain	0.5199647	0.19238976	0.28764555
1092	no_pain	0.99957323	0.000424728	2.014699e-06
1093	no_pain	0.9999034	9.6035146e-05	5.685502e-07
1094	no_pain	0.77937084	0.22059743	3.1685617e-05
1095	no_pain	0.9999493	5.0309132e-05	4.680335e-07
1096	no_pain	0.99891055	0.0010870286	2.4158642e-06
1097	no_pain	0.69975513	0.30021015	3.4752844e-05
1098	low_pain	5.8549386e-08	0.9999999	7.814318e-08
1099	no_pain	0.99889743	0.0011004584	2.0893287e-06
1100	no_pain	0.9999675	3.1929376e-05	5.718052e-07
1101	no_pain	0.99923974	0.00075793784	2.3286266e-06
1102	no_pain	0.9997692	0.00022900397	1.7654586e-06
1103	high_pain	0.14293468	5.499422e-05	0.8570103
1104	no_pain	0.99995106	4.826961e-05	6.4632064e-07
1105	no_pain	0.71405303	0.16073118	0.12521584
1106	high_pain	0.00033313423	0.015324981	0.9843418
1107	no_pain	0.70941716	0.29054722	3.5635632e-05
1108	no_pain	0.99926937	0.0007284122	2.2220204e-06
1109	high_pain	2.5855434e-05	0.00028534586	0.9996888
1110	no_pain	0.9994798	0.0005183291	1.9110673e-06
1111	no_pain	0.8522035	0.004900896	0.1428956
1112	no_pain	0.9998728	0.0001263203	8.76365e-07
1113	no_pain	0.99964345	0.00035492526	1.5760237e-06
1114	no_pain	0.99983156	0.0001675177	9.600163e-07
1115	low_pain	9.577114e-08	0.9999998	1.2462691e-07
1116	no_pain	0.9992608	0.00073623605	2.9153723e-06
1117	no_pain	0.9997803	0.0002188693	8.6304766e-07
1118	low_pain	1.4914043e-07	0.9999998	8.571532e-08
1119	no_pain	0.99990374	9.576305e-05	5.1526087e-07
1120	high_pain	5.389146e-06	5.6652434e-06	0.999989
1121	no_pain	0.9981063	0.0018689812	2.4730796e-05
1122	high_pain	0.0034466288	0.24598002	0.75057334
1123	no_pain	0.99992555	7.333919e-05	1.1244813e-06
1124	no_pain	0.9998494	0.00014968475	9.210914e-07
1125	no_pain	0.9996162	0.00038182148	1.9445965e-06
1126	no_pain	0.9998124	0.00018600815	1.5954392e-06
1127	low_pain	5.3916406e-08	0.9999999	7.876105e-08
1128	no_pain	0.9999129	8.604874e-05	1.0469115e-06
1129	no_pain	0.999815	0.00018299928	2.0300863e-06
1130	no_pain	0.9990339	0.0009625947	3.4573297e-06
1131	no_pain	0.9987365	0.0012604467	3.0814542e-06
1132	no_pain	0.735812	0.26413494	5.307869e-05
1133	no_pain	0.9991301	0.0008678758	2.0441842e-06
1134	low_pain	1.2132406e-07	0.9999997	1.695468e-07
1135	no_pain	0.9618796	0.03810556	1.4821148e-05
1136	no_pain	0.9993515	0.00064655923	1.8890212e-06
1137	no_pain	0.97030365	0.029682606	1.3696846e-05
1138	no_pain	0.99181086	0.008181964	7.1561976e-06
1139	no_pain	0.95856756	0.0414049	2.7553348e-05
1140	high_pain	2.07217e-05	0.00015751392	0.9998217
1141	no_pain	0.6797276	0.32021946	5.2926913e-05
1142	no_pain	0.8558318	0.001384562	0.1427836
1143	no_pain	0.99956995	0.00042829663	1.7704889e-06
1144	no_pain	0.9989261	0.0010716849	2.2153815e-06
1145	no_pain	0.9982175	0.0017795666	2.9128084e-06
1146	high_pain	1.7228665e-06	9.189738e-07	0.9999973
1147	no_pain	0.9996236	0.00037508362	1.3721789e-06
1148	no_pain	0.7010855	0.29888502	2.9531113e-05
1149	no_pain	0.9977827	0.0022143347	2.968441e-06
1150	low_pain	0.18612008	0.7159621	0.09791775
1151	low_pain	1.7487774e-07	0.9999997	1.3009934e-07
1152	no_pain	0.70954955	0.29043785	1.2586627e-05
1153	no_pain	0.99993324	6.571355e-05	9.97806e-07
1154	no_pain	0.9988461	0.0011511601	2.747098e-06
1155	no_pain	0.9929471	0.0070446343	8.253038e-06
1156	high_pain	1.1630684e-05	1.9283605e-06	0.99998647
1157	no_pain	0.9998408	0.00015823546	9.433364e-07
1158	no_pain	0.91301864	0.08696143	1.9963121e-05
1159	low_pain	1.8622028e-07	0.99999964	1.3327903e-07
1160	no_pain	0.9948321	0.0050260955	0.00014184239
1161	no_pain	0.99995273	4.658922e-05	6.4740817e-07
1162	high_pain	0.28688315	0.1006855	0.6124314
1163	no_pain	0.9998165	0.00018235564	1.1669583e-06
1164	low_pain	0.14279936	0.8571998	8.193179e-07
1165	no_pain	0.9993213	0.0006749806	3.7504858e-06
1166	low_pain	6.7284327e-07	0.9999991	2.132512e-07
1167	no_pain	0.999808	0.00019086452	1.1438689e-06
1168	low_pain	0.13403665	0.86595786	5.4972384e-06
1169	no_pain	0.9996576	0.0003412748	1.2154067e-06
1170	no_pain	0.9985762	0.0014215108	2.2574511e-06
1171	no_pain	0.70229703	0.2976865	1.6571637e-05
1172	no_pain	0.99915016	0.00084728125	2.5806348e-06
1173	no_pain	0.5673328	0.004120661	0.42854652
1174	low_pain	0.00049361394	0.92682976	0.07267666
1175	no_pain	0.99996966	2.9842504e-05	4.4743325e-07
1176	no_pain	0.99994165	5.7519053e-05	8.732879e-07
1177	no_pain	0.979703	0.020283427	1.3572696e-05
1178	no_pain	0.70030653	0.2996707	2.2742315e-05
1179	low_pain	7.250522e-08	0.9999999	7.782098e-08
1180	no_pain	0.99992067	7.8458346e-05	9.0290666e-07
1181	no_pain	0.9999036	9.5878626e-05	5.0684037e-07
1182	no_pain	0.55037767	0.16411352	0.28550878
1183	no_pain	0.9997955	0.00019741248	7.0667083e-06
1184	no_pain	0.99645036	0.0035427997	6.8380905e-06
1185	low_pain	9.272424e-05	0.6164736	0.38343367
1186	no_pain	0.98518085	0.014781313	3.7835478e-05
1187	no_pain	0.99969465	0.0003041413	1.2918092e-06
1188	no_pain	0.99996394	3.556617e-05	4.9050533e-07
1189	no_pain	0.95735496	0.042628776	1.6277989e-05
1190	low_pain	0.00536539	0.9946309	3.7341383e-06
1191	no_pain	0.99975926	0.00023937938	1.3594827e-06
1192	no_pain	0.99996144	3.7461316e-05	1.1068686e-06
1193	no_pain	0.70628446	0.29369244	2.313124e-05
1194	low_pain	1.0089462e-05	0.9999895	4.1843415e-07
1195	no_pain	0.717957	0.28202477	1.8247685e-05
1196	no_pain	0.9998139	0.00018521781	9.2095075e-07
1197	high_pain	0.0002965404	0.005062797	0.99464065
1198	no_pain	0.56560105	0.42166993	0.012728977
1199	no_pain	0.99956685	0.00043148102	1.6922984e-06
1200	low_pain	7.675773e-07	0.9999989	2.970694e-07
1201	no_pain	0.9969145	0.003081098	4.3975588e-06
1202	no_pain	0.7041269	0.025991445	0.2698817
1203	no_pain	0.9998452	0.00015392515	8.6679086e-07
1204	no_pain	0.9992654	0.00073178846	2.811254e-06
1205	no_pain	0.99883705	0.0011604168	2.51493e-06
1206	no_pain	0.99984056	0.00015809592	1.3531715e-06
1207	no_pain	0.9999	9.9249904e-05	7.568525e-07
1208	no_pain	0.99995714	4.2244e-05	5.391638e-07
1209	low_pain	1.18131844e-07	0.9999997	1.118368e-07
1210	low_pain	0.002282945	0.9573222	0.040394876
1211	low_pain	0.28220904	0.7177769	1.4044912e-05
1212	no_pain	0.8860975	0.11387003	3.2413074e-05
1213	no_pain	0.99992865	7.0923576e-05	4.3055184e-07
1214	no_pain	0.71176594	0.28821537	1.8657736e-05
1215	no_pain	0.9975481	0.00244253	9.304192e-06
1216	no_pain	0.9998478	0.00015124779	9.156768e-07
1217	no_pain	0.9997925	0.00020626475	1.2485305e-06
1218	high_pain	0.048005912	0.23868203	0.7133121
1219	no_pain	0.9999853	1.4375116e-05	3.315867e-07
1220	no_pain	0.9996838	0.00031197703	4.2105207e-06
1221	no_pain	0.9878186	0.012174046	7.3910314e-06
1222	no_pain	0.94811594	0.051861715	2.2335767e-05
1223	low_pain	1.7689965e-05	0.9999817	6.098545e-07
1224	no_pain	0.99980396	0.00018975104	6.268126e-06
1225	no_pain	0.99844134	0.0015453702	1.3277483e-05
1226	low_pain	6.585094e-06	0.8572005	0.14279296
1227	no_pain	0.99831325	0.0016832888	3.4962893e-06
1228	no_pain	0.99986064	0.00013835137	1.0186163e-06
1229	no_pain	0.99648064	0.003515474	3.869324e-06
1230	no_pain	0.99863625	0.0013603561	3.4047987e-06
1231	high_pain	0.0050101546	0.2723526	0.72263724
1232	no_pain	0.9994267	0.0005658324	7.454546e-06
1233	no_pain	0.99991596	8.3595274e-05	4.97427e-07
1234	low_pain	9.435382e-08	0.9999998	1.2174748e-07
1235	low_pain	9.147394e-08	0.9999998	1.0735896e-07
1236	high_pain	0.00042024767	0.19445007	0.80512965
1237	high_pain	2.2376931e-05	0.00036247654	0.99961513
1238	high_pain	2.435564e-05	0.00029386408	0.99968183
1239	no_pain	0.7323367	0.26763538	2.7952792e-05
1240	no_pain	0.8632551	0.1367281	1.6818238e-05
1241	no_pain	0.74678934	0.25318417	2.6549682e-05
1242	no_pain	0.9999937	6.1365076e-06	2.1947571e-07
1243	no_pain	0.99995285	4.64805e-05	6.351716e-07
1244	low_pain	1.2926803e-07	0.9999997	1.7010562e-07
1245	no_pain	0.9983074	0.0016804744	1.2068862e-05
1246	low_pain	1.0492889e-06	0.9999987	2.1825632e-07
1247	low_pain	9.9105804e-08	0.9999998	8.9203226e-08
1248	no_pain	0.5159452	0.055312734	0.4287421
1249	no_pain	0.84856635	0.012307376	0.13912627
1250	no_pain	0.9999456	5.3612217e-05	8.0098886e-07
1251	no_pain	0.9999194	8.0127036e-05	4.695816e-07
1252	high_pain	1.4326915e-05	6.742789e-05	0.9999183
1253	no_pain	0.9999626	3.6875605e-05	5.0638397e-07
1254	low_pain	6.84715e-08	0.9999999	8.265168e-08
1255	no_pain	0.99146783	0.008507091	2.5068983e-05
1256	no_pain	0.9999561	4.3426036e-05	4.7393522e-07
1257	no_pain	0.999515	0.0004823454	2.6818634e-06
1258	no_pain	0.9996742	0.00032450614	1.3325661e-06
1259	no_pain	0.8689617	0.13101035	2.794455e-05
1260	low_pain	3.5846256e-06	0.9999961	3.1656242e-07
1261	no_pain	0.9995077	0.00049098616	1.3194729e-06
1262	no_pain	0.71968955	0.28029975	1.0683509e-05
1263	no_pain	0.67886573	0.32110476	2.9540364e-05
1264	no_pain	0.83890206	0.1610659	3.200759e-05
1265	no_pain	0.9999004	9.907235e-05	5.273838e-07
1266	high_pain	0.00026859867	0.11190117	0.88783026
1267	no_pain	0.9984861	0.001508506	5.3614954e-06
1268	low_pain	6.659513e-08	0.9999999	7.569382e-08
1269	no_pain	0.99949354	0.00050455047	1.9456122e-06
1270	no_pain	0.9998779	0.00012124353	8.6956817e-07
1271	no_pain	0.9972496	0.0027473115	3.1311404e-06
1272	no_pain	0.99992836	7.07903e-05	8.453252e-07
1273	no_pain	0.71078026	0.2892113	8.381466e-06
1274	no_pain	0.99806017	0.0019367852	3.0433869e-06
1275	no_pain	0.9999372	6.20264e-05	7.8240976e-07
1276	no_pain	0.99969876	0.0003002622	9.563419e-07
1277	no_pain	0.9999914	8.252952e-06	3.370555e-07
1278	no_pain	0.9995847	0.0004141745	1.1538128e-06
1279	no_pain	0.99977005	0.00022879186	1.1823844e-06
1280	no_pain	0.99980694	0.00018712661	5.966474e-06
1281	no_pain	0.9269165	0.07306795	1.5610012e-05
1282	high_pain	6.666734e-05	0.0011600452	0.9987733
1283	no_pain	0.8326079	0.1673468	4.522355e-05
1284	no_pain	0.71357137	0.2864203	8.3880495e-06
1285	no_pain	0.9982184	0.0017764231	5.1692946e-06
1286	no_pain	0.9995324	0.00046550043	2.0724833e-06
1287	no_pain	0.9954567	0.004537837	5.5149753e-06
1288	high_pain	2.8950901e-06	1.8121324e-06	0.9999953
1289	no_pain	0.9894282	0.010564166	7.583585e-06
1290	no_pain	0.99994314	5.605976e-05	8.170228e-07
1291	no_pain	0.9924213	0.0075327256	4.592793e-05
1292	no_pain	0.9996314	0.00036673254	1.8619329e-06
1293	high_pain	1.4221251e-05	0.0003532828	0.9996325
1294	no_pain	0.708351	0.2916308	1.8217266e-05
1295	low_pain	8.6679563e-07	0.9999989	2.5058313e-07
1296	no_pain	0.99981076	0.00018807981	1.1298032e-06
1297	no_pain	0.99902916	0.000963572	7.186027e-06
1298	no_pain	0.99988663	0.00011232825	1.0001648e-06
1299	no_pain	0.9997939	0.00020507311	1.0716112e-06
1300	low_pain	3.7190588e-05	0.99826425	0.0016985352
1301	no_pain	0.9999474	5.1868843e-05	6.839126e-07
1302	no_pain	0.99987257	0.00012645773	9.86778e-07
1303	no_pain	0.9996424	0.0003566605	1.0224785e-06
1304	no_pain	0.99944365	0.00055469514	1.6210333e-06
1305	no_pain	0.9996093	0.000388792	1.9307438e-06
1306	no_pain	0.9855171	0.014474273	8.595374e-06
1307	no_pain	0.99886894	0.0011271414	3.902064e-06
1308	no_pain	0.9998103	0.00018825321	1.4615196e-06
1309	low_pain	0.0046110535	0.99537754	1.1392178e-05
1310	no_pain	0.9998528	0.00014630922	9.061536e-07
1311	high_pain	0.0054061003	0.0031711746	0.9914227
1312	no_pain	0.7142752	0.2857203	4.5820843e-06
1313	no_pain	0.9999642	3.539363e-05	4.957322e-07
1314	no_pain	0.9998192	0.00017941215	1.3891914e-06
1315	low_pain	8.30676e-08	0.9999999	7.996209e-08
1316	no_pain	0.94322014	0.056751702	2.8119655e-05
1317	no_pain	0.99928045	0.00071647024	3.1074076e-06
1318	low_pain	8.727828e-08	0.9999999	8.1274e-08
1319	no_pain	0.8336229	0.16632663	5.05021e-05
1320	no_pain	0.99924046	0.00075599336	3.5270054e-06
1321	no_pain	0.99996024	3.9269074e-05	5.124183e-07
1322	no_pain	0.9993791	0.000619152	1.7761478e-06
1323	no_pain	0.86490095	0.13506986	2.9213048e-05
