sample_index	label	no_pain	low_pain	high_pain
000	no_pain	0.9012435	0.09689932	0.0018571423
001	no_pain	0.99997604	2.3376984e-05	6.077469e-07
002	no_pain	0.57099736	0.42898232	2.0348389e-05
003	no_pain	0.5796509	0.4202819	6.72017e-05
004	no_pain	0.60040754	0.39957076	2.1698981e-05
005	no_pain	0.714301	0.28569832	7.3637176e-07
006	no_pain	0.3603012	0.36021915	0.27947968
007	no_pain	0.5721343	0.4278625	3.189222e-06
008	no_pain	0.56768	0.43200964	0.0003103843
009	no_pain	0.99999	9.727092e-06	3.0595356e-07
010	no_pain	0.57110906	0.42888853	2.389415e-06
011	no_pain	0.6578669	0.34209898	3.4190147e-05
012	no_pain	0.9999955	4.1905364e-06	3.1132464e-07
013	no_pain	0.58828586	0.41169125	2.2888586e-05
014	no_pain	0.99994344	5.5371955e-05	1.1485646e-06
015	no_pain	0.5708877	0.42844978	0.0006625094
016	low_pain	2.6012327e-07	0.9999995	1.702563e-07
017	no_pain	0.5807766	0.41920644	1.6960872e-05
018	low_pain	4.793419e-07	0.9999992	2.7544726e-07
019	no_pain	0.6027598	0.3971034	0.00013683444
020	no_pain	0.5771925	0.4227983	9.1310185e-06
021	no_pain	0.6956173	0.3043657	1.6997206e-05
022	high_pain	5.415152e-05	0.28577182	0.7141741
023	low_pain	2.5354657e-07	0.9999996	1.5705129e-07
024	high_pain	0.028682848	0.42696384	0.5443533
025	no_pain	0.57187253	0.42812464	2.8215254e-06
026	low_pain	5.6350626e-07	0.99999917	2.9823917e-07
027	no_pain	0.687798	0.3121753	2.6692453e-05
028	no_pain	0.99999654	3.0942288e-06	3.4047505e-07
029	no_pain	0.99999535	4.396443e-06	2.5104362e-07
030	no_pain	0.59794706	0.40203622	1.6685359e-05
031	no_pain	0.9999803	1.913875e-05	5.9528753e-07
032	no_pain	0.9888228	0.011164955	1.2292304e-05
033	low_pain	0.42346787	0.5765162	1.5946453e-05
034	no_pain	0.99999475	4.928406e-06	3.2920903e-07
035	no_pain	0.8572155	0.14278309	1.3505572e-06
036	low_pain	2.5719064e-07	0.9999996	1.5713302e-07
037	low_pain	0.48215744	0.516785	0.0010575985
038	no_pain	0.6391311	0.36084816	2.0725025e-05
039	no_pain	0.99999297	6.732205e-06	2.9898683e-07
040	no_pain	0.55100137	0.44801703	0.0009816216
041	low_pain	7.6578925e-07	0.9999989	3.483081e-07
042	low_pain	3.642456e-07	0.99999946	2.1595727e-07
043	low_pain	3.174226e-07	0.99999946	1.80097e-07
044	no_pain	0.5714372	0.42856184	1.0646428e-06
045	high_pain	0.0002265114	0.24817431	0.7515992
046	high_pain	0.000670313	0.13490929	0.86442035
047	no_pain	0.9999971	2.5189147e-06	3.5095584e-07
048	no_pain	0.5921402	0.40783548	2.4388664e-05
049	high_pain	6.708848e-05	0.00075125095	0.9991816
050	high_pain	7.397697e-05	2.906353e-05	0.999897
051	no_pain	0.54561454	0.454362	2.343393e-05
052	high_pain	6.085497e-05	0.28628394	0.7136553
053	low_pain	4.5299927e-05	0.99995327	1.415332e-06
054	no_pain	0.57260525	0.42739064	4.0570226e-06
055	no_pain	0.9999712	1.672046e-05	1.21139e-05
056	no_pain	0.9999967	2.8551954e-06	3.30944e-07
057	low_pain	0.28436068	0.7156334	5.9076624e-06
058	no_pain	0.9999735	2.5839941e-05	6.4484186e-07
059	no_pain	0.5725113	0.42748526	3.4022362e-06
060	low_pain	0.44129592	0.4531455	0.10555855
061	no_pain	0.59977233	0.40021187	1.5786487e-05
062	no_pain	0.61412233	0.38585964	1.8041068e-05
063	no_pain	0.9999938	5.9234035e-06	2.681152e-07
064	no_pain	0.58640856	0.4135764	1.5032461e-05
065	no_pain	0.5734629	0.4265318	5.338414e-06
066	no_pain	0.5867577	0.4132256	1.6692551e-05
067	no_pain	0.6156575	0.384325	1.7499513e-05
068	no_pain	0.5189897	0.46955928	0.011450982
069	no_pain	0.5822698	0.4177186	1.1574846e-05
070	no_pain	0.5669344	0.43305966	5.9583576e-06
071	low_pain	0.0029503957	0.996715	0.00033461023
072	no_pain	0.59245366	0.40753055	1.579067e-05
073	no_pain	0.5049177	0.49369553	0.0013867884
074	no_pain	0.5729256	0.42706218	1.2183352e-05
075	no_pain	0.999997	2.7137344e-06	2.5161916e-07
076	no_pain	0.8489045	0.15066448	0.00043103992
077	no_pain	0.57184607	0.4281511	2.818913e-06
078	no_pain	0.72355515	0.27643585	9.013951e-06
079	no_pain	0.99865735	0.001338939	3.6838057e-06
080	low_pain	0.27149883	0.42926124	0.29923993
081	high_pain	1.1625118e-05	0.14287351	0.8571148
082	high_pain	7.47546e-05	0.28503388	0.7148914
083	no_pain	0.59051555	0.40946612	1.827908e-05
084	low_pain	0.43629056	0.56369966	9.72923e-06
085	no_pain	0.99999684	2.9037012e-06	2.4454638e-07
086	no_pain	0.5718902	0.4281068	3.0145634e-06
087	low_pain	5.368649e-07	0.9999992	2.2718226e-07
088	no_pain	0.5717572	0.42824072	2.1508254e-06
089	no_pain	0.55831	0.44167647	1.3535607e-05
090	low_pain	0.49772006	0.4990251	0.0032548036
091	no_pain	0.9999966	3.0273895e-06	3.5151672e-07
092	no_pain	0.57155687	0.4284412	1.9678757e-06
093	low_pain	0.00018325055	0.99981403	2.6882512e-06
094	no_pain	0.57204217	0.42795464	3.1774373e-06
095	low_pain	0.4634838	0.53649366	2.2502105e-05
096	no_pain	0.99999315	6.5952677e-06	2.8331692e-07
097	high_pain	5.881157e-05	0.14305758	0.8568836
098	high_pain	0.0007026755	3.001755e-06	0.99929434
099	low_pain	5.6701526e-07	0.99999917	2.520313e-07
100	no_pain	0.573948	0.4260462	5.733291e-06
101	no_pain	0.57161707	0.4283805	2.4478434e-06
102	low_pain	3.9578464e-07	0.9999994	2.0954853e-07
103	low_pain	1.5225608e-06	0.99999815	3.283965e-07
104	no_pain	0.7087241	0.29125187	2.4019988e-05
105	no_pain	0.5695504	0.34827217	0.08217741
106	high_pain	4.365929e-05	5.1455452e-05	0.99990493
107	no_pain	0.8477458	0.15224382	1.0454941e-05
108	no_pain	0.57122415	0.42877308	2.7988626e-06
109	no_pain	0.57903117	0.42095822	1.0630893e-05
110	no_pain	0.5711672	0.42883164	1.1734277e-06
111	no_pain	0.9999916	7.957346e-06	4.276091e-07
112	low_pain	0.14296596	0.8570321	1.9606896e-06
113	no_pain	0.5728963	0.42709917	4.5136812e-06
114	no_pain	0.6418485	0.3581337	1.7831395e-05
115	high_pain	8.801687e-05	0.14293753	0.8569745
116	no_pain	0.60286385	0.39711496	2.1192314e-05
117	high_pain	8.860774e-05	0.00044871581	0.99946266
118	high_pain	5.0552164e-05	0.14322332	0.8567261
119	no_pain	0.9999116	8.745382e-05	9.728834e-07
120	no_pain	0.573569	0.42638594	4.4998542e-05
121	no_pain	0.57199955	0.4279974	3.0545598e-06
122	no_pain	0.5906981	0.40927047	3.1490687e-05
123	no_pain	0.5717963	0.42820123	2.4696299e-06
124	low_pain	0.33735964	0.46533448	0.19730589
125	no_pain	0.57519144	0.42480135	7.2182897e-06
126	no_pain	0.9999938	5.92419e-06	2.7725534e-07
127	no_pain	0.999993	6.6414336e-06	3.1499454e-07
128	no_pain	0.5754983	0.42449442	7.2240787e-06
129	no_pain	0.5717994	0.428198	2.563384e-06
130	no_pain	0.57191795	0.42807922	2.827476e-06
131	no_pain	0.5723964	0.42759997	3.5637506e-06
132	no_pain	0.99998933	1.03361135e-05	3.4294098e-07
133	no_pain	0.5721112	0.4278855	3.284256e-06
134	no_pain	0.5795284	0.42046097	1.061916e-05
135	no_pain	0.57427806	0.42571422	7.692554e-06
136	low_pain	2.8973105e-07	0.9999995	1.8152896e-07
137	high_pain	0.12640676	0.28613764	0.5874556
138	no_pain	0.6513095	0.34867284	1.771638e-05
139	no_pain	0.5395191	0.46045393	2.698872e-05
140	no_pain	0.60197353	0.398004	2.2445469e-05
141	no_pain	0.5716196	0.42837825	2.2115935e-06
142	no_pain	0.4333332	0.42754665	0.13912015
143	no_pain	0.63670814	0.363237	5.487827e-05
144	low_pain	0.43373558	0.5636224	0.0026420224
145	no_pain	0.5731454	0.42684957	5.0186422e-06
146	low_pain	3.0549066e-07	0.99999946	1.8714307e-07
147	no_pain	0.5732764	0.426717	6.60746e-06
148	low_pain	2.4145805e-07	0.99999964	1.4512268e-07
149	no_pain	0.99999297	6.647924e-06	3.8852104e-07
150	no_pain	0.5902161	0.40975815	2.579149e-05
151	no_pain	0.57611334	0.42387435	1.2333612e-05
152	no_pain	0.57217395	0.42782265	3.3770318e-06
153	no_pain	0.99749917	0.0024920667	8.710476e-06
154	no_pain	0.55397886	0.44600204	1.9101657e-05
155	no_pain	0.5715128	0.42833915	0.00014806821
156	low_pain	0.28899902	0.42781088	0.28319016
157	no_pain	0.57549065	0.42450118	8.103303e-06
158	no_pain	0.9999904	9.307654e-06	3.1430926e-07
159	no_pain	0.5873016	0.41265583	4.2573858e-05
160	low_pain	1.3454537e-06	0.9999982	3.7345325e-07
161	no_pain	0.6289211	0.37102598	5.2946125e-05
162	no_pain	0.5727848	0.427209	6.215167e-06
163	no_pain	0.58455235	0.4154307	1.6895328e-05
164	no_pain	0.59019595	0.40978906	1.4998557e-05
165	low_pain	5.425305e-07	0.99999917	2.8990627e-07
166	no_pain	0.60487604	0.395093	3.0991534e-05
167	no_pain	0.573234	0.4267613	4.6733935e-06
168	no_pain	0.57229894	0.42769554	5.4994875e-06
169	no_pain	0.5734944	0.42650026	5.3700755e-06
170	low_pain	0.28667006	0.7133245	5.4905636e-06
171	low_pain	3.822046e-07	0.99999946	2.0390576e-07
172	no_pain	0.99999505	4.6981318e-06	2.7394825e-07
173	low_pain	0.45653632	0.4970367	0.04642698
174	no_pain	0.57400805	0.42598537	6.5716454e-06
175	low_pain	0.0004980244	0.5943429	0.40515906
176	no_pain	0.6245486	0.37542215	2.9185332e-05
177	no_pain	0.8573588	0.14263918	2.0878276e-06
178	no_pain	0.99765784	0.0023310583	1.1048571e-05
179	no_pain	0.9997901	0.00020774096	2.1893907e-06
180	no_pain	0.57260627	0.4273867	7.064994e-06
181	no_pain	0.6543278	0.3456351	3.7088146e-05
182	no_pain	0.5715577	0.42840257	3.9688308e-05
183	no_pain	0.5722727	0.4277235	3.7747275e-06
184	no_pain	0.57516426	0.42482764	8.139736e-06
185	no_pain	0.71527106	0.28472516	3.7903076e-06
186	high_pain	0.000107017506	0.2860994	0.7137936
187	no_pain	0.6019195	0.39806524	1.5384232e-05
188	low_pain	0.38468656	0.4278562	0.1874572
189	high_pain	6.258719e-06	1.1730006e-06	0.9999925
190	no_pain	0.57258993	0.42740545	4.6184637e-06
191	high_pain	0.22150274	1.1345363e-05	0.7784859
192	no_pain	0.5730025	0.42698583	1.1619326e-05
193	no_pain	0.5851478	0.41484156	1.06376665e-05
194	no_pain	0.5715655	0.42843252	1.9805123e-06
195	no_pain	0.57958555	0.42040196	1.2451227e-05
196	no_pain	0.67814815	0.32181624	3.5645342e-05
197	no_pain	0.54542154	0.45456335	1.5114379e-05
198	low_pain	2.3701112e-07	0.99999964	1.4226852e-07
199	no_pain	0.69378465	0.30617476	4.061436e-05
200	no_pain	0.57163984	0.42835638	3.8030782e-06
201	high_pain	0.00043446125	0.22368726	0.7758783
202	low_pain	2.9194857e-07	0.9999995	1.8269307e-07
203	low_pain	0.0021719753	0.72563404	0.272194
204	no_pain	0.99999666	2.9653036e-06	3.441483e-07
205	no_pain	0.5378717	0.462104	2.4278164e-05
206	low_pain	3.09328e-07	0.99999946	1.80988e-07
207	no_pain	0.5907096	0.40926224	2.8133514e-05
208	no_pain	0.59185904	0.40812233	1.8572542e-05
209	no_pain	0.7102333	0.28976208	4.714614e-06
210	no_pain	0.5748398	0.42513683	2.3352874e-05
211	no_pain	0.5731162	0.42687917	4.6529e-06
212	no_pain	0.5698822	0.4301093	8.495402e-06
213	no_pain	0.9999939	5.704579e-06	3.8778893e-07
214	low_pain	3.2424308e-07	0.99999946	1.9779111e-07
215	no_pain	0.9999911	8.52402e-06	3.1771194e-07
216	no_pain	0.64856577	0.35139057	4.3684933e-05
217	no_pain	0.99997145	2.7856053e-05	6.871057e-07
218	no_pain	0.5508732	0.44910136	2.5456873e-05
219	no_pain	0.5986581	0.40132037	2.1551135e-05
220	low_pain	5.472489e-07	0.99999917	3.059929e-07
221	no_pain	0.571907	0.42809013	2.8890415e-06
222	low_pain	0.00027907823	0.932335	0.067385875
223	no_pain	0.5775053	0.42248353	1.1150203e-05
224	no_pain	0.5758782	0.4240799	4.186236e-05
225	no_pain	0.57103676	0.42896062	2.6710534e-06
226	no_pain	0.5415489	0.45842624	2.4804709e-05
227	no_pain	0.99996954	2.9820678e-05	6.560676e-07
228	no_pain	0.8572448	0.14275305	2.2096604e-06
229	no_pain	0.6578551	0.3421062	3.8718455e-05
230	no_pain	0.9999735	2.596876e-05	5.716707e-07
231	no_pain	0.5739737	0.42601898	7.2492876e-06
232	no_pain	0.57339245	0.42660278	4.7568087e-06
233	low_pain	0.42943138	0.57056516	3.4906082e-06
234	no_pain	0.99999607	3.666151e-06	2.5282407e-07
235	no_pain	0.57184255	0.42815328	4.1591425e-06
236	no_pain	0.60181946	0.39816052	2.0018768e-05
237	no_pain	0.6179884	0.38197708	3.4519202e-05
238	low_pain	3.7525334e-07	0.9999994	2.223229e-07
239	no_pain	0.6203612	0.37948018	0.00015858484
240	no_pain	0.62543297	0.374537	3.0072126e-05
241	no_pain	0.5720476	0.42794916	3.2335533e-06
242	no_pain	0.6094014	0.39058	1.8535979e-05
243	no_pain	0.9999959	3.7425518e-06	3.1274132e-07
244	no_pain	0.5711973	0.42879793	4.7705594e-06
245	no_pain	0.56357855	0.4364138	7.626573e-06
246	no_pain	0.6825195	0.3174388	4.166321e-05
247	no_pain	0.5834602	0.41652086	1.8957286e-05
248	no_pain	0.55614656	0.44383004	2.3373868e-05
249	no_pain	0.9999963	3.2772555e-06	3.6342453e-07
250	no_pain	0.71303993	0.28694996	1.0069228e-05
251	low_pain	3.963166e-07	0.9999994	2.2921571e-07
252	no_pain	0.9999793	2.0071386e-05	6.3117994e-07
253	no_pain	0.999989	1.0724188e-05	3.2813242e-07
254	no_pain	0.5916557	0.4083267	1.7604938e-05
255	no_pain	0.5813006	0.41862673	7.267135e-05
256	no_pain	0.57616466	0.42382607	9.2725695e-06
257	high_pain	0.00021526066	0.42839643	0.5713883
258	low_pain	0.45382467	0.5352623	0.010913034
259	no_pain	0.5631225	0.43686336	1.4110656e-05
260	no_pain	0.999997	2.7374856e-06	2.0922043e-07
261	high_pain	3.380322e-05	2.367807e-05	0.9999425
262	no_pain	0.57186884	0.4281083	2.2845814e-05
263	no_pain	0.5726988	0.42729622	5.012081e-06
264	no_pain	0.5744914	0.42549282	1.5779267e-05
265	no_pain	0.5750518	0.42494035	7.891872e-06
266	high_pain	3.111967e-05	0.28567222	0.7142967
267	no_pain	0.57203263	0.42796403	3.24366e-06
268	high_pain	6.95587e-05	0.14293626	0.85699415
269	no_pain	0.5722744	0.42769814	2.746384e-05
270	low_pain	4.30908e-07	0.99999934	2.4663112e-07
271	low_pain	0.44401118	0.5559814	7.393649e-06
272	low_pain	3.4885494e-07	0.99999946	2.07463e-07
273	low_pain	4.4585864e-05	0.9999545	8.8383973e-07
274	no_pain	0.6231351	0.3768255	3.9458082e-05
275	low_pain	0.44524646	0.55473197	2.1598566e-05
276	no_pain	0.5718528	0.4280767	7.047887e-05
277	low_pain	0.43479493	0.565121	8.404199e-05
278	no_pain	0.99999267	7.0854153e-06	2.9301185e-07
279	no_pain	0.56900674	0.4309888	4.457572e-06
280	no_pain	0.6028643	0.3971189	1.674831e-05
281	no_pain	0.79656184	0.20336042	7.7747296e-05
282	no_pain	0.5852316	0.41475555	1.2792266e-05
283	low_pain	0.324601	0.6753785	2.0475973e-05
284	no_pain	0.5721635	0.42783308	3.347745e-06
285	no_pain	0.5717414	0.4282562	2.3892649e-06
286	no_pain	0.56914914	0.4308463	4.499528e-06
287	low_pain	2.4670916e-07	0.9999996	1.4565252e-07
288	no_pain	0.7159962	0.28399926	4.5147563e-06
289	no_pain	0.99993664	6.251487e-05	8.0764715e-07
290	no_pain	0.57678604	0.42320433	9.632493e-06
291	low_pain	4.078317e-07	0.9999994	2.137716e-07
292	no_pain	0.6415003	0.35847434	2.5389027e-05
293	no_pain	0.57190716	0.4280898	2.9724683e-06
294	low_pain	3.33677e-07	0.99999946	1.8710524e-07
295	no_pain	0.57196605	0.42803094	2.9726307e-06
296	no_pain	0.5772899	0.4226965	1.3654472e-05
297	no_pain	0.5737203	0.42627406	5.689851e-06
298	no_pain	0.8682518	0.13164768	0.000100514495
299	no_pain	0.5716033	0.42834643	5.0279847e-05
300	low_pain	7.5545086e-07	0.99999875	4.9749207e-07
301	no_pain	0.5718872	0.4281098	2.9378448e-06
302	low_pain	4.351288e-07	0.99999934	2.4601545e-07
303	no_pain	0.9241004	0.07512828	0.0007713092
304	no_pain	0.5736908	0.42630377	5.434568e-06
305	no_pain	0.5718053	0.42819232	2.3924752e-06
306	no_pain	0.6518306	0.34814006	2.932016e-05
307	no_pain	0.5907189	0.40926805	1.2984708e-05
308	low_pain	7.284856e-07	0.999999	2.9285874e-07
309	no_pain	0.57083905	0.4291586	2.3969383e-06
310	no_pain	0.5742346	0.4257581	7.2948674e-06
311	no_pain	0.7160433	0.28395241	4.363186e-06
312	no_pain	0.5377158	0.46226025	2.39454e-05
313	no_pain	0.7105183	0.28947452	7.2194075e-06
314	no_pain	0.9999911	8.539683e-06	3.2655834e-07
315	no_pain	0.5770336	0.42295653	9.891798e-06
316	no_pain	0.69863844	0.3013493	1.22168285e-05
317	no_pain	0.57275486	0.4272361	9.055707e-06
318	no_pain	0.99998766	1.1981909e-05	3.7746798e-07
319	high_pain	0.00037185862	0.017658254	0.98196983
320	no_pain	0.6245042	0.3754671	2.8637101e-05
321	low_pain	2.2980139e-05	0.999976	1.0425006e-06
322	low_pain	2.5020182e-07	0.9999996	1.5540238e-07
323	no_pain	0.57162607	0.42837194	1.9679792e-06
324	no_pain	0.57148874	0.4285092	2.0860796e-06
325	low_pain	0.00048002834	0.8611842	0.13833578
326	high_pain	8.140982e-05	0.0003127115	0.99960583
327	no_pain	0.9999929	6.834532e-06	2.4629568e-07
328	no_pain	0.9999957	3.9049823e-06	3.9011957e-07
329	no_pain	0.5722893	0.4277074	3.280289e-06
330	low_pain	0.00014892237	0.72458106	0.27527004
331	no_pain	0.673948	0.32602188	3.0147816e-05
332	no_pain	0.5721117	0.42788538	2.8048287e-06
333	no_pain	0.57233584	0.42766014	4.030457e-06
334	high_pain	0.14325218	0.0017219841	0.8550258
335	no_pain	0.999759	0.00023946856	1.5790696e-06
336	no_pain	0.5726251	0.42735577	1.9137788e-05
337	no_pain	0.664013	0.3359666	2.0310335e-05
338	no_pain	0.5660048	0.43344834	0.0005468564
339	no_pain	0.9974076	0.002586788	5.565467e-06
340	low_pain	2.9373652e-07	0.9999995	1.7864899e-07
341	no_pain	0.5722068	0.4277901	3.1064658e-06
342	no_pain	0.5725847	0.42740583	9.460093e-06
343	no_pain	0.99999523	4.310296e-06	4.269463e-07
344	no_pain	0.5737009	0.42629358	5.510353e-06
345	no_pain	0.6507669	0.34919623	3.6814075e-05
346	no_pain	0.57145226	0.4285445	3.2389053e-06
347	no_pain	0.5905328	0.4094531	1.41014025e-05
348	no_pain	0.5715717	0.42842558	2.7481972e-06
349	no_pain	0.7160768	0.28391817	5.0535664e-06
350	no_pain	0.4462767	0.4245696	0.12915371
351	no_pain	0.57304955	0.4269454	5.026878e-06
352	low_pain	4.168754e-07	0.9999994	2.1622813e-07
353	no_pain	0.5719078	0.42808947	2.706864e-06
354	no_pain	0.9999725	2.6784197e-05	6.6902857e-07
355	no_pain	0.57460386	0.4253858	1.0334298e-05
356	no_pain	0.57703304	0.4229571	9.861486e-06
357	no_pain	0.88610476	0.11386734	2.7879765e-05
358	no_pain	0.5718555	0.4281418	2.7006388e-06
359	no_pain	0.54135007	0.3245503	0.13409965
360	no_pain	0.61372626	0.38625747	1.6273452e-05
361	no_pain	0.571684	0.4283134	2.583591e-06
362	no_pain	0.5869197	0.41305283	2.7371547e-05
363	no_pain	0.5788759	0.42111284	1.1246449e-05
364	no_pain	0.57440275	0.42558903	8.243464e-06
365	no_pain	0.5775217	0.42246458	1.3782732e-05
366	no_pain	0.5817093	0.41827875	1.1900119e-05
367	no_pain	0.9993263	0.0006687304	4.941268e-06
368	no_pain	0.9999885	1.1089928e-05	4.4416234e-07
369	no_pain	0.5769485	0.42302105	3.046663e-05
370	no_pain	0.9999928	6.8945724e-06	3.3016028e-07
371	low_pain	4.906032e-07	0.99999917	2.7390686e-07
372	low_pain	3.8908567e-07	0.9999994	2.2864528e-07
373	low_pain	0.14532933	0.8546639	6.7320298e-06
374	no_pain	0.99658024	0.0034093508	1.0356687e-05
375	low_pain	2.852473e-07	0.9999995	1.803121e-07
376	no_pain	0.57403916	0.42594406	1.6791788e-05
377	no_pain	0.60795933	0.39198765	5.3028984e-05
378	no_pain	0.59056395	0.40942296	1.3074096e-05
379	low_pain	3.6644275e-07	0.9999994	2.1497934e-07
380	no_pain	0.5707103	0.42928773	1.9935153e-06
381	low_pain	6.4819704e-07	0.9999991	2.616733e-07
382	no_pain	0.5716339	0.42836395	2.151806e-06
383	no_pain	0.572192	0.42780358	4.4435633e-06
384	no_pain	0.58092314	0.4190555	2.1303e-05
385	no_pain	0.57376134	0.42619005	4.8616093e-05
386	no_pain	0.5716166	0.42832193	6.145653e-05
387	no_pain	0.9999962	3.4020866e-06	3.7574597e-07
388	no_pain	0.6891548	0.3107872	5.7985977e-05
389	no_pain	0.65453833	0.3454347	2.6987856e-05
390	no_pain	0.5828229	0.41711846	5.8599468e-05
391	no_pain	0.99832094	0.0016756968	3.390923e-06
392	low_pain	9.094112e-07	0.99999887	2.709847e-07
393	no_pain	0.578446	0.42153904	1.5008539e-05
394	no_pain	0.57294834	0.42704722	4.414324e-06
395	no_pain	0.6990651	0.30090946	2.5443074e-05
396	no_pain	0.9984935	0.0015028667	3.6718e-06
397	no_pain	0.7116546	0.28833178	1.3684849e-05
398	low_pain	3.2682877e-07	0.99999946	1.737251e-07
399	low_pain	0.000103202015	0.99040353	0.009493322
400	low_pain	2.4068834e-06	0.99999267	4.967103e-06
401	low_pain	3.151349e-07	0.9999995	1.7959444e-07
402	no_pain	0.5722551	0.4277413	3.635331e-06
403	no_pain	0.5409507	0.38161033	0.077438995
404	no_pain	0.58449185	0.41548687	2.1210191e-05
405	no_pain	0.5731621	0.42669058	0.00014739209
406	no_pain	0.5770014	0.42299154	7.068277e-06
407	low_pain	0.42465025	0.5753314	1.834513e-05
408	no_pain	0.5733003	0.4266948	4.9055866e-06
409	no_pain	0.9999935	6.1992796e-06	2.700985e-07
410	no_pain	0.57400954	0.4259198	7.063178e-05
411	no_pain	0.58952177	0.41045412	2.4119783e-05
412	no_pain	0.98829114	0.011653913	5.494373e-05
413	low_pain	3.5662927e-07	0.99999946	1.9085488e-07
414	low_pain	4.878441e-07	0.99999917	2.8353028e-07
415	no_pain	0.58284426	0.4171428	1.2964713e-05
416	low_pain	3.48254e-07	0.99999946	2.0707681e-07
417	no_pain	0.9999956	4.179903e-06	2.5114596e-07
418	low_pain	2.8351027e-07	0.9999995	1.7908154e-07
419	no_pain	0.5611163	0.43886757	1.6183225e-05
420	no_pain	0.6123146	0.3876614	2.4061355e-05
421	high_pain	0.00011009847	0.14321668	0.85667324
422	no_pain	0.57986623	0.42012098	1.2839658e-05
423	low_pain	0.39840385	0.601581	1.523766e-05
424	no_pain	0.57291526	0.4270803	4.427577e-06
425	low_pain	0.42886218	0.5711345	3.269539e-06
426	low_pain	2.4958595e-07	0.9999996	1.6346644e-07
427	high_pain	0.00030787877	0.028865125	0.970827
428	low_pain	0.0056549874	0.56926125	0.4250837
429	no_pain	0.52636683	0.18106107	0.29257208
430	no_pain	0.5723366	0.42765957	3.79255e-06
431	no_pain	0.5715629	0.42843384	3.2587902e-06
432	no_pain	0.57370484	0.426279	1.6093623e-05
433	low_pain	0.48202223	0.5168354	0.0011423699
434	no_pain	0.5720331	0.42405385	0.003913021
435	no_pain	0.99999225	7.4518134e-06	3.4728512e-07
436	low_pain	0.28674132	0.45572203	0.25753665
437	no_pain	0.5701674	0.42838854	0.0014440957
438	no_pain	0.99855214	0.001441811	6.0484294e-06
439	no_pain	0.5727716	0.427224	4.381917e-06
440	no_pain	0.5726237	0.42737183	4.4132544e-06
441	no_pain	0.99998695	1.2557983e-05	5.326039e-07
442	no_pain	0.5714181	0.42857942	2.4361518e-06
443	no_pain	0.9985495	0.0014430097	7.3980004e-06
444	no_pain	0.62459326	0.37538686	1.9903862e-05
445	no_pain	0.5727704	0.42722556	4.016501e-06
446	no_pain	0.7281643	0.27182165	1.4024799e-05
447	low_pain	0.46014547	0.5398342	2.0306952e-05
448	no_pain	0.61122334	0.38874412	3.252574e-05
449	no_pain	0.5725599	0.4274067	3.3426957e-05
450	low_pain	4.4427296e-07	0.99999934	2.5346907e-07
451	low_pain	0.44148484	0.5550358	0.003479358
452	low_pain	0.16848516	0.4285424	0.40297246
453	no_pain	0.5788485	0.42113543	1.611461e-05
454	high_pain	2.8341223e-05	8.482504e-05	0.9998868
455	no_pain	0.6131193	0.3868294	5.1251845e-05
456	no_pain	0.9999919	7.823544e-06	2.863152e-07
457	no_pain	0.60393035	0.39604187	2.7782342e-05
458	no_pain	0.9999929	6.641668e-06	4.5307078e-07
459	no_pain	0.5752207	0.4247726	6.670764e-06
460	high_pain	0.00066113	0.04345191	0.95588696
461	no_pain	0.5910815	0.40890342	1.5089795e-05
462	low_pain	3.8123935e-07	0.9999994	2.2407944e-07
463	no_pain	0.42915967	0.42796043	0.14287993
464	high_pain	0.30096528	0.28337425	0.41566047
465	high_pain	5.8588234e-06	6.921296e-07	0.99999344
466	no_pain	0.56503785	0.43494844	1.36777435e-05
467	no_pain	0.9999898	9.799247e-06	3.9175333e-07
468	no_pain	0.98511595	0.01475778	0.00012627913
469	no_pain	0.5716381	0.4283595	2.3323319e-06
470	no_pain	0.5711373	0.42885867	4.0181008e-06
471	high_pain	0.0020655345	0.17289539	0.825039
472	no_pain	0.61002827	0.38992378	4.795792e-05
473	low_pain	0.46130398	0.5384682	0.00022788384
474	no_pain	0.578428	0.42155653	1.5470841e-05
475	low_pain	5.703596e-07	0.99999917	2.7960058e-07
476	no_pain	0.57305783	0.42693752	4.679344e-06
477	no_pain	0.56905806	0.4309365	5.485685e-06
478	high_pain	0.00022038592	0.016324824	0.9834548
479	high_pain	0.00048247093	0.43109563	0.5684219
480	no_pain	0.5746619	0.4253301	7.986428e-06
481	no_pain	0.99997395	2.5547766e-05	5.165568e-07
482	no_pain	0.5728654	0.42712992	4.704758e-06
483	low_pain	1.33536905e-05	0.99989784	8.886823e-05
484	no_pain	0.9999913	8.420821e-06	3.109244e-07
485	no_pain	0.67110497	0.32885408	4.098869e-05
486	no_pain	0.99636126	0.0036282248	1.0462593e-05
487	low_pain	0.31519848	0.41498473	0.26981673
488	no_pain	0.5933623	0.40659186	4.5915494e-05
489	low_pain	0.14272082	0.85727835	8.4277787e-07
490	low_pain	3.4912668e-07	0.99999946	1.9918774e-07
491	no_pain	0.9999934	6.2885056e-06	2.9775774e-07
492	high_pain	0.14325823	0.15150578	0.70523596
493	no_pain	0.5527362	0.44725254	1.1240658e-05
494	low_pain	0.07381926	0.92615944	2.1285448e-05
495	no_pain	0.57226616	0.42773014	3.6591089e-06
496	no_pain	0.5626911	0.43729183	1.7067145e-05
497	no_pain	0.5730433	0.42695096	5.747645e-06
498	no_pain	0.58423746	0.4157526	9.966148e-06
499	high_pain	0.018243564	0.30571073	0.6760457
500	no_pain	0.5943531	0.4056306	1.634693e-05
501	no_pain	0.5932102	0.40672523	6.452613e-05
502	no_pain	0.5722584	0.427738	3.5165092e-06
503	no_pain	0.5720917	0.42790475	3.5356618e-06
504	no_pain	0.9999948	4.956451e-06	2.496864e-07
505	no_pain	0.59499204	0.40499207	1.5872938e-05
506	no_pain	0.99999505	4.6666914e-06	3.106506e-07
507	low_pain	0.49202052	0.5078858	9.365483e-05
508	low_pain	6.36961e-07	0.9999989	4.3467873e-07
509	no_pain	0.9999967	3.0683357e-06	2.447107e-07
510	low_pain	5.023772e-07	0.99999917	3.2875042e-07
511	no_pain	0.66047746	0.33949512	2.748593e-05
512	no_pain	0.9998563	0.00014247652	1.2640972e-06
513	no_pain	0.6501574	0.34982094	2.1657555e-05
514	no_pain	0.5717549	0.4282429	2.2921024e-06
515	high_pain	0.00197865	0.16065416	0.8373672
516	no_pain	0.42945293	0.42847753	0.14206955
517	no_pain	0.9999689	3.0543997e-05	6.22788e-07
518	no_pain	0.6065702	0.3934069	2.2919197e-05
519	no_pain	0.57429516	0.42569748	7.3875176e-06
520	no_pain	0.5890279	0.4109524	1.968573e-05
521	no_pain	0.6653596	0.33460495	3.5421304e-05
522	low_pain	0.4799573	0.5200281	1.4563337e-05
523	no_pain	0.56937087	0.43021616	0.0004129783
524	no_pain	0.6212253	0.37874535	2.9343582e-05
525	no_pain	0.5647595	0.4352273	1.3216447e-05
526	no_pain	0.5820941	0.41788843	1.7506365e-05
527	no_pain	0.5716509	0.42834663	2.4760889e-06
528	no_pain	0.57244146	0.4275546	3.926132e-06
529	low_pain	3.4191584e-07	0.99999946	2.052951e-07
530	no_pain	0.99999243	7.258847e-06	3.1103997e-07
531	low_pain	0.3946486	0.60532755	2.3844144e-05
532	high_pain	0.0020436845	0.3094742	0.6884821
533	high_pain	0.001044203	0.17109762	0.82785815
534	high_pain	1.8303324e-05	1.9172901e-05	0.9999625
535	no_pain	0.5718004	0.4280804	0.0001191538
536	low_pain	3.8056254e-07	0.9999994	2.2333062e-07
537	no_pain	0.5752873	0.42468664	2.611468e-05
538	no_pain	0.9999971	2.6728007e-06	2.4404963e-07
539	no_pain	0.5712074	0.42878893	3.674745e-06
540	low_pain	5.6045104e-07	0.99999905	3.3973853e-07
541	no_pain	0.9999891	1.0445188e-05	4.3611468e-07
542	no_pain	0.99999136	8.236748e-06	4.5799285e-07
543	low_pain	0.36119813	0.41734573	0.22145618
544	low_pain	2.4299675e-07	0.9999996	1.6090374e-07
545	high_pain	0.04943445	0.4289325	0.521633
546	low_pain	0.48022515	0.51962006	0.0001548011
547	low_pain	0.15721306	0.84273386	5.3079963e-05
548	no_pain	0.5946583	0.40531346	2.8227789e-05
549	low_pain	0.00026309563	0.9453195	0.054417487
550	low_pain	4.230576e-07	0.99999934	2.411886e-07
551	no_pain	0.5810057	0.41898468	9.613994e-06
552	no_pain	0.57210535	0.42789167	2.9916785e-06
553	no_pain	0.57157695	0.42841917	3.842932e-06
554	no_pain	0.99999386	5.8395535e-06	2.9260562e-07
555	no_pain	0.6392541	0.36070648	3.945299e-05
556	no_pain	0.5246369	0.47532225	4.0795247e-05
557	no_pain	0.8374631	0.16245064	8.625643e-05
558	low_pain	5.7227743e-07	0.9999991	3.0879872e-07
559	no_pain	0.57526386	0.42472726	8.874046e-06
560	low_pain	2.4540404e-07	0.9999996	1.605891e-07
561	no_pain	0.5706813	0.4293138	4.879323e-06
562	high_pain	0.00023848691	0.14848442	0.85127705
563	no_pain	0.5726012	0.42738655	1.2296588e-05
564	no_pain	0.9999966	3.1383406e-06	2.581023e-07
565	low_pain	3.5786275e-07	0.9999994	2.1395991e-07
566	no_pain	0.80257857	0.19728878	0.00013265367
567	no_pain	0.57177114	0.4282259	2.911762e-06
568	no_pain	0.9999966	3.049594e-06	3.5905137e-07
569	no_pain	0.5714363	0.4285588	4.9693613e-06
570	low_pain	0.00024993366	0.9997457	4.318349e-06
571	no_pain	0.5717372	0.42826	2.821203e-06
572	no_pain	0.6716248	0.32835934	1.5901709e-05
573	no_pain	0.6058679	0.39410314	2.8911529e-05
574	no_pain	0.6074084	0.3925581	3.346214e-05
575	no_pain	0.5720099	0.42798695	3.1416246e-06
576	no_pain	0.9999834	1.510937e-05	1.5752319e-06
577	low_pain	6.49507e-07	0.9999989	4.12942e-07
578	no_pain	0.9999965	3.2491919e-06	2.4938578e-07
579	no_pain	0.7155403	0.28445485	4.894354e-06
580	low_pain	2.7082845e-07	0.9999996	1.6076618e-07
581	no_pain	0.99999064	8.962228e-06	3.3629837e-07
582	low_pain	8.2130406e-05	0.9998885	2.9408695e-05
583	no_pain	0.57181185	0.42818573	2.3700297e-06
584	low_pain	9.002466e-07	0.9999987	3.5956205e-07
585	no_pain	0.5807109	0.4192761	1.3022043e-05
586	no_pain	0.57288265	0.42709827	1.9078117e-05
587	no_pain	0.64446926	0.3555054	2.5340722e-05
588	no_pain	0.5808595	0.41913036	1.0166777e-05
589	no_pain	0.6685259	0.3314441	2.9995148e-05
590	no_pain	0.5742224	0.42577162	6.0189673e-06
591	no_pain	0.57161826	0.42837915	2.4906399e-06
592	no_pain	0.8572779	0.14272039	1.674062e-06
593	no_pain	0.62561744	0.37436506	1.7516193e-05
594	no_pain	0.5625424	0.4374297	2.7915174e-05
595	no_pain	0.57180226	0.4281952	2.4790274e-06
596	no_pain	0.9999938	5.879347e-06	3.5372202e-07
597	low_pain	5.8236543e-07	0.99999905	3.3694866e-07
598	no_pain	0.5724169	0.42757797	5.0803033e-06
599	no_pain	0.9999959	3.700277e-06	3.9082138e-07
600	no_pain	0.5725206	0.42747566	3.7233901e-06
601	no_pain	0.57217085	0.42782587	3.2648284e-06
602	no_pain	0.9999957	3.9760275e-06	2.9656465e-07
603	no_pain	0.9999948	4.913418e-06	2.6900065e-07
604	no_pain	0.5735406	0.42645273	6.6713264e-06
605	no_pain	0.49418488	0.36455044	0.14126466
606	no_pain	0.720527	0.27946502	8.05564e-06
607	no_pain	0.6758666	0.3241085	2.489159e-05
608	no_pain	0.9999572	4.189644e-05	9.14148e-07
609	no_pain	0.998629	0.0013642657	6.729523e-06
610	no_pain	0.99999666	2.933605e-06	3.5538673e-07
611	no_pain	0.9999971	2.7045887e-06	2.1361336e-07
612	low_pain	3.7758517e-07	0.9999994	2.2048751e-07
613	high_pain	0.00039059686	0.2701876	0.7294218
614	no_pain	0.9999968	2.9412854e-06	2.4893686e-07
615	no_pain	0.5536603	0.44631436	2.5352247e-05
616	low_pain	0.00016274051	0.56323516	0.4366021
617	no_pain	0.5920653	0.40789858	3.6154797e-05
618	no_pain	0.57161325	0.42838487	1.9096717e-06
619	no_pain	0.57258016	0.42741546	4.366852e-06
620	no_pain	0.57145184	0.42854553	2.5945178e-06
621	no_pain	0.9999873	1.1538307e-05	1.107502e-06
622	no_pain	0.71356106	0.28643274	6.1963046e-06
623	no_pain	0.5756441	0.4243288	2.7139244e-05
624	low_pain	0.4343039	0.5654815	0.00021463529
625	no_pain	0.580275	0.41971335	1.168551e-05
626	no_pain	0.7186774	0.28131515	7.4794452e-06
627	no_pain	0.5736948	0.4262948	1.0372157e-05
628	no_pain	0.5730347	0.42695874	6.5761556e-06
629	no_pain	0.5805632	0.419425	1.1818636e-05
630	no_pain	0.57457465	0.4254189	6.34018e-06
631	no_pain	0.57420725	0.42578655	6.204944e-06
632	no_pain	0.6822815	0.15677325	0.16094525
633	no_pain	0.57037055	0.4296248	4.625908e-06
634	no_pain	0.571695	0.42806515	0.00023978409
635	low_pain	0.42948526	0.5705106	4.096049e-06
636	no_pain	0.99999654	3.058436e-06	3.5423344e-07
637	low_pain	2.4332996e-07	0.99999964	1.4620746e-07
638	no_pain	0.57188886	0.42810768	3.476954e-06
639	low_pain	2.8993455e-07	0.9999995	1.814836e-07
640	no_pain	0.57664245	0.42334914	8.46576e-06
641	high_pain	0.0010676559	0.42756414	0.5713682
642	low_pain	9.032228e-07	0.99999857	5.58211e-07
643	no_pain	0.5644888	0.43549007	2.1062686e-05
644	no_pain	0.57584924	0.42414433	6.3889593e-06
645	no_pain	0.57641923	0.4235735	7.336387e-06
646	no_pain	0.56707054	0.43215135	0.0007781196
647	high_pain	9.0607806e-05	0.0014162117	0.9984932
648	no_pain	0.9999873	1.2239143e-05	4.1683325e-07
649	high_pain	0.2881942	0.31167576	0.40013
650	no_pain	0.68823516	0.31174374	2.115557e-05
651	no_pain	0.5529471	0.44703293	1.9985597e-05
652	no_pain	0.57316196	0.42683035	7.724483e-06
653	no_pain	0.6903939	0.3095772	2.8886625e-05
654	no_pain	0.9999823	1.7183338e-05	5.2682657e-07
655	no_pain	0.58587885	0.41410035	2.07892e-05
656	no_pain	0.9999108	8.777566e-05	1.4358087e-06
657	low_pain	0.2855126	0.42889363	0.2855938
658	low_pain	3.4179598e-07	0.99999946	1.9037931e-07
659	high_pain	4.7337194e-06	6.0394984e-07	0.9999947
660	no_pain	0.8765748	0.12341004	1.5173543e-05
661	high_pain	5.0662356e-06	5.736e-07	0.99999434
662	no_pain	0.99981827	0.00018029613	1.4497525e-06
663	no_pain	0.57173145	0.428266	2.5519007e-06
664	no_pain	0.5751382	0.4248554	6.382647e-06
665	low_pain	0.434932	0.5650579	1.0137209e-05
666	no_pain	0.85187036	0.14812092	8.728464e-06
667	no_pain	0.5775985	0.42239264	8.835989e-06
668	no_pain	0.59941804	0.40056226	1.9753035e-05
669	no_pain	0.5809921	0.41899666	1.1234799e-05
670	no_pain	0.5720584	0.42793843	3.140074e-06
671	no_pain	0.588613	0.41137293	1.4147657e-05
672	no_pain	0.5719233	0.42807382	2.864273e-06
673	low_pain	0.4292273	0.5707685	4.2156344e-06
674	no_pain	0.999867	0.00013146833	1.5242003e-06
675	no_pain	0.5725293	0.42746678	3.9048746e-06
676	low_pain	5.019018e-07	0.99999917	3.0337998e-07
677	low_pain	0.42909303	0.57090443	2.541788e-06
678	high_pain	6.9994885e-06	7.8042024e-07	0.99999225
679	no_pain	0.57215387	0.4278431	3.0152744e-06
680	no_pain	0.9996891	0.0003095968	1.3734718e-06
681	no_pain	0.8405986	0.1592747	0.00012669714
682	no_pain	0.605339	0.39463907	2.1923188e-05
683	high_pain	9.567116e-05	0.00033364285	0.99957067
684	no_pain	0.9993587	0.0006387883	2.5239985e-06
685	no_pain	0.57769006	0.42228934	2.062654e-05
686	high_pain	8.472331e-05	0.00040823227	0.99950707
687	no_pain	0.54451036	0.0070200823	0.4484695
688	no_pain	0.99996775	3.0592862e-05	1.6323585e-06
689	no_pain	0.5832392	0.4167486	1.21347475e-05
690	no_pain	0.9852439	0.014674841	8.119202e-05
691	low_pain	3.5510374e-07	0.99999946	2.1009612e-07
692	no_pain	0.59642345	0.40356058	1.6010243e-05
693	no_pain	0.99999076	8.973325e-06	3.5631658e-07
694	no_pain	0.57229	0.4277061	3.832743e-06
695	high_pain	0.13429844	1.464188e-05	0.8656869
696	no_pain	0.57166106	0.42833692	1.958366e-06
697	no_pain	0.6186124	0.38135687	3.0672716e-05
698	high_pain	0.00024892756	0.40112445	0.5986266
699	no_pain	0.5486267	0.45136324	1.0061338e-05
700	no_pain	0.9999973	2.402452e-06	2.5586124e-07
701	no_pain	0.9999962	3.5511816e-06	2.5257825e-07
702	no_pain	0.58211577	0.417865	1.919641e-05
703	no_pain	0.57196337	0.4280335	3.0806127e-06
704	no_pain	0.8282524	0.17173424	1.3425502e-05
705	no_pain	0.5869497	0.4130399	1.0422194e-05
706	no_pain	0.5724434	0.42755267	3.9278684e-06
707	no_pain	0.57480866	0.42518348	7.886326e-06
708	no_pain	0.57309777	0.42689142	1.0810197e-05
709	no_pain	0.5722328	0.42776138	5.797567e-06
710	no_pain	0.9999966	3.1670345e-06	2.6422472e-07
711	no_pain	0.57294196	0.4270535	4.4951526e-06
712	no_pain	0.57189566	0.4281017	2.6396976e-06
713	no_pain	0.61145777	0.38850665	3.5593333e-05
714	low_pain	3.606129e-07	0.99999946	1.9021243e-07
715	no_pain	0.99998933	1.039791e-05	3.1293854e-07
716	no_pain	0.99999636	3.3113943e-06	2.78871e-07
717	low_pain	4.0112053e-07	0.9999994	2.147817e-07
718	low_pain	0.00027801443	0.9995785	0.00014347667
719	no_pain	0.5716515	0.4283463	2.1724138e-06
720	low_pain	0.33272704	0.42728195	0.23999102
721	low_pain	3.8211581e-07	0.99999946	2.1093925e-07
722	low_pain	0.14017482	0.85981447	1.0771973e-05
723	no_pain	0.5738462	0.42614815	5.617526e-06
724	no_pain	0.588848	0.41108727	6.469296e-05
725	high_pain	3.8652684e-05	0.14315227	0.856809
726	no_pain	0.57160634	0.4283912	2.456541e-06
727	no_pain	0.5848532	0.41512868	1.8175593e-05
728	no_pain	0.57253283	0.4274633	3.818746e-06
729	low_pain	0.36396852	0.6360013	3.0173669e-05
730	no_pain	0.6427159	0.35724488	3.9265724e-05
731	low_pain	3.3066968e-07	0.99999946	1.8534634e-07
732	no_pain	0.9913754	0.00861535	9.2863565e-06
733	no_pain	0.9998354	0.00016328556	1.394199e-06
734	no_pain	0.5798206	0.4201596	1.983608e-05
735	no_pain	0.57207364	0.42792305	3.2258079e-06
736	no_pain	0.57216346	0.42783222	4.335278e-06
737	no_pain	0.6136652	0.3862918	4.2914395e-05
738	no_pain	0.9999736	2.5076499e-05	1.3805478e-06
739	no_pain	0.9999913	8.424999e-06	3.0179203e-07
740	no_pain	0.59128684	0.40869474	1.8429828e-05
741	no_pain	0.80561525	0.19418085	0.00020389336
742	low_pain	1.7433225e-06	0.99999565	2.6367672e-06
743	no_pain	0.57152075	0.4284758	3.518017e-06
744	no_pain	0.5800413	0.41994792	1.080661e-05
745	no_pain	0.999994	5.7657912e-06	2.7347505e-07
746	low_pain	0.28908414	0.7109019	1.3959872e-05
747	no_pain	0.99999523	4.3051914e-06	4.188657e-07
748	low_pain	4.5008565e-07	0.9999992	2.4686364e-07
749	low_pain	3.5117452e-07	0.9999994	2.0432836e-07
750	no_pain	0.5719026	0.4280815	1.5998934e-05
751	no_pain	0.9999924	7.3147753e-06	2.9087445e-07
752	no_pain	0.6202413	0.37972254	3.6204114e-05
753	no_pain	0.50674146	0.49322826	3.0256891e-05
754	high_pain	0.00045361518	0.29551283	0.70403355
755	no_pain	0.99997365	2.5316773e-05	1.0619341e-06
756	low_pain	0.29887268	0.5795166	0.12161068
757	high_pain	1.2961357e-05	9.980237e-06	0.99997705
758	low_pain	2.5693012e-07	0.9999996	1.6100024e-07
759	low_pain	3.6683126e-05	0.99996173	1.6168187e-06
760	no_pain	0.57114047	0.42885703	2.5132642e-06
761	no_pain	0.72274625	0.2772426	1.1236783e-05
762	no_pain	0.58193237	0.41805634	1.126161e-05
763	low_pain	4.7811427e-05	0.9999512	1.0071699e-06
764	low_pain	5.9702734e-06	0.9999936	4.625688e-07
765	no_pain	0.5756946	0.4242967	8.705188e-06
766	no_pain	0.5722652	0.4277311	3.6390054e-06
767	no_pain	0.57970107	0.42028686	1.204869e-05
768	low_pain	2.7159103e-07	0.9999996	1.6204756e-07
769	no_pain	0.6538932	0.34607455	3.229006e-05
770	no_pain	0.9999904	9.221422e-06	3.9037437e-07
771	no_pain	0.5716043	0.42839313	2.5723436e-06
772	no_pain	0.8587446	0.14125009	5.3104386e-06
773	no_pain	0.574773	0.42519322	3.3723914e-05
774	no_pain	0.8076314	0.1922585	0.000110121924
775	high_pain	0.00025926318	0.014260965	0.9854798
776	no_pain	0.580458	0.41952977	1.2188008e-05
777	no_pain	0.59378326	0.40619645	2.0301752e-05
778	no_pain	0.9999808	1.8752917e-05	4.93903e-07
779	low_pain	2.8820932e-07	0.9999995	1.7863194e-07
780	no_pain	0.578249	0.42174047	1.0568577e-05
781	no_pain	0.66251457	0.33745432	3.1184296e-05
782	no_pain	0.5720629	0.42792025	1.6899565e-05
783	no_pain	0.9999582	4.0857267e-05	8.863898e-07
784	no_pain	0.5716734	0.42832437	2.2218633e-06
785	no_pain	0.9998414	0.00015727153	1.3224651e-06
786	low_pain	4.524208e-07	0.9999992	2.5573127e-07
787	no_pain	0.71198434	0.2880063	9.326574e-06
788	low_pain	0.43374133	0.55430794	0.011950732
789	no_pain	0.57954705	0.42043656	1.6388542e-05
790	no_pain	0.5744743	0.42551947	6.23831e-06
791	low_pain	4.0364765e-07	0.99999934	2.3854253e-07
792	no_pain	0.5721444	0.4278433	1.2326971e-05
793	no_pain	0.999996	3.6109075e-06	3.571361e-07
794	no_pain	0.57632166	0.42366406	1.425109e-05
795	no_pain	0.57184124	0.42815644	2.311099e-06
796	low_pain	3.3209403e-07	0.99999946	1.938752e-07
797	no_pain	0.572238	0.4277571	4.829224e-06
798	no_pain	0.5743885	0.42560524	6.2722415e-06
799	no_pain	0.99994797	5.1383544e-05	6.9176104e-07
800	no_pain	0.57929754	0.42069238	1.00699035e-05
801	no_pain	0.5706182	0.42937854	3.21322e-06
802	no_pain	0.99996847	3.095805e-05	6.0437605e-07
803	no_pain	0.6553772	0.34458885	3.3916524e-05
804	no_pain	0.9062806	0.0886424	0.005077017
805	no_pain	0.5800554	0.41992766	1.6903183e-05
806	no_pain	0.58468914	0.41529194	1.8901066e-05
807	no_pain	0.38523415	0.32912436	0.28564152
808	no_pain	0.99999243	7.313828e-06	2.7444563e-07
809	no_pain	0.5718979	0.42809868	3.359697e-06
810	low_pain	7.194547e-07	0.99999875	5.2619487e-07
811	high_pain	8.3049665e-05	0.0009998202	0.9989171
812	no_pain	0.57183945	0.42815804	2.4605072e-06
813	no_pain	0.7218235	0.27816847	8.09161e-06
814	low_pain	2.8915807e-07	0.9999995	1.818507e-07
815	no_pain	0.69929594	0.30069083	1.3202348e-05
816	no_pain	0.857543	0.14245398	3.0219703e-06
817	no_pain	0.5717098	0.4282873	2.8497375e-06
818	no_pain	0.6584398	0.34152916	3.0987478e-05
819	no_pain	0.9999457	5.3352738e-05	9.596522e-07
820	no_pain	0.580006	0.41998276	1.1264676e-05
821	no_pain	0.7153334	0.28465977	6.802445e-06
822	no_pain	0.6316041	0.36835998	3.5984467e-05
823	no_pain	0.5717236	0.4282741	2.3603043e-06
824	no_pain	0.60498327	0.3950007	1.603753e-05
825	low_pain	0.14527963	0.45753294	0.39718744
826	no_pain	0.57324946	0.42674556	4.983786e-06
827	no_pain	0.5984894	0.40148965	2.0879841e-05
828	no_pain	0.57177883	0.4282187	2.4187846e-06
829	low_pain	6.683868e-07	0.999999	3.206213e-07
830	no_pain	0.58312845	0.41685987	1.1631988e-05
831	high_pain	0.1009183	0.44531187	0.45376983
832	no_pain	0.616788	0.3831775	3.446764e-05
833	no_pain	0.99998933	1.036413e-05	3.4919321e-07
834	no_pain	0.7164316	0.28356236	5.968427e-06
835	no_pain	0.6010625	0.3989207	1.6804306e-05
836	high_pain	0.004210918	0.42410874	0.57168037
837	no_pain	0.59370285	0.4062768	2.0324023e-05
838	no_pain	0.999991	8.673499e-06	3.355614e-07
839	no_pain	0.5951148	0.4048663	1.8873534e-05
840	no_pain	0.54981214	0.4290555	0.021132326
841	no_pain	0.5951118	0.4048647	2.3534507e-05
842	no_pain	0.573456	0.42653337	1.0587566e-05
843	high_pain	4.4625514e-05	3.0553547e-06	0.9999523
844	no_pain	0.99998146	1.8113878e-05	4.3263617e-07
845	no_pain	0.5955362	0.40444633	1.7519806e-05
846	no_pain	0.57990605	0.4200847	9.238257e-06
847	no_pain	0.99950486	0.0004929748	2.2386314e-06
848	no_pain	0.60939026	0.39059225	1.7520244e-05
849	no_pain	0.5728356	0.4271602	4.1290846e-06
850	no_pain	0.5834441	0.41653582	2.0097705e-05
851	no_pain	0.58729696	0.4126899	1.3117861e-05
852	high_pain	3.591789e-05	0.00014368321	0.9998204
853	no_pain	0.70780075	0.29218945	9.811971e-06
854	no_pain	0.5758008	0.42418957	9.708535e-06
855	no_pain	0.57368755	0.42630213	1.0300598e-05
856	no_pain	0.9999955	4.21419e-06	3.0012322e-07
857	low_pain	3.734668e-07	0.9999994	2.4414928e-07
858	low_pain	4.6381734e-07	0.9999992	2.641595e-07
859	no_pain	0.9234852	0.076000884	0.00051388674
860	low_pain	3.4229743e-07	0.99999946	1.8840106e-07
861	no_pain	0.9999171	7.746309e-05	5.389546e-06
862	low_pain	1.4616222e-06	0.9999981	4.75718e-07
863	no_pain	0.6368415	0.3631403	1.8206581e-05
864	no_pain	0.99991125	8.6822765e-05	1.9422114e-06
865	no_pain	0.57128304	0.42852157	0.00019544103
866	high_pain	0.02423917	0.00049403	0.9752668
867	no_pain	0.9999962	3.5057496e-06	2.7962776e-07
868	low_pain	3.550865e-07	0.99999946	2.0796149e-07
869	low_pain	2.3755776e-07	0.99999964	1.4283185e-07
870	low_pain	3.4317412e-07	0.99999946	1.9449148e-07
871	high_pain	0.007494782	0.4276732	0.56483203
872	no_pain	0.9999958	3.874722e-06	3.030659e-07
873	no_pain	0.7238718	0.27611515	1.2999835e-05
874	low_pain	5.92787e-07	0.99999905	3.022596e-07
875	low_pain	0.41150007	0.44579285	0.14270708
876	no_pain	0.57856286	0.42142588	1.1244611e-05
877	no_pain	0.9999936	6.1151577e-06	2.7797242e-07
878	no_pain	0.57537043	0.4246213	8.232969e-06
879	low_pain	4.5847818e-07	0.9999992	2.5971727e-07
880	low_pain	0.4652024	0.5315802	0.0032173537
881	no_pain	0.5799066	0.42008275	1.0659221e-05
882	no_pain	0.99999434	5.398238e-06	2.6678435e-07
883	no_pain	0.99997437	2.5064277e-05	5.4982576e-07
884	low_pain	3.7648402e-07	0.9999994	2.2049029e-07
885	low_pain	9.809823e-07	0.9999983	7.2004553e-07
886	no_pain	0.56482446	0.43516827	7.3054553e-06
887	no_pain	0.5798491	0.4201415	9.445963e-06
888	low_pain	4.0776519e-07	0.9999994	2.310331e-07
889	no_pain	0.5749339	0.42505813	7.996544e-06
890	no_pain	0.5764779	0.42351276	9.385478e-06
891	low_pain	3.2378998e-07	0.99999946	1.9766118e-07
892	no_pain	0.66134125	0.33861873	4.0001032e-05
893	low_pain	0.47505122	0.5249111	3.76415e-05
894	low_pain	0.00027459557	0.99970686	1.8514604e-05
895	no_pain	0.57662237	0.42336768	9.959142e-06
896	no_pain	0.5876519	0.41233692	1.1115016e-05
897	high_pain	0.00092761836	5.7251773e-06	0.99906665
898	no_pain	0.6055719	0.39441127	1.679103e-05
899	no_pain	0.9999962	3.4726e-06	3.0905238e-07
900	no_pain	0.6808839	0.3190867	2.9406043e-05
901	no_pain	0.97722596	0.022759091	1.4953085e-05
902	low_pain	3.9396733e-07	0.9999994	2.2152176e-07
903	no_pain	0.7140258	0.28597164	2.5382708e-06
904	no_pain	0.5736466	0.42634836	4.993082e-06
905	no_pain	0.99999326	6.481634e-06	2.651911e-07
906	no_pain	0.63724434	0.36272573	2.9956782e-05
907	no_pain	0.99646056	0.003522767	1.6676304e-05
908	no_pain	0.8430482	0.15689147	6.0301787e-05
909	low_pain	0.46340021	0.5363002	0.0002996444
910	no_pain	0.552662	0.44731265	2.5320833e-05
911	no_pain	0.99999386	5.821686e-06	3.5673085e-07
912	no_pain	0.57210886	0.42788786	3.262098e-06
913	no_pain	0.58904356	0.41093382	2.2618973e-05
914	no_pain	0.58859366	0.41139358	1.2756188e-05
915	no_pain	0.5719325	0.4280626	4.8754728e-06
916	no_pain	0.57157314	0.42842457	2.3432956e-06
917	no_pain	0.5982776	0.40169472	2.7676038e-05
918	no_pain	0.69497836	0.3050079	1.3718764e-05
919	no_pain	0.4463376	0.4143099	0.1393525
920	no_pain	0.9992633	0.0007337773	2.9866417e-06
921	no_pain	0.5720343	0.42796233	3.3645683e-06
922	no_pain	0.5736579	0.42633495	7.175803e-06
923	high_pain	0.010680568	0.28629452	0.7030249
924	no_pain	0.5729774	0.42701563	6.9148837e-06
925	no_pain	0.60304964	0.39693254	1.7819211e-05
926	no_pain	0.5923138	0.40766677	1.9315048e-05
927	no_pain	0.9999801	1.4521263e-05	5.4211946e-06
928	no_pain	0.68067795	0.3193073	1.4753408e-05
929	low_pain	3.4368142e-07	0.9999995	2.0207642e-07
930	low_pain	3.9554598e-07	0.9999994	2.2278891e-07
931	no_pain	0.5718425	0.4281548	2.717177e-06
932	no_pain	0.80416965	0.1943874	0.001443009
933	no_pain	0.97080857	0.029166674	2.475259e-05
934	no_pain	0.5889455	0.41103855	1.5946924e-05
935	high_pain	9.101688e-05	0.000818055	0.99909097
936	no_pain	0.9999972	2.6046073e-06	2.0228086e-07
937	low_pain	3.9995123e-07	0.9999994	2.3063342e-07
938	no_pain	0.6746023	0.3253862	1.1482439e-05
939	no_pain	0.58216375	0.4178262	9.98911e-06
940	no_pain	0.6497863	0.35014805	6.566188e-05
941	no_pain	0.99999374	5.91145e-06	3.6996562e-07
942	no_pain	0.571706	0.428291	2.9658202e-06
943	low_pain	0.2884526	0.7115361	1.1258373e-05
944	no_pain	0.64404184	0.3559358	2.2351156e-05
945	no_pain	0.99999636	3.2297228e-06	3.5766828e-07
946	high_pain	8.1964885e-05	0.14147379	0.8584442
947	low_pain	3.0781797e-07	0.9999995	1.7131632e-07
948	no_pain	0.5785328	0.4213999	6.7252855e-05
949	no_pain	0.856774	0.00036140555	0.14286458
950	no_pain	0.6349116	0.36504585	4.2588636e-05
951	no_pain	0.8561302	0.14346361	0.00040622574
952	low_pain	0.0018618746	0.99783283	0.0003052676
953	no_pain	0.6699776	0.33000594	1.6477043e-05
954	no_pain	0.5952508	0.40472847	2.0751773e-05
955	no_pain	0.57179844	0.42819867	2.8366915e-06
956	no_pain	0.5737139	0.42627826	7.79753e-06
957	low_pain	0.2870229	0.5714323	0.1415448
958	no_pain	0.57227767	0.4276042	0.00011809644
959	no_pain	0.9999968	2.940093e-06	2.5737532e-07
960	high_pain	0.002797766	0.15991032	0.8372919
961	no_pain	0.9999962	3.5240446e-06	2.7020374e-07
962	no_pain	0.99652344	0.0034709927	5.5519536e-06
963	no_pain	0.57050383	0.42911652	0.00037965126
964	no_pain	0.5761511	0.42383465	1.4247735e-05
965	no_pain	0.9999943	5.334839e-06	3.7405627e-07
966	no_pain	0.57296467	0.42702946	5.8471364e-06
967	no_pain	0.9999879	1.1832324e-05	3.2928008e-07
968	no_pain	0.5647201	0.43527284	7.0622527e-06
969	low_pain	0.14070375	0.5712544	0.28804183
970	no_pain	0.5732048	0.42678982	5.337889e-06
971	no_pain	0.67769516	0.3222522	5.262247e-05
972	no_pain	0.6541653	0.34581718	1.7507255e-05
973	no_pain	0.746803	0.25317857	1.8447405e-05
974	no_pain	0.5327721	0.4670319	0.00019602904
975	no_pain	0.85745615	0.14254045	3.4442892e-06
976	low_pain	0.14285783	0.85714185	3.579276e-07
977	no_pain	0.6611322	0.3388475	2.0239519e-05
978	high_pain	0.01345173	0.007424426	0.9791239
979	no_pain	0.57620674	0.42378068	1.2619331e-05
980	no_pain	0.57152194	0.42847595	2.042182e-06
981	no_pain	0.57175475	0.42824265	2.6043274e-06
982	no_pain	0.52329385	0.47667807	2.8071441e-05
983	low_pain	2.704159e-07	0.9999996	1.6329179e-07
984	no_pain	0.609333	0.3906488	1.8223322e-05
985	no_pain	0.81142026	0.1879742	0.0006056019
986	low_pain	9.945568e-07	0.9999986	3.502173e-07
987	no_pain	0.65429896	0.3456289	7.211447e-05
988	no_pain	0.5716973	0.42830023	2.4255103e-06
989	no_pain	0.57474333	0.4252495	7.1585637e-06
990	high_pain	2.098439e-05	0.28571537	0.7142636
991	low_pain	3.4854799e-07	0.99999946	1.9695436e-07
992	no_pain	0.57699066	0.42299944	9.90602e-06
993	no_pain	0.5663047	0.42894632	0.0047489875
994	no_pain	0.57216847	0.4278281	3.383504e-06
995	high_pain	0.00013622551	0.14673063	0.85313314
996	no_pain	0.67339665	0.3265871	1.6246535e-05
997	low_pain	4.3206524e-07	0.99999934	2.3604538e-07
998	no_pain	0.5848125	0.41517526	1.223349e-05
999	no_pain	0.61937714	0.38060242	2.044513e-05
1000	no_pain	0.5984424	0.40148073	7.6911056e-05
1001	no_pain	0.567837	0.43215725	5.6952736e-06
1002	no_pain	0.5717097	0.42828673	3.5939388e-06
1003	no_pain	0.603671	0.39630795	2.1027974e-05
1004	no_pain	0.9999951	4.5382417e-06	3.7251758e-07
1005	no_pain	0.58048314	0.4195044	1.2439838e-05
1006	high_pain	5.8504946e-05	9.915825e-05	0.99984235
1007	no_pain	0.559858	0.44012165	2.034427e-05
1008	no_pain	0.9999588	4.050642e-05	7.2568315e-07
1009	no_pain	0.54083616	0.45913458	2.9297651e-05
1010	no_pain	0.601634	0.39834312	2.2858789e-05
1011	high_pain	0.28500378	0.14205833	0.5729379
1012	low_pain	1.2509064e-05	0.9999674	2.0134827e-05
1013	no_pain	0.67259365	0.32739058	1.579693e-05
1014	no_pain	0.5656559	0.43433967	4.5185047e-06
1015	no_pain	0.58610165	0.41387662	2.1732416e-05
1016	no_pain	0.4301827	0.2860196	0.2837977
1017	no_pain	0.99997514	2.4407835e-05	4.679805e-07
1018	no_pain	0.5807437	0.41923812	1.8241464e-05
1019	no_pain	0.5726681	0.42732623	5.692064e-06
1020	no_pain	0.6830726	0.31690222	2.518421e-05
1021	no_pain	0.6162086	0.38376826	2.3146658e-05
1022	no_pain	0.99999434	5.4057205e-06	2.6172447e-07
1023	no_pain	0.7514752	0.2484845	4.0325664e-05
1024	low_pain	0.0009637239	0.987174	0.011862352
1025	no_pain	0.6085723	0.39139727	3.0469715e-05
1026	no_pain	0.9788846	9.008175e-06	0.021106428
1027	no_pain	0.5725161	0.42748022	3.6237798e-06
1028	no_pain	0.5717362	0.42825636	7.410367e-06
1029	no_pain	0.9999967	2.8869538e-06	3.4665268e-07
1030	low_pain	2.550535e-07	0.9999996	1.5807927e-07
1031	no_pain	0.6828272	0.31713587	3.691822e-05
1032	no_pain	0.6028276	0.39714643	2.5946629e-05
1033	low_pain	4.3113263e-07	0.99999934	2.5459497e-07
1034	no_pain	0.50148845	0.49836668	0.00014484339
1035	no_pain	0.5728408	0.42715478	4.40231e-06
1036	no_pain	0.64733565	0.35264656	1.7846358e-05
1037	no_pain	0.57239056	0.4275956	1.3890437e-05
1038	low_pain	3.7419386e-07	0.99999946	2.1381335e-07
1039	no_pain	0.62190163	0.37806004	3.833761e-05
1040	no_pain	0.5477129	0.4362077	0.016079383
1041	no_pain	0.5806011	0.41938815	1.0729129e-05
1042	no_pain	0.85373706	0.14625716	5.7367647e-06
1043	no_pain	0.5719018	0.42809534	2.8784366e-06
1044	no_pain	0.5720781	0.42791867	3.1889272e-06
1045	no_pain	0.99765253	0.0023360967	1.13906735e-05
1046	no_pain	0.64410335	0.3557531	0.0001435775
1047	no_pain	0.8744956	0.12536122	0.00014311589
1048	no_pain	0.6366244	0.36331818	5.734913e-05
1049	no_pain	0.9871459	0.012822638	3.1430045e-05
1050	no_pain	0.99999624	3.2999765e-06	4.4311037e-07
1051	no_pain	0.57294714	0.42704862	4.193376e-06
1052	no_pain	0.57232076	0.42767414	5.1480433e-06
1053	no_pain	0.57192653	0.42807078	2.6819073e-06
1054	no_pain	0.5790526	0.420938	9.358895e-06
1055	no_pain	0.5440899	0.45585546	5.4612097e-05
1056	no_pain	0.78205854	0.21750866	0.00043286075
1057	low_pain	3.0466995e-07	0.9999995	1.8573415e-07
1058	no_pain	0.86060256	0.13938911	8.30125e-06
1059	no_pain	0.6338398	0.36608908	7.1148315e-05
1060	no_pain	0.99999154	8.0251675e-06	3.7911144e-07
1061	low_pain	6.9028323e-07	0.9999989	3.8087566e-07
1062	low_pain	4.0412485e-07	0.9999994	1.9731706e-07
1063	no_pain	0.61638016	0.38359612	2.3768212e-05
1064	no_pain	0.59139556	0.40858433	2.009182e-05
1065	high_pain	0.0014508736	0.43950802	0.5590411
1066	no_pain	0.9999947	4.933095e-06	3.8317344e-07
1067	no_pain	0.5979432	0.4020402	1.6630207e-05
1068	low_pain	0.3845213	0.615467	1.1689487e-05
1069	no_pain	0.64627475	0.35368666	3.8573224e-05
1070	no_pain	0.9999965	3.2847722e-06	2.402782e-07
1071	low_pain	0.00023184341	0.8571827	0.1425855
1072	no_pain	0.99657995	0.003413549	6.5723507e-06
1073	low_pain	0.0002304255	0.99976766	1.9335182e-06
1074	no_pain	0.571711	0.4282867	2.2601428e-06
1075	low_pain	2.589668e-07	0.9999996	1.582288e-07
1076	no_pain	0.8774108	0.12257372	1.5483138e-05
1077	low_pain	4.1659578e-07	0.99999934	2.3912258e-07
1078	high_pain	0.0008140547	0.12506531	0.87412065
1079	no_pain	0.58259755	0.41738638	1.608124e-05
1080	no_pain	0.9999963	3.2991377e-06	3.6285127e-07
1081	no_pain	0.57056	0.42851803	0.0009219494
1082	no_pain	0.5712768	0.42844152	0.00028172083
1083	no_pain	0.9997796	0.00021898198	1.4556678e-06
1084	no_pain	0.58215964	0.41782302	1.732939e-05
1085	no_pain	0.99979293	0.00020397431	3.0979968e-06
1086	no_pain	0.9841814	0.015804281	1.4365548e-05
1087	low_pain	2.5161427e-07	0.9999996	1.5655692e-07
1088	no_pain	0.5910667	0.40891674	1.6563316e-05
1089	low_pain	1.0236821e-06	0.99999815	7.938451e-07
1090	no_pain	0.6227974	0.37717694	2.5621139e-05
1091	high_pain	0.42857048	8.691355e-06	0.57142085
1092	no_pain	0.57187176	0.4281257	2.5093057e-06
1093	no_pain	0.9999941	5.6722197e-06	2.676388e-07
1094	no_pain	0.5802298	0.41975456	1.5584616e-05
1095	no_pain	0.99996763	3.173675e-05	6.246281e-07
1096	no_pain	0.56657827	0.43341497	6.7828214e-06
1097	no_pain	0.5726943	0.4272996	6.0857064e-06
1098	low_pain	4.2147317e-07	0.99999934	2.5500557e-07
1099	no_pain	0.9999967	3.0154383e-06	2.4324999e-07
1100	no_pain	0.57160807	0.4283888	3.1338895e-06
1101	no_pain	0.5717268	0.4282704	2.7400524e-06
1102	no_pain	0.5738458	0.42614847	5.6836666e-06
1103	no_pain	0.71433586	5.5043463e-05	0.2856091
1104	no_pain	0.5846375	0.41535005	1.2433254e-05
1105	no_pain	0.52190095	0.4769268	0.001172265
1106	high_pain	0.00017876412	2.938222e-05	0.9997919
1107	no_pain	0.5716818	0.42828074	3.7486196e-05
1108	no_pain	0.57087576	0.42911616	8.11945e-06
1109	high_pain	1.9867657e-05	3.4331013e-05	0.99994576
1110	no_pain	0.5715828	0.42841503	2.1301953e-06
1111	no_pain	0.46802196	0.44521803	0.086759984
1112	no_pain	0.5716885	0.42830834	3.1790182e-06
1113	no_pain	0.57240856	0.42758605	5.4158295e-06
1114	no_pain	0.57202953	0.4279673	3.1283519e-06
1115	low_pain	5.847256e-07	0.99999905	3.440952e-07
1116	no_pain	0.57167715	0.42832068	2.1171106e-06
1117	no_pain	0.99998945	1.0239396e-05	3.2022314e-07
1118	high_pain	0.00050577853	0.2773803	0.7221139
1119	no_pain	0.99998564	1.3984596e-05	3.7521278e-07
1120	high_pain	0.00035036184	0.016452113	0.98319757
1121	no_pain	0.5724252	0.42748812	8.669494e-05
1122	high_pain	0.15756543	0.15204716	0.69038737
1123	no_pain	0.57383746	0.426152	1.0519545e-05
1124	no_pain	0.57230854	0.42768788	3.527482e-06
1125	no_pain	0.5733711	0.42662364	5.2044084e-06
1126	no_pain	0.5737005	0.4262939	5.5654464e-06
1127	low_pain	4.6030692e-07	0.99999934	2.723253e-07
1128	no_pain	0.57540494	0.42458788	7.1829963e-06
1129	no_pain	0.57944876	0.42053917	1.2055215e-05
1130	no_pain	0.5715881	0.4284095	2.451746e-06
1131	no_pain	0.7344699	0.2654031	0.00012697333
1132	no_pain	0.57240593	0.42756477	2.9304752e-05
1133	no_pain	0.9999839	1.561944e-05	4.4243853e-07
1134	low_pain	4.559703e-07	0.99999934	2.5445564e-07
1135	no_pain	0.99998945	1.0011902e-05	5.6165976e-07
1136	no_pain	0.5719794	0.42801788	2.6853627e-06
1137	no_pain	0.5732145	0.4267804	5.163121e-06
1138	no_pain	0.57148474	0.42851204	3.1881696e-06
1139	low_pain	0.4400435	0.55991757	3.8938077e-05
1140	high_pain	3.2323205e-05	0.00010608217	0.9998616
1141	no_pain	0.99999017	9.073526e-06	6.7082027e-07
1142	no_pain	0.8570846	0.14291409	1.3745977e-06
1143	no_pain	0.58308226	0.4169071	1.0618339e-05
1144	no_pain	0.99999666	3.1179e-06	2.3472668e-07
1145	no_pain	0.9999963	3.4071268e-06	2.5375e-07
1146	high_pain	0.00041804617	0.18613227	0.81344974
1147	no_pain	0.99592555	0.0040618577	1.2525263e-05
1148	no_pain	0.5727281	0.42726082	1.1142278e-05
1149	no_pain	0.99999684	2.844476e-06	2.481825e-07
1150	low_pain	0.13281094	0.5719326	0.29525653
1151	low_pain	4.2116844e-07	0.99999934	2.4428243e-07
1152	low_pain	0.0041148257	0.99587774	7.425336e-06
1153	no_pain	0.5743695	0.4256208	9.76075e-06
1154	no_pain	0.5708579	0.4291386	3.4982338e-06
1155	low_pain	1.685943e-05	0.999982	1.1119791e-06
1156	high_pain	0.36599463	0.0052413368	0.62876403
1157	no_pain	0.572062	0.4279348	3.1758939e-06
1158	no_pain	0.6545128	0.34546736	1.9761315e-05
1159	low_pain	3.346409e-07	0.99999946	1.9477339e-07
1160	no_pain	0.5599243	0.43956304	0.00051265175
1161	no_pain	0.57883894	0.42115048	1.0566274e-05
1162	low_pain	0.31867546	0.5685659	0.11275865
1163	no_pain	0.5705865	0.4294102	3.29899e-06
1164	low_pain	6.4497607e-07	0.99999905	2.8795435e-07
1165	no_pain	0.57294947	0.427043	7.5125313e-06
1166	low_pain	2.472327e-07	0.9999996	1.622276e-07
1167	no_pain	0.5715736	0.42842427	2.1146864e-06
1168	low_pain	3.1579202e-07	0.9999995	1.8501899e-07
1169	no_pain	0.9999975	2.330567e-06	1.8468593e-07
1170	no_pain	0.9999956	4.1378075e-06	2.844205e-07
1171	no_pain	0.694446	0.30553743	1.6498987e-05
1172	no_pain	0.5714952	0.42850187	2.9467594e-06
1173	high_pain	0.13916627	0.4267927	0.434041
1174	low_pain	2.241255e-05	0.99997437	3.2251742e-06
1175	no_pain	0.66736066	0.33262292	1.648269e-05
1176	no_pain	0.59112585	0.40884918	2.49631e-05
1177	no_pain	0.99822426	0.0017702642	5.5235987e-06
1178	no_pain	0.5783025	0.42168188	1.562511e-05
1179	low_pain	3.7573935e-07	0.99999946	1.9872827e-07
1180	no_pain	0.5813197	0.41864324	3.7089478e-05
1181	no_pain	0.9999896	1.0073592e-05	3.313219e-07
1182	no_pain	0.83312404	0.1657949	0.0010810551
1183	no_pain	0.69983965	0.30012274	3.7604907e-05
1184	no_pain	0.563459	0.43652657	1.4431688e-05
1185	low_pain	3.6758007e-07	0.9999994	2.0788127e-07
1186	no_pain	0.57156366	0.42833766	9.865088e-05
1187	no_pain	0.7626955	0.23728745	1.7048167e-05
1188	no_pain	0.61418116	0.38580173	1.7108052e-05
1189	no_pain	0.5715572	0.42844108	1.706669e-06
1190	low_pain	0.004797898	0.9942772	0.0009249211
1191	no_pain	0.5722602	0.427736	3.8654794e-06
1192	no_pain	0.70991	0.290083	7.067441e-06
1193	no_pain	0.55310357	0.44686815	2.8301298e-05
1194	low_pain	0.028718263	0.9527073	0.018574458
1195	no_pain	0.59167224	0.40830117	2.6605838e-05
1196	low_pain	0.35495353	0.64503056	1.5850523e-05
1197	low_pain	6.6763096e-07	0.99999905	3.052187e-07
1198	low_pain	0.43135586	0.5674479	0.0011962465
1199	no_pain	0.98291886	0.017033342	4.7815196e-05
1200	low_pain	3.6081693e-07	0.99999946	1.939591e-07
1201	no_pain	0.99999326	6.402103e-06	3.6706433e-07
1202	high_pain	0.0075185	0.42844453	0.564037
1203	no_pain	0.5716096	0.42838874	1.6633804e-06
1204	no_pain	0.5723656	0.42763016	4.2483593e-06
1205	no_pain	0.57310045	0.4268954	4.133701e-06
1206	no_pain	0.57356167	0.42643312	5.1722977e-06
1207	no_pain	0.57870495	0.42128715	7.854249e-06
1208	no_pain	0.6336817	0.3663006	1.7673307e-05
1209	low_pain	3.110929e-07	0.99999946	1.9246711e-07
1210	high_pain	6.98954e-05	0.42712554	0.5728046
1211	low_pain	0.2773265	0.43604484	0.28662866
1212	no_pain	0.7137615	0.28623453	3.9530028e-06
1213	no_pain	0.99999106	8.596078e-06	3.1169296e-07
1214	no_pain	0.61667395	0.3832713	5.4768174e-05
1215	no_pain	0.5801262	0.41985324	2.0543286e-05
1216	no_pain	0.5727925	0.42720336	4.1506523e-06
1217	no_pain	0.7115534	0.2884409	5.70181e-06
1218	high_pain	0.0026383952	0.28446084	0.7129007
1219	no_pain	0.66793156	0.3320488	1.9689494e-05
1220	low_pain	0.14930643	0.53305185	0.3176417
1221	no_pain	0.99999607	3.693169e-06	2.4878346e-07
1222	no_pain	0.54528564	0.45468828	2.607758e-05
1223	low_pain	2.909537e-07	0.9999995	1.7943509e-07
1224	no_pain	0.6912912	0.3086681	4.0706454e-05
1225	no_pain	0.6375381	0.3624041	5.7817837e-05
1226	low_pain	5.5494894e-07	0.9999991	3.4053397e-07
1227	no_pain	0.99919766	0.00079982384	2.5038305e-06
1228	no_pain	0.5716138	0.4283842	2.0175476e-06
1229	no_pain	0.9999946	5.1329175e-06	3.581785e-07
1230	no_pain	0.9996873	0.00031074267	1.9623872e-06
1231	high_pain	0.00027159377	0.29736775	0.7023607
1232	high_pain	0.0031324122	0.4341686	0.56269896
1233	no_pain	0.9999923	7.40774e-06	3.0182395e-07
1234	low_pain	5.612795e-07	0.99999917	2.762559e-07
1235	low_pain	3.534151e-07	0.99999946	2.0490968e-07
1236	low_pain	5.3268027e-06	0.99998957	5.112313e-06
1237	high_pain	0.00033020548	0.027969388	0.9717004
1238	high_pain	1.8679206e-05	2.2829956e-05	0.9999585
1239	no_pain	0.5736656	0.42632246	1.196267e-05
1240	no_pain	0.8504139	0.14954416	4.192293e-05
1241	no_pain	0.6143273	0.38564825	2.4473067e-05
1242	no_pain	0.7095703	0.29041848	1.126062e-05
1243	no_pain	0.58375245	0.41623518	1.2398977e-05
1244	low_pain	3.291505e-07	0.99999946	1.9470428e-07
1245	no_pain	0.66310704	0.3367908	0.000102137914
1246	low_pain	2.6744758e-07	0.9999995	1.7074399e-07
1247	low_pain	4.4487965e-07	0.9999992	2.9648345e-07
1248	high_pain	0.0041000242	0.29167035	0.70422965
1249	no_pain	0.527615	0.47073355	0.0016514488
1250	no_pain	0.5840125	0.41596812	1.9440327e-05
1251	no_pain	0.9999842	1.5408436e-05	4.1208256e-07
1252	high_pain	2.6270758e-05	1.0156641e-05	0.9999636
1253	no_pain	0.6795508	0.32043388	1.5243868e-05
1254	low_pain	2.558092e-07	0.9999996	1.5786237e-07
1255	no_pain	0.5811853	0.41876855	4.6213587e-05
1256	low_pain	0.4286108	0.5713883	9.4695173e-07
1257	no_pain	0.5715324	0.42846555	2.0303416e-06
1258	no_pain	0.99999386	5.821611e-06	2.7689842e-07
1259	no_pain	0.5043456	0.4956159	3.8480648e-05
1260	low_pain	2.593879e-07	0.9999995	1.6943265e-07
1261	no_pain	0.9998179	0.00018019027	1.924593e-06
1262	no_pain	0.85991323	0.1400505	3.6310754e-05
1263	no_pain	0.6143046	0.38565964	3.581755e-05
1264	no_pain	0.5953935	0.4045829	2.3659823e-05
1265	no_pain	0.9999787	2.0803689e-05	4.582519e-07
1266	high_pain	0.0006859564	0.3282475	0.6710666
1267	no_pain	0.5717975	0.42819807	4.3826476e-06
1268	low_pain	2.3561014e-07	0.99999964	1.4194215e-07
1269	no_pain	0.5724009	0.427595	4.0832265e-06
1270	no_pain	0.57269	0.4273048	5.2175196e-06
1271	no_pain	0.99999535	4.2741663e-06	3.1223777e-07
1272	no_pain	0.58673614	0.4132473	1.6652735e-05
1273	no_pain	0.999994	5.66796e-06	3.409228e-07
1274	no_pain	0.9999649	3.445771e-05	6.300132e-07
1275	no_pain	0.5768736	0.42311692	9.530267e-06
1276	no_pain	0.8532337	0.14675952	6.8426234e-06
1277	no_pain	0.71298367	0.28701156	4.7805543e-06
1278	no_pain	0.9999935	6.069506e-06	4.1293944e-07
1279	no_pain	0.98419493	0.01579035	1.4688668e-05
1280	no_pain	0.65881413	0.3411486	3.7200884e-05
1281	no_pain	0.9999954	4.1905946e-06	4.082332e-07
1282	high_pain	0.027513389	0.080184735	0.8923019
1283	no_pain	0.86263466	0.1372266	0.00013872435
1284	no_pain	0.7506548	0.2492133	0.00013190489
1285	no_pain	0.54537714	0.45459822	2.4679413e-05
1286	no_pain	0.5724617	0.4275346	3.5761059e-06
1287	no_pain	0.8894411	0.110530674	2.8198448e-05
1288	high_pain	7.179484e-05	0.00015595656	0.99977225
1289	no_pain	0.9999246	7.451287e-05	9.21993e-07
1290	no_pain	0.58366644	0.41631418	1.9346795e-05
1291	no_pain	0.5541185	0.44470164	0.0011798475
1292	no_pain	0.5714539	0.42854324	2.8614227e-06
1293	high_pain	0.0003709819	0.010873553	0.9887554
1294	no_pain	0.71475226	0.2852446	3.0759368e-06
1295	low_pain	2.7932379e-07	0.9999995	1.7009731e-07
1296	no_pain	0.5714025	0.42859527	2.2222398e-06
1297	no_pain	0.5718037	0.42819026	6.0185857e-06
1298	no_pain	0.59592694	0.4040565	1.6512806e-05
1299	no_pain	0.56076586	0.4392279	6.1797155e-06
1300	high_pain	7.459644e-05	0.42793813	0.5719873
1301	no_pain	0.5826925	0.41729423	1.3270852e-05
1302	no_pain	0.6309699	0.3690146	1.5602067e-05
1303	no_pain	0.85670847	0.14328869	2.8696902e-06
1304	no_pain	0.99999726	2.5153518e-06	1.9798527e-07
1305	no_pain	0.5724807	0.42751572	3.5542123e-06
1306	no_pain	0.99999344	6.18777e-06	3.2377991e-07
1307	no_pain	0.55900496	0.44097772	1.7301794e-05
1308	no_pain	0.7152052	0.2847859	8.896377e-06
1309	low_pain	3.1476335e-07	0.9999995	1.916045e-07
1310	no_pain	0.5793091	0.42068276	8.113147e-06
1311	high_pain	9.999062e-05	0.0004994956	0.99940056
1312	no_pain	0.71183854	0.28815132	1.0118898e-05
1313	no_pain	0.6496259	0.35034317	3.092297e-05
1314	no_pain	0.57491475	0.4250761	9.197268e-06
1315	low_pain	2.3819032e-07	0.99999964	1.4271464e-07
1316	no_pain	0.5810261	0.41895956	1.4369793e-05
1317	no_pain	0.57177204	0.4282252	2.7683561e-06
1318	low_pain	2.4738225e-07	0.9999996	1.4617548e-07
1319	no_pain	0.5721346	0.4278538	1.1570888e-05
1320	no_pain	0.5716661	0.4283316	2.2955649e-06
1321	no_pain	0.6439267	0.35605574	1.7611219e-05
1322	no_pain	0.7144944	0.28550386	1.7041585e-06
1323	no_pain	0.57211655	0.42785603	2.7334043e-05
