sample_index	label	no_pain	low_pain	high_pain
000	no_pain	0.7375186	0.05757316	0.20490825
001	no_pain	0.8866745	0.06755427	0.04577125
002	no_pain	0.5740808	0.1599888	0.26593035
003	no_pain	0.7577289	0.051279806	0.19099136
004	no_pain	0.85152656	0.051241703	0.09723178
005	no_pain	0.4838367	0.30779722	0.20836611
006	no_pain	0.50436234	0.034229424	0.4614083
007	no_pain	0.916685	0.061272018	0.022042995
008	no_pain	0.6381369	0.04420894	0.31765413
009	no_pain	0.90141886	0.067708716	0.030872399
010	no_pain	0.88113993	0.09237802	0.02648208
011	no_pain	0.8425045	0.1284113	0.02908424
012	no_pain	0.8907094	0.057853095	0.05143745
013	no_pain	0.6421114	0.051276147	0.30661243
014	no_pain	0.82070243	0.049796775	0.12950082
015	no_pain	0.65217245	0.041035812	0.30679175
016	low_pain	0.12319596	0.86471194	0.012092122
017	no_pain	0.63828003	0.04877877	0.31294125
018	high_pain	0.040620003	0.21235052	0.7470294
019	no_pain	0.67010003	0.056166492	0.27373353
020	no_pain	0.84289217	0.08808406	0.069023766
021	no_pain	0.8978511	0.06969888	0.032450087
022	no_pain	0.49261555	0.032528326	0.47485614
023	low_pain	0.033741888	0.7930375	0.17322065
024	no_pain	0.6460052	0.04383616	0.31015867
025	no_pain	0.87896955	0.091647506	0.029382925
026	low_pain	0.032438315	0.9573137	0.010247904
027	no_pain	0.8126825	0.14675519	0.040562216
028	no_pain	0.9184475	0.06128015	0.020272393
029	no_pain	0.6770517	0.13230352	0.19064471
030	no_pain	0.9151775	0.057230167	0.02759231
031	no_pain	0.7978103	0.17403443	0.028155243
032	low_pain	0.29813963	0.57890606	0.122954294
033	no_pain	0.6914367	0.28325516	0.025308188
034	no_pain	0.9013586	0.06460915	0.03403222
035	no_pain	0.91573066	0.052224554	0.0320448
036	low_pain	0.034062333	0.69644606	0.2694916
037	no_pain	0.5245649	0.03655723	0.43887788
038	no_pain	0.58691233	0.08460852	0.32847914
039	no_pain	0.8179944	0.1561434	0.025862223
040	high_pain	0.33866376	0.02458644	0.63674986
041	low_pain	0.2900627	0.69230306	0.017634222
042	low_pain	0.026292432	0.5486077	0.42509985
043	low_pain	0.030256793	0.7645993	0.20514388
044	no_pain	0.79215765	0.1889815	0.018860858
045	high_pain	0.17643744	0.3361092	0.48745337
046	high_pain	0.038301803	0.061531585	0.90016663
047	no_pain	0.91265714	0.066569455	0.020773394
048	no_pain	0.822974	0.07133528	0.105690695
049	high_pain	0.02348044	0.2702908	0.70622873
050	high_pain	0.20784736	0.020224625	0.771928
051	no_pain	0.6862059	0.20558278	0.1082113
052	low_pain	0.2567516	0.683375	0.05987338
053	high_pain	0.3552596	0.2534532	0.39128727
054	no_pain	0.84649354	0.12682652	0.026679963
055	high_pain	0.26175553	0.19129208	0.54695237
056	no_pain	0.9160916	0.06249111	0.021417206
057	low_pain	0.30631948	0.48119545	0.21248505
058	no_pain	0.7877399	0.18413128	0.028128903
059	no_pain	0.7121674	0.05212198	0.23571062
060	no_pain	0.56722784	0.035532292	0.39723986
061	no_pain	0.76347864	0.20784569	0.028675696
062	no_pain	0.8256443	0.058797084	0.1155586
063	no_pain	0.90008724	0.07428054	0.025632218
064	no_pain	0.88870126	0.06367862	0.047620192
065	no_pain	0.72931206	0.2515059	0.019182038
066	no_pain	0.8646593	0.102260396	0.03308029
067	no_pain	0.8827521	0.05522145	0.06202636
068	high_pain	0.26332113	0.021395108	0.71528375
069	no_pain	0.86413956	0.054007642	0.081852816
070	no_pain	0.9116081	0.06543484	0.022957008
071	low_pain	0.031373937	0.88962764	0.07899837
072	no_pain	0.9008961	0.05095191	0.048152
073	no_pain	0.55473375	0.039647836	0.4056185
074	high_pain	0.46531162	0.0657734	0.468915
075	no_pain	0.8876239	0.07704869	0.035327427
076	no_pain	0.6786625	0.044637345	0.27670014
077	no_pain	0.8966521	0.079123	0.02422494
078	no_pain	0.91536486	0.06381752	0.020817643
079	low_pain	0.4053924	0.4124159	0.18219173
080	high_pain	0.15413609	0.060653735	0.78521013
081	high_pain	0.007868579	0.033897445	0.958234
082	high_pain	0.04505592	0.012427034	0.942517
083	no_pain	0.7239731	0.042856984	0.23316994
084	no_pain	0.9215056	0.058584057	0.01991034
085	no_pain	0.8830244	0.08259514	0.034380436
086	no_pain	0.8991453	0.07534872	0.025505925
087	no_pain	0.49927658	0.42538756	0.07533582
088	no_pain	0.85685	0.12022793	0.022922032
089	no_pain	0.40625888	0.26770246	0.32603866
090	no_pain	0.6489538	0.042105626	0.30894056
091	no_pain	0.9204151	0.0590564	0.020528432
092	no_pain	0.88333684	0.09376702	0.022896085
093	low_pain	0.30744642	0.67781484	0.014738709
094	no_pain	0.8906061	0.07904383	0.03035
095	no_pain	0.75447226	0.21245115	0.033076543
096	no_pain	0.892478	0.062261462	0.04526049
097	high_pain	0.036307864	0.16995455	0.7937376
098	high_pain	0.1898326	0.02289937	0.78726804
099	low_pain	0.020817328	0.58714134	0.39204136
100	no_pain	0.8919589	0.08060181	0.02743936
101	no_pain	0.88627386	0.09100291	0.022723187
102	low_pain	0.36763436	0.57876664	0.053599022
103	low_pain	0.3751337	0.57691324	0.04795304
104	no_pain	0.8543145	0.08975413	0.05593138
105	high_pain	0.26551625	0.033152517	0.70133126
106	high_pain	0.2644838	0.020785687	0.7147305
107	no_pain	0.74090844	0.17287497	0.086216554
108	no_pain	0.8412733	0.11472471	0.044001915
109	no_pain	0.8584464	0.053102367	0.08845119
110	no_pain	0.82462895	0.15257718	0.022793915
111	no_pain	0.9223604	0.05281069	0.024828847
112	high_pain	0.31990963	0.15948598	0.5206044
113	no_pain	0.8876206	0.08452955	0.027849859
114	no_pain	0.73106277	0.19712114	0.071816064
115	high_pain	0.3328436	0.033744246	0.6334122
116	no_pain	0.5450059	0.04072475	0.41426936
117	high_pain	0.010967101	0.058307946	0.9307249
118	high_pain	0.24523994	0.24063313	0.5141269
119	no_pain	0.9057252	0.071464695	0.02281012
120	no_pain	0.6718977	0.0471838	0.28091848
121	no_pain	0.92050505	0.05885092	0.020644046
122	no_pain	0.81576335	0.049725596	0.13451102
123	no_pain	0.9171157	0.059895087	0.022989217
124	no_pain	0.8430994	0.09244826	0.064452246
125	no_pain	0.78137463	0.19123027	0.02739507
126	no_pain	0.9099811	0.06339821	0.026620734
127	no_pain	0.8249512	0.08969343	0.085355364
128	no_pain	0.875477	0.08759356	0.036929358
129	no_pain	0.90342444	0.072964236	0.023611346
130	no_pain	0.91771173	0.060352482	0.021935739
131	no_pain	0.8937709	0.082649216	0.023579849
132	no_pain	0.77887595	0.050017636	0.17110646
133	no_pain	0.88218844	0.08413987	0.033671737
134	no_pain	0.9195282	0.053392183	0.027079564
135	no_pain	0.8527235	0.05852264	0.0887539
136	low_pain	0.03220482	0.94428414	0.023511
137	high_pain	0.42280698	0.03744599	0.53974706
138	low_pain	0.37684643	0.5793768	0.043776732
139	no_pain	0.69394857	0.28322503	0.022826428
140	no_pain	0.8022413	0.13979411	0.05796457
141	no_pain	0.8764614	0.09966316	0.023875378
142	no_pain	0.8170061	0.050174057	0.13281983
143	no_pain	0.8479301	0.059403002	0.092666954
144	high_pain	0.24634178	0.077233896	0.6764243
145	no_pain	0.8758939	0.09328374	0.030822396
146	low_pain	0.31083393	0.65483534	0.034330703
147	no_pain	0.75246185	0.04854882	0.1989893
148	low_pain	0.051344257	0.9401499	0.008505875
149	no_pain	0.9221239	0.05625671	0.021619424
150	no_pain	0.643707	0.06116869	0.29512432
151	no_pain	0.6106878	0.047106855	0.34220538
152	no_pain	0.9133018	0.055146016	0.031552076
153	no_pain	0.69863683	0.048722632	0.25264058
154	no_pain	0.6962182	0.08277107	0.22101073
155	no_pain	0.79599357	0.053861924	0.1501445
156	no_pain	0.51957	0.032621153	0.44780883
157	no_pain	0.8651263	0.046934556	0.08793912
158	no_pain	0.85795087	0.050986487	0.09106261
159	high_pain	0.34468856	0.121308625	0.5340028
160	no_pain	0.72049606	0.19921581	0.08028809
161	no_pain	0.70070493	0.0434385	0.25585657
162	no_pain	0.85635436	0.058891796	0.084753826
163	no_pain	0.7513293	0.095344335	0.1533263
164	no_pain	0.6511863	0.04291352	0.30590022
165	low_pain	0.31518954	0.5770244	0.107786044
166	no_pain	0.59690344	0.04820368	0.3548929
167	no_pain	0.9019085	0.07193088	0.026160622
168	no_pain	0.89805126	0.0656201	0.03632859
169	no_pain	0.9201888	0.05636655	0.023444645
170	low_pain	0.24834211	0.43597978	0.3156781
171	no_pain	0.67983025	0.22981028	0.090359434
172	no_pain	0.8128334	0.14668694	0.04047969
173	high_pain	0.22549908	0.02537716	0.74912375
174	no_pain	0.82950324	0.08083871	0.08965806
175	low_pain	0.11247704	0.69177663	0.19574632
176	no_pain	0.6751843	0.05678337	0.2680323
177	no_pain	0.9210695	0.057444084	0.02148642
178	no_pain	0.8064744	0.06062147	0.13290408
179	no_pain	0.7025583	0.059139468	0.23830226
180	no_pain	0.7538475	0.1720985	0.074054055
181	no_pain	0.8665415	0.061010204	0.0724483
182	high_pain	0.3687466	0.043537192	0.5877162
183	no_pain	0.90560734	0.069035575	0.025357127
184	no_pain	0.8401845	0.06411828	0.09569721
185	no_pain	0.6970252	0.039373584	0.26360124
186	high_pain	0.16906859	0.033265386	0.797666
187	no_pain	0.8775202	0.09281482	0.029664993
188	no_pain	0.7639023	0.057752885	0.17834479
189	high_pain	0.02302371	0.030020487	0.9469558
190	no_pain	0.91503274	0.058665525	0.02630176
191	high_pain	0.090747066	0.021151226	0.8881017
192	no_pain	0.64420825	0.08171423	0.27407756
193	no_pain	0.8061453	0.10734606	0.08650871
194	no_pain	0.90175474	0.07399272	0.024252495
195	no_pain	0.9150251	0.060656916	0.024317939
196	no_pain	0.86026126	0.094802275	0.044936486
197	no_pain	0.8780921	0.096614495	0.025293365
198	low_pain	0.14291234	0.82529354	0.031794153
199	no_pain	0.8277227	0.07062574	0.10165145
200	no_pain	0.85144585	0.06232667	0.08622742
201	high_pain	0.03745394	0.0068814442	0.95566463
202	low_pain	0.030099008	0.9448315	0.025069471
203	low_pain	0.22445147	0.7652237	0.010324823
204	no_pain	0.91255474	0.06679932	0.020645892
205	no_pain	0.87044126	0.07960127	0.049957447
206	low_pain	0.04836448	0.57768697	0.3739485
207	no_pain	0.76495165	0.06617056	0.16887778
208	no_pain	0.78614664	0.059979685	0.1538737
209	no_pain	0.91872233	0.06080713	0.02047057
210	no_pain	0.88403	0.06636765	0.04960237
211	no_pain	0.8897462	0.08741673	0.02283709
212	no_pain	0.85163546	0.09553144	0.052833088
213	no_pain	0.9189226	0.060819305	0.020258067
214	low_pain	0.040348925	0.9497	0.009951083
215	no_pain	0.87547505	0.057240784	0.06728418
216	no_pain	0.90385896	0.06572585	0.030415172
217	no_pain	0.7977067	0.16108981	0.041203488
218	no_pain	0.65902644	0.067851104	0.2731225
219	no_pain	0.5268316	0.03681504	0.43635336
220	low_pain	0.055730723	0.849885	0.09438432
221	no_pain	0.8854269	0.06862012	0.045952987
222	low_pain	0.030959707	0.8043512	0.1646891
223	high_pain	0.47196785	0.041156426	0.48687577
224	no_pain	0.81536883	0.076752536	0.1078786
225	no_pain	0.8996894	0.077030644	0.023279985
226	no_pain	0.6749558	0.19613788	0.12890634
227	no_pain	0.8984966	0.077776864	0.023726467
228	no_pain	0.7048797	0.19593522	0.099185064
229	no_pain	0.8099636	0.05700758	0.13302879
230	no_pain	0.75213146	0.14437662	0.103491925
231	no_pain	0.711801	0.13731548	0.15088353
232	no_pain	0.8925766	0.07161013	0.035813272
233	no_pain	0.79315424	0.18355355	0.023292188
234	no_pain	0.8767912	0.05905168	0.06415708
235	no_pain	0.88138884	0.0550539	0.06355725
236	no_pain	0.735952	0.06357195	0.20047602
237	no_pain	0.6577214	0.083356366	0.25892228
238	low_pain	0.052699912	0.5915597	0.35574037
239	no_pain	0.6328608	0.04704066	0.32009855
240	no_pain	0.7732811	0.071464255	0.15525466
241	no_pain	0.8721007	0.09761916	0.030280147
242	no_pain	0.89911175	0.06657891	0.034309313
243	no_pain	0.90428287	0.05564946	0.04006764
244	no_pain	0.82047546	0.13782749	0.041697018
245	no_pain	0.8744036	0.10133095	0.02426545
246	no_pain	0.8391353	0.12585828	0.03500651
247	no_pain	0.8072611	0.11738298	0.075355925
248	no_pain	0.6214272	0.05227796	0.32629484
249	no_pain	0.9234244	0.055615824	0.020959726
250	no_pain	0.7920238	0.057454605	0.15052158
251	low_pain	0.043795455	0.8565078	0.09969674
252	no_pain	0.6976952	0.048117943	0.25418684
253	no_pain	0.91156787	0.05822559	0.030206531
254	no_pain	0.75390536	0.048362568	0.1977321
255	no_pain	0.6680488	0.0543653	0.27758586
256	no_pain	0.8620939	0.055615187	0.08229093
257	no_pain	0.559344	0.08320333	0.3574527
258	high_pain	0.2892863	0.021324998	0.6893887
259	no_pain	0.6518472	0.089670785	0.25848204
260	no_pain	0.61048985	0.03457558	0.35493454
261	high_pain	0.018920865	0.019299278	0.9617799
262	no_pain	0.5438261	0.06526928	0.3909046
263	no_pain	0.8242811	0.08779851	0.08792038
264	high_pain	0.4399341	0.034145135	0.52592075
265	no_pain	0.82344407	0.08990474	0.08665113
266	high_pain	0.37282896	0.16363339	0.4635377
267	no_pain	0.92316294	0.056640975	0.020196056
268	high_pain	0.27130684	0.03493031	0.69376284
269	high_pain	0.46040988	0.04209994	0.49749023
270	low_pain	0.08763605	0.5952707	0.31709325
271	no_pain	0.8126459	0.16331828	0.024035795
272	low_pain	0.036126703	0.93761826	0.026255017
273	low_pain	0.3362687	0.64049244	0.023238834
274	no_pain	0.5401601	0.036153298	0.4236866
275	no_pain	0.80363244	0.07675405	0.11961348
276	low_pain	0.19384031	0.6532655	0.15289418
277	no_pain	0.5499516	0.07942456	0.37062386
278	no_pain	0.8426447	0.105399355	0.051955957
279	no_pain	0.79677075	0.17559347	0.027635789
280	low_pain	0.49049863	0.4939344	0.015566957
281	no_pain	0.5507839	0.037782878	0.41143328
282	no_pain	0.73201877	0.2408708	0.027110457
283	no_pain	0.53656924	0.40572196	0.057708763
284	no_pain	0.91940767	0.060327638	0.020264763
285	no_pain	0.9023368	0.07503636	0.022626845
286	no_pain	0.8629018	0.10664765	0.030450558
287	low_pain	0.07429542	0.913854	0.011850536
288	no_pain	0.73414814	0.18462594	0.08122592
289	no_pain	0.91366816	0.059718657	0.02661317
290	no_pain	0.8799534	0.060991503	0.0590551
291	low_pain	0.033477727	0.9068611	0.0596612
292	no_pain	0.76894563	0.19314273	0.037911616
293	no_pain	0.91738474	0.062148053	0.020467183
294	low_pain	0.22536437	0.7292181	0.04541753
295	no_pain	0.914336	0.06473905	0.020924982
296	no_pain	0.5433217	0.04603055	0.41064772
297	no_pain	0.85457724	0.07706442	0.068358384
298	high_pain	0.22763248	0.01864461	0.75372297
299	high_pain	0.3592638	0.15829441	0.4824418
300	high_pain	0.05801924	0.1540673	0.7879135
301	no_pain	0.92081785	0.05901011	0.020172065
302	low_pain	0.030061102	0.6867138	0.28322512
303	high_pain	0.45188937	0.035000112	0.5131105
304	no_pain	0.8510915	0.11804004	0.03086848
305	high_pain	0.3368658	0.02777782	0.63535637
306	no_pain	0.88803035	0.07935073	0.032618932
307	low_pain	0.42717594	0.5203453	0.052478783
308	high_pain	0.10067494	0.24381259	0.65551245
309	no_pain	0.73554933	0.07102061	0.1934301
310	no_pain	0.78950447	0.17528707	0.03520847
311	no_pain	0.8387567	0.1374033	0.023840005
312	no_pain	0.5573908	0.0811875	0.3614217
313	no_pain	0.77039135	0.12498289	0.104625724
314	no_pain	0.7502901	0.05300822	0.19670172
315	no_pain	0.9243399	0.053152315	0.022507753
316	no_pain	0.6331876	0.07386176	0.29295066
317	no_pain	0.8556409	0.07872994	0.06562911
318	no_pain	0.9166702	0.05875237	0.02457738
319	high_pain	0.031560253	0.051924936	0.91651475
320	no_pain	0.69918966	0.045360617	0.25544977
321	low_pain	0.029493224	0.94559175	0.024915045
322	low_pain	0.030789923	0.82929975	0.13991037
323	high_pain	0.2002523	0.016187603	0.7835601
324	no_pain	0.8731464	0.101853274	0.025000256
325	low_pain	0.12263843	0.6569379	0.2204237
326	high_pain	0.121045515	0.014286017	0.8646685
327	no_pain	0.49555475	0.13144815	0.3729971
328	no_pain	0.91966516	0.0579802	0.02235461
329	no_pain	0.90351087	0.073325194	0.023163985
330	low_pain	0.038442884	0.8308468	0.13071036
331	no_pain	0.86116	0.07166848	0.06717154
332	no_pain	0.8824506	0.08817138	0.02937806
333	no_pain	0.8928422	0.063525714	0.04363207
334	high_pain	0.3859878	0.031243417	0.5827688
335	no_pain	0.47581688	0.4089914	0.11519174
336	no_pain	0.5404247	0.043897327	0.41567796
337	no_pain	0.6266677	0.04464104	0.32869127
338	no_pain	0.7144231	0.06793502	0.21764186
339	no_pain	0.67599356	0.06644824	0.25755814
340	low_pain	0.1486432	0.6599782	0.19137864
341	no_pain	0.7041848	0.084716365	0.21109883
342	no_pain	0.62599933	0.13167661	0.24232407
343	no_pain	0.9105951	0.06842918	0.020975722
344	no_pain	0.82891977	0.1400345	0.031045739
345	no_pain	0.85767204	0.06028477	0.082043186
346	no_pain	0.5486061	0.43031493	0.021079015
347	no_pain	0.83694	0.052028466	0.11103152
348	high_pain	0.4240578	0.03825871	0.5376834
349	no_pain	0.80092907	0.16830133	0.030769613
350	no_pain	0.5946044	0.042340163	0.36305553
351	no_pain	0.7984256	0.09143922	0.11013516
352	low_pain	0.04848349	0.81202686	0.13948962
353	no_pain	0.7478086	0.2177083	0.034483116
354	no_pain	0.7156383	0.24525416	0.03910753
355	no_pain	0.596156	0.25066537	0.15317868
356	no_pain	0.8450147	0.12557265	0.029412702
357	low_pain	0.36115113	0.51374197	0.1251069
358	no_pain	0.92559946	0.053052414	0.021348026
359	no_pain	0.86422455	0.054216772	0.08155867
360	no_pain	0.7822539	0.18570034	0.032045685
361	high_pain	0.23010603	0.02895258	0.7409414
362	no_pain	0.86075324	0.055451434	0.08379535
363	no_pain	0.9067051	0.05403193	0.039263017
364	no_pain	0.74660647	0.06567701	0.1877165
365	no_pain	0.6689682	0.10571261	0.22531924
366	no_pain	0.9205696	0.058918692	0.02051163
367	no_pain	0.8031851	0.060403474	0.13641141
368	no_pain	0.84456253	0.08182229	0.07361515
369	no_pain	0.8391239	0.12878637	0.03208968
370	no_pain	0.7944547	0.1304585	0.07508685
371	low_pain	0.05466627	0.6001545	0.34517917
372	low_pain	0.032604408	0.8574082	0.1099874
373	no_pain	0.5928344	0.38378567	0.023379898
374	no_pain	0.8099853	0.06512083	0.12489387
375	low_pain	0.029764831	0.95330715	0.016927987
376	no_pain	0.62332594	0.10040659	0.27626747
377	no_pain	0.77460164	0.07319386	0.1522045
378	no_pain	0.7513745	0.17931832	0.069307186
379	high_pain	0.022539373	0.19593976	0.7815209
380	no_pain	0.8886787	0.0874785	0.0238428
381	low_pain	0.1997945	0.6020588	0.19814672
382	no_pain	0.9054872	0.070886634	0.023626188
383	no_pain	0.86821353	0.08426529	0.047521185
384	high_pain	0.43959284	0.057124007	0.50328314
385	no_pain	0.57342094	0.03542901	0.39115006
386	no_pain	0.86927146	0.1009377	0.029790843
387	no_pain	0.92285573	0.05487926	0.022264998
388	no_pain	0.87525827	0.094474256	0.030267442
389	no_pain	0.80146396	0.12584905	0.072686926
390	no_pain	0.7356189	0.054876626	0.20950453
391	no_pain	0.71968436	0.062463284	0.21785235
392	low_pain	0.07704531	0.53789186	0.38506287
393	no_pain	0.55151963	0.05695737	0.39152303
394	no_pain	0.883276	0.09221302	0.024511013
395	no_pain	0.838877	0.0972653	0.06385766
396	no_pain	0.78192943	0.15267769	0.06539282
397	no_pain	0.5724566	0.05110576	0.3764376
398	no_pain	0.6530889	0.31652114	0.030389944
399	low_pain	0.03750898	0.62089825	0.34159276
400	no_pain	0.76631534	0.116004035	0.11768061
401	low_pain	0.10276554	0.83284014	0.06439432
402	no_pain	0.88086736	0.08314466	0.035987984
403	high_pain	0.38225824	0.02734083	0.5904009
404	no_pain	0.8688445	0.06537702	0.06577839
405	no_pain	0.6983813	0.045318834	0.2562998
406	no_pain	0.73754394	0.19553372	0.06692235
407	no_pain	0.52953315	0.44985375	0.020613113
408	no_pain	0.8913599	0.085001685	0.023638416
409	no_pain	0.91025656	0.06325007	0.026493317
410	no_pain	0.634026	0.05620574	0.30976826
411	no_pain	0.679565	0.04655687	0.2738781
412	no_pain	0.7207315	0.20666492	0.07260356
413	no_pain	0.51925886	0.3881795	0.092561625
414	no_pain	0.8175505	0.1548427	0.027606767
415	no_pain	0.4581527	0.15827227	0.38357505
416	low_pain	0.02763291	0.70215356	0.27021354
417	no_pain	0.8647712	0.08815992	0.047068875
418	low_pain	0.029727781	0.92568207	0.044590164
419	no_pain	0.8398262	0.068078555	0.092095196
420	no_pain	0.5708377	0.08714337	0.34201893
421	high_pain	0.13443927	0.15240012	0.71316063
422	no_pain	0.65458566	0.14781816	0.19759619
423	no_pain	0.90687835	0.068321526	0.024800124
424	no_pain	0.77230227	0.1669991	0.06069866
425	no_pain	0.3939742	0.35705334	0.24897245
426	low_pain	0.1498538	0.83012646	0.020019744
427	high_pain	0.06753858	0.03789553	0.8945659
428	high_pain	0.052576385	0.022952314	0.92447126
429	high_pain	0.3312389	0.21921699	0.44954413
430	no_pain	0.88041973	0.09399855	0.025581783
431	no_pain	0.8091183	0.112085484	0.0787963
432	no_pain	0.6592276	0.047095723	0.29367667
433	high_pain	0.41856137	0.031334355	0.55010426
434	no_pain	0.8509793	0.0557879	0.09323275
435	no_pain	0.72809994	0.08024973	0.19165035
436	no_pain	0.48833275	0.03168806	0.47997922
437	high_pain	0.3541994	0.028076619	0.61772394
438	no_pain	0.9008177	0.059533916	0.03964838
439	no_pain	0.92175615	0.057873912	0.02036991
440	no_pain	0.8802897	0.07075759	0.048952796
441	no_pain	0.824046	0.14006852	0.035885423
442	no_pain	0.89036244	0.08489621	0.024741309
443	no_pain	0.8510062	0.06703381	0.08195998
444	no_pain	0.90008104	0.06984301	0.030075947
445	no_pain	0.9001276	0.07097482	0.028897619
446	no_pain	0.61919004	0.048252918	0.33255708
447	no_pain	0.9150251	0.06019906	0.024775822
448	no_pain	0.8247341	0.0689104	0.10635547
449	high_pain	0.4446999	0.04138985	0.51391023
450	high_pain	0.07182091	0.13016829	0.7980108
451	no_pain	0.61718863	0.107276104	0.27553523
452	no_pain	0.5493351	0.04181857	0.4088463
453	no_pain	0.6585429	0.047664177	0.29379293
454	high_pain	0.06735078	0.14128631	0.7913629
455	no_pain	0.84378445	0.09994558	0.05626995
456	no_pain	0.84982175	0.05098834	0.09918989
457	no_pain	0.8572769	0.056777436	0.08594562
458	high_pain	0.3033649	0.022490632	0.67414445
459	no_pain	0.8873642	0.08358377	0.029052043
460	high_pain	0.22022685	0.018848281	0.7609249
461	no_pain	0.9208062	0.055917513	0.023276275
462	low_pain	0.02595616	0.65300673	0.32103714
463	high_pain	0.4711255	0.03404801	0.4948265
464	no_pain	0.53075665	0.032446694	0.4367966
465	high_pain	0.029726248	0.35971752	0.61055624
466	no_pain	0.68508416	0.14349267	0.17142321
467	no_pain	0.8379809	0.119765714	0.04225331
468	no_pain	0.5731562	0.039391644	0.3874522
469	no_pain	0.880803	0.06578456	0.053412415
470	no_pain	0.64925337	0.084129944	0.26661664
471	high_pain	0.16576955	0.017783463	0.8164471
472	no_pain	0.70157444	0.049582846	0.24884269
473	no_pain	0.5675389	0.06666182	0.36579925
474	no_pain	0.5332631	0.039307155	0.42742983
475	low_pain	0.2487708	0.45069614	0.3005331
476	no_pain	0.54346144	0.43935442	0.017184123
477	no_pain	0.85451335	0.07881562	0.06667103
478	high_pain	0.08147771	0.22336881	0.69515353
479	no_pain	0.55428016	0.04832976	0.39739013
480	no_pain	0.90178746	0.0586344	0.039578106
481	no_pain	0.6737937	0.04586191	0.28034443
482	no_pain	0.8828734	0.06729428	0.049832236
483	low_pain	0.10711606	0.52136505	0.37151888
484	no_pain	0.83056116	0.054694217	0.11474466
485	no_pain	0.65088564	0.04344049	0.30567387
486	no_pain	0.88327664	0.058757216	0.05796613
487	no_pain	0.716713	0.045221515	0.23806551
488	no_pain	0.8176196	0.059912123	0.12246828
489	low_pain	0.42024893	0.56014836	0.019602722
490	low_pain	0.029671943	0.88297474	0.08735339
491	no_pain	0.79089534	0.063532926	0.14557175
492	high_pain	0.13288811	0.017804772	0.84930706
493	no_pain	0.7293354	0.24097776	0.029686773
494	no_pain	0.6912339	0.27373317	0.035032988
495	no_pain	0.91564906	0.059992384	0.02435861
496	no_pain	0.64638364	0.062416542	0.29119977
497	no_pain	0.7678555	0.062148906	0.16999555
498	no_pain	0.82184297	0.053924717	0.124232374
499	high_pain	0.31265086	0.022388201	0.6649609
500	no_pain	0.8687345	0.07622236	0.05504326
501	no_pain	0.86116636	0.054311745	0.084521845
502	no_pain	0.8936206	0.0855455	0.020833915
503	no_pain	0.89680594	0.061145186	0.042048894
504	no_pain	0.77750814	0.11806538	0.10442648
505	no_pain	0.8047279	0.05046333	0.14480874
506	no_pain	0.91910803	0.053174328	0.027717656
507	no_pain	0.8115244	0.100971624	0.087503985
508	low_pain	0.046774644	0.59107757	0.36214778
509	no_pain	0.85299176	0.07873465	0.06827356
510	low_pain	0.17437762	0.79346013	0.03216225
511	no_pain	0.8792039	0.086773634	0.034022447
512	no_pain	0.7515606	0.13272126	0.115718104
513	no_pain	0.5038122	0.101774834	0.39441305
514	no_pain	0.45221502	0.152215	0.39556995
515	high_pain	0.45196444	0.033695936	0.51433957
516	no_pain	0.6237198	0.3423236	0.033956565
517	no_pain	0.9111985	0.06524831	0.023553213
518	no_pain	0.7516103	0.061092813	0.18729691
519	no_pain	0.8832879	0.074422464	0.04228959
520	no_pain	0.788701	0.076180354	0.13511862
521	no_pain	0.87119114	0.06629641	0.062512495
522	no_pain	0.69531286	0.27708316	0.027603973
523	no_pain	0.5667039	0.04158577	0.39171034
524	no_pain	0.7930511	0.0530635	0.15388536
525	no_pain	0.70037776	0.07854327	0.22107896
526	no_pain	0.8431007	0.065902	0.090997234
527	no_pain	0.72844917	0.24864821	0.022902675
528	no_pain	0.90088576	0.07329042	0.02582387
529	low_pain	0.04296648	0.9256197	0.031413857
530	no_pain	0.78238505	0.061309893	0.156305
531	high_pain	0.120244026	0.27753845	0.60221756
532	no_pain	0.506457	0.12652825	0.36701477
533	high_pain	0.36228046	0.029706663	0.60801286
534	high_pain	0.085863605	0.031655163	0.8824812
535	no_pain	0.7730726	0.058043074	0.16888434
536	low_pain	0.044394255	0.58591574	0.36969
537	no_pain	0.5741731	0.03920447	0.3866225
538	no_pain	0.80108356	0.09931043	0.09960608
539	no_pain	0.6692082	0.2985937	0.03219802
540	low_pain	0.0301147	0.9522432	0.017642042
541	no_pain	0.7401077	0.15433058	0.10556171
542	no_pain	0.9147953	0.0631061	0.022098582
543	no_pain	0.8770915	0.051188897	0.0717196
544	low_pain	0.15567368	0.8253032	0.019023111
545	high_pain	0.37748128	0.028004522	0.5945142
546	no_pain	0.492824	0.17374702	0.333429
547	no_pain	0.7091206	0.2656997	0.025179705
548	no_pain	0.7408781	0.10291016	0.15621176
549	low_pain	0.05694624	0.71492386	0.22812991
550	high_pain	0.05081556	0.43320942	0.51597506
551	no_pain	0.80430126	0.13250871	0.06319
552	no_pain	0.8449976	0.12921803	0.025784377
553	high_pain	0.18331856	0.018381998	0.79829943
554	no_pain	0.69296354	0.28569502	0.021341477
555	no_pain	0.7656172	0.053066254	0.18131664
556	no_pain	0.7300752	0.12183966	0.1480852
557	high_pain	0.28223592	0.021360341	0.69640374
558	low_pain	0.038937703	0.67537916	0.28568316
559	no_pain	0.792472	0.057953656	0.14957431
560	low_pain	0.13669874	0.84478426	0.018517008
561	no_pain	0.8584455	0.1109179	0.030636558
562	no_pain	0.67989963	0.07705708	0.24304327
563	high_pain	0.38394472	0.17297748	0.4430778
564	no_pain	0.87185305	0.09116471	0.03698219
565	low_pain	0.03143681	0.92057323	0.04799
566	no_pain	0.5181362	0.03243696	0.44942683
567	no_pain	0.9094766	0.06987281	0.020650601
568	no_pain	0.8802384	0.09717665	0.022584882
569	no_pain	0.55040777	0.059153616	0.39043862
570	no_pain	0.6185852	0.3142682	0.06714655
571	no_pain	0.9172121	0.06131742	0.021470446
572	no_pain	0.70687115	0.2401866	0.052942246
573	no_pain	0.6708317	0.049933236	0.2792351
574	no_pain	0.6215239	0.054457486	0.32401863
575	no_pain	0.9173487	0.062231015	0.02042031
576	no_pain	0.89906514	0.061905097	0.039029773
577	low_pain	0.19061585	0.79649097	0.012893172
578	no_pain	0.86204326	0.07346013	0.06449656
579	high_pain	0.28807306	0.0245908	0.6873361
580	low_pain	0.0306676	0.95229644	0.017035943
581	no_pain	0.88556707	0.08863051	0.025802424
582	low_pain	0.100645505	0.8897139	0.009640599
583	high_pain	0.43812737	0.03150683	0.5303658
584	low_pain	0.059892662	0.8972189	0.042888492
585	no_pain	0.9224327	0.054163374	0.023403954
586	high_pain	0.35774878	0.030801957	0.6114493
587	no_pain	0.91396064	0.06524805	0.0207913
588	no_pain	0.85227215	0.050638366	0.097089484
589	no_pain	0.8840677	0.06837016	0.047562115
590	no_pain	0.87044334	0.092252	0.037304696
591	no_pain	0.9152838	0.06346409	0.021252165
592	no_pain	0.8954848	0.06535578	0.039159376
593	no_pain	0.7510663	0.17885026	0.070083454
594	high_pain	0.4117175	0.044191156	0.54409134
595	no_pain	0.8929836	0.08310706	0.023909336
596	no_pain	0.92130643	0.05321917	0.02547438
597	low_pain	0.037812006	0.92959785	0.03259016
598	no_pain	0.9169115	0.06150695	0.021581508
599	no_pain	0.91714096	0.062561825	0.02029727
600	no_pain	0.8238758	0.14807317	0.028050995
601	no_pain	0.91748315	0.057360243	0.025156623
602	no_pain	0.91213167	0.05631832	0.031549945
603	no_pain	0.9014741	0.054054786	0.044471085
604	no_pain	0.7902937	0.086558536	0.12314775
605	high_pain	0.4671935	0.034134455	0.49867207
606	no_pain	0.9072267	0.06920914	0.023564167
607	no_pain	0.92759925	0.049617123	0.022783622
608	no_pain	0.8845399	0.074579254	0.040880825
609	no_pain	0.7635252	0.06660734	0.16986746
610	no_pain	0.9015152	0.07725458	0.021230217
611	no_pain	0.8377762	0.044400573	0.11782324
612	low_pain	0.04467813	0.88807553	0.06724634
613	high_pain	0.18407018	0.014478089	0.8014517
614	no_pain	0.8231479	0.06271136	0.114140764
615	no_pain	0.51043594	0.13722669	0.35233742
616	low_pain	0.16492686	0.8203163	0.014756776
617	no_pain	0.58315235	0.04112857	0.37571913
618	no_pain	0.85525924	0.048044063	0.09669669
619	no_pain	0.88615	0.08193275	0.031917285
620	no_pain	0.8797243	0.09783767	0.022437977
621	no_pain	0.830433	0.04626636	0.12330065
622	no_pain	0.84290874	0.121361434	0.035729825
623	high_pain	0.45093465	0.04223832	0.50682706
624	no_pain	0.8916022	0.05887065	0.049527097
625	no_pain	0.9072898	0.060605366	0.032104813
626	no_pain	0.51720977	0.4173488	0.06544141
627	no_pain	0.51675403	0.050537355	0.4327086
628	no_pain	0.6066865	0.05856877	0.33474472
629	no_pain	0.73586583	0.22744596	0.03668823
630	no_pain	0.8973463	0.069280215	0.03337344
631	no_pain	0.79691947	0.16473123	0.038349345
632	high_pain	0.10206065	0.016329143	0.8816102
633	no_pain	0.80679053	0.16338316	0.029826328
634	no_pain	0.6368743	0.042704053	0.3204216
635	no_pain	0.87135994	0.10732677	0.021313254
636	no_pain	0.92075074	0.058173068	0.021076256
637	low_pain	0.032984752	0.962016	0.0049992525
638	no_pain	0.8438174	0.07949181	0.07669075
639	low_pain	0.032764755	0.9363057	0.030929482
640	no_pain	0.9165422	0.06077484	0.022682976
641	high_pain	0.2543048	0.05808673	0.68760854
642	low_pain	0.041986495	0.7500056	0.20800784
643	no_pain	0.5060539	0.0870406	0.40690547
644	no_pain	0.7130419	0.25338894	0.033569194
645	no_pain	0.9113518	0.05723955	0.031408675
646	no_pain	0.6770619	0.040703617	0.28223446
647	low_pain	0.0283893	0.96144325	0.010167457
648	no_pain	0.845448	0.105157815	0.04939414
649	high_pain	0.36187106	0.17546222	0.4626667
650	no_pain	0.7313348	0.24667926	0.021985998
651	no_pain	0.58024484	0.05983571	0.35991946
652	no_pain	0.6945895	0.049380902	0.2560296
653	no_pain	0.88068426	0.069024175	0.050291497
654	no_pain	0.65884405	0.29895464	0.042201363
655	no_pain	0.89878833	0.0656711	0.03554061
656	no_pain	0.8861645	0.078404345	0.035431158
657	no_pain	0.5919267	0.050101466	0.35797185
658	low_pain	0.08501985	0.57352686	0.34145325
659	high_pain	0.016588328	0.27007365	0.713338
660	no_pain	0.7342938	0.23638804	0.029318105
661	high_pain	0.007127311	0.03430929	0.95856345
662	no_pain	0.7633351	0.104085684	0.13257919
663	no_pain	0.8751203	0.10216556	0.022714157
664	no_pain	0.8230656	0.13937609	0.037558354
665	no_pain	0.6847714	0.06212289	0.2531057
666	no_pain	0.75956327	0.16131161	0.07912512
667	no_pain	0.82792914	0.13542095	0.03664996
668	no_pain	0.75165325	0.05032138	0.19802542
669	no_pain	0.9141933	0.064432636	0.021374118
670	no_pain	0.91679925	0.06229049	0.020910265
671	no_pain	0.9146365	0.06075663	0.024606928
672	no_pain	0.8750084	0.08474053	0.040251106
673	no_pain	0.8186296	0.1542075	0.027162861
674	no_pain	0.7353169	0.22959642	0.03508675
675	no_pain	0.90865934	0.069095254	0.022245325
676	low_pain	0.06459585	0.8467089	0.08869527
677	no_pain	0.72025025	0.25594655	0.023803202
678	high_pain	0.17440963	0.043349076	0.7822413
679	no_pain	0.88799	0.08293148	0.029078577
680	no_pain	0.796358	0.15019691	0.05344505
681	no_pain	0.7848275	0.06314312	0.15202947
682	no_pain	0.75424486	0.044440065	0.20131509
683	high_pain	0.2608699	0.023101702	0.7160284
684	no_pain	0.9164835	0.06198269	0.021533817
685	no_pain	0.60142565	0.14432149	0.25425285
686	high_pain	0.018388303	0.05945177	0.92215997
687	high_pain	0.05993831	0.008710834	0.9313509
688	no_pain	0.9116486	0.062312044	0.026039371
689	no_pain	0.8850061	0.090621606	0.02437231
690	no_pain	0.63999647	0.054552518	0.305451
691	low_pain	0.0537074	0.8914668	0.05482577
692	no_pain	0.89221746	0.07269238	0.03509014
693	no_pain	0.9207508	0.0584973	0.020751912
694	no_pain	0.8860493	0.062489368	0.05146135
695	high_pain	0.25349066	0.25987282	0.48663655
696	no_pain	0.8284906	0.13365908	0.03785028
697	no_pain	0.87031543	0.08306013	0.046624392
698	low_pain	0.41714615	0.54008955	0.042764273
699	no_pain	0.83517516	0.13690808	0.027916785
700	no_pain	0.8067797	0.1406576	0.052562635
701	no_pain	0.76314604	0.1924575	0.0443965
702	no_pain	0.5653087	0.040820938	0.3938704
703	no_pain	0.8766511	0.100547835	0.02280102
704	no_pain	0.8602331	0.11684873	0.022918152
705	no_pain	0.6838562	0.100380555	0.21576329
706	no_pain	0.9229193	0.056512527	0.02056818
707	no_pain	0.75862443	0.09067871	0.15069687
708	no_pain	0.85887635	0.10719476	0.033928923
709	no_pain	0.87462026	0.07616854	0.049211226
710	no_pain	0.8486581	0.074205235	0.077136666
711	no_pain	0.87349814	0.10376408	0.022737779
712	no_pain	0.901145	0.07629689	0.02255811
713	no_pain	0.84927905	0.06627617	0.08444479
714	low_pain	0.18007997	0.47853297	0.34138703
715	no_pain	0.8958949	0.05712924	0.04697586
716	no_pain	0.77581966	0.043784164	0.18039615
717	high_pain	0.25960806	0.117770866	0.6226211
718	no_pain	0.49690247	0.28030944	0.2227881
719	no_pain	0.8930644	0.08398413	0.022951469
720	no_pain	0.71472776	0.04810036	0.23717193
721	low_pain	0.058217485	0.9025424	0.03924014
722	no_pain	0.49271637	0.48368502	0.023598567
723	no_pain	0.79179037	0.1621082	0.046101503
724	no_pain	0.64751637	0.0515772	0.30090642
725	high_pain	0.23669152	0.15957598	0.60373247
726	high_pain	0.39951292	0.19390571	0.4065814
727	no_pain	0.8871975	0.07422744	0.038575135
728	no_pain	0.898664	0.075484514	0.025851458
729	no_pain	0.6391684	0.30756187	0.05326972
730	no_pain	0.69539344	0.06761238	0.23699419
731	low_pain	0.048803736	0.9448246	0.0063716797
732	low_pain	0.31900358	0.44503984	0.23595655
733	no_pain	0.7207886	0.18754452	0.09166693
734	no_pain	0.7523977	0.04925286	0.1983494
735	no_pain	0.79931295	0.17920895	0.021478055
736	no_pain	0.65634906	0.0615244	0.28212655
737	no_pain	0.59067154	0.047018744	0.36230972
738	no_pain	0.55229115	0.035068955	0.41263992
739	no_pain	0.9177331	0.05972436	0.022542575
740	no_pain	0.8986905	0.055402875	0.045906592
741	no_pain	0.54062045	0.13321379	0.32616577
742	no_pain	0.62114745	0.15135822	0.22749433
743	no_pain	0.7325058	0.11079083	0.15670341
744	no_pain	0.90819204	0.07062201	0.021185858
745	no_pain	0.9075573	0.06526168	0.02718105
746	no_pain	0.6242493	0.35023046	0.025520291
747	no_pain	0.92310256	0.055298	0.021599462
748	no_pain	0.7492749	0.21655986	0.034165252
749	low_pain	0.028514177	0.9585559	0.012929937
750	no_pain	0.5095464	0.19685476	0.29359883
751	no_pain	0.90484935	0.059699167	0.03545151
752	no_pain	0.6489438	0.04214528	0.3089109
753	no_pain	0.8173386	0.076273225	0.10638823
754	no_pain	0.49535316	0.052985393	0.4516614
755	no_pain	0.87488574	0.08842748	0.036686767
756	no_pain	0.48804623	0.2266446	0.28530917
757	high_pain	0.047673266	0.24051598	0.71181077
758	low_pain	0.19611263	0.7312722	0.07261513
759	no_pain	0.74616814	0.23216991	0.021661958
760	no_pain	0.80288637	0.15431355	0.042800017
761	high_pain	0.27876496	0.020089174	0.7011458
762	no_pain	0.8851303	0.09338544	0.02148429
763	no_pain	0.9104123	0.067931086	0.021656593
764	no_pain	0.63537276	0.29017693	0.074450225
765	no_pain	0.8928436	0.065277144	0.041879196
766	no_pain	0.9171704	0.062189985	0.02063958
767	no_pain	0.70080507	0.03753262	0.26166227
768	low_pain	0.03233932	0.7435751	0.2240856
769	no_pain	0.9026445	0.053673815	0.043681618
770	no_pain	0.92065924	0.057899147	0.021441571
771	no_pain	0.75276196	0.22476467	0.02247335
772	no_pain	0.8780898	0.08732497	0.0345852
773	no_pain	0.4847129	0.03734537	0.4779417
774	high_pain	0.40326676	0.0272602	0.569473
775	high_pain	0.28754768	0.034666847	0.6777855
776	no_pain	0.8146756	0.15082997	0.034494378
777	high_pain	0.26839456	0.02147785	0.7101276
778	no_pain	0.8319362	0.10859805	0.059465807
779	low_pain	0.046155397	0.9403006	0.013544096
780	no_pain	0.92340696	0.05146333	0.025129694
781	no_pain	0.8922788	0.058056522	0.049664747
782	no_pain	0.6360851	0.059025533	0.30488938
783	no_pain	0.83735883	0.12767625	0.03496482
784	high_pain	0.4600378	0.041153345	0.4988088
785	no_pain	0.81120235	0.13338992	0.055407785
786	low_pain	0.089844964	0.50340784	0.4067472
787	no_pain	0.87577534	0.07246754	0.051757086
788	no_pain	0.8611285	0.114126444	0.024745042
789	high_pain	0.4483754	0.034382563	0.517242
790	no_pain	0.676033	0.29631978	0.027647167
791	no_pain	0.54223096	0.39154258	0.06622646
792	no_pain	0.5665001	0.056651067	0.3768488
793	no_pain	0.9193036	0.06030057	0.020395774
794	no_pain	0.60714626	0.054203697	0.33865005
795	low_pain	0.24616441	0.42939442	0.32444113
796	low_pain	0.030499678	0.9500141	0.019486224
797	no_pain	0.75504553	0.08528735	0.1596671
798	no_pain	0.8249048	0.14098485	0.03411037
799	no_pain	0.91368914	0.05320651	0.03310428
800	no_pain	0.8478977	0.12565915	0.026443068
801	no_pain	0.88821316	0.087256	0.024530772
802	no_pain	0.80353576	0.15847266	0.037991628
803	no_pain	0.87080514	0.08388336	0.045311444
804	no_pain	0.5173768	0.0371682	0.44545507
805	no_pain	0.7460991	0.08779459	0.16610637
806	no_pain	0.69313985	0.2679841	0.038876083
807	no_pain	0.910725	0.055392213	0.033882786
808	no_pain	0.9147647	0.06267278	0.02256256
809	no_pain	0.7685155	0.09628174	0.13520272
810	low_pain	0.032994974	0.9378708	0.029134193
811	high_pain	0.21914402	0.13915701	0.64169896
812	no_pain	0.64775795	0.045048404	0.30719367
813	no_pain	0.8747988	0.1029592	0.022241995
814	low_pain	0.031261973	0.9455124	0.023225624
815	no_pain	0.8320978	0.05014633	0.11775583
816	no_pain	0.8104335	0.06928619	0.12028034
817	no_pain	0.8455456	0.09811033	0.05634412
818	no_pain	0.8920032	0.053983994	0.054012835
819	no_pain	0.8814853	0.0863884	0.032126322
820	no_pain	0.88298285	0.05729716	0.059719987
821	high_pain	0.3629967	0.024138562	0.61286473
822	no_pain	0.57141596	0.045142774	0.38344127
823	no_pain	0.90693104	0.070540175	0.022528812
824	no_pain	0.78963006	0.15453684	0.05583308
825	high_pain	0.20508687	0.036671333	0.7582418
826	no_pain	0.8802387	0.09244691	0.027314425
827	no_pain	0.6236483	0.03799893	0.33835274
828	no_pain	0.8871285	0.08861126	0.024260309
829	low_pain	0.44913253	0.4540111	0.09685633
830	no_pain	0.8699316	0.10170164	0.02836673
831	high_pain	0.41425833	0.028602451	0.5571393
832	no_pain	0.5926503	0.05101434	0.35633534
833	no_pain	0.7546331	0.20862141	0.03674546
834	no_pain	0.5091076	0.031818062	0.45907432
835	high_pain	0.3886618	0.025874889	0.5854633
836	high_pain	0.3537109	0.029459605	0.6168295
837	no_pain	0.6485871	0.08596757	0.2654453
838	no_pain	0.8982414	0.05973106	0.04202749
839	no_pain	0.8875822	0.055453133	0.056964684
840	high_pain	0.46042562	0.033982433	0.505592
841	high_pain	0.46316728	0.032094445	0.5047382
842	no_pain	0.78601253	0.06176287	0.15222465
843	high_pain	0.21951303	0.15317349	0.6273135
844	no_pain	0.83426887	0.088491276	0.07723982
845	no_pain	0.8249796	0.12903881	0.045981638
846	no_pain	0.83273983	0.12780882	0.03945141
847	no_pain	0.7567705	0.20818326	0.035046212
848	no_pain	0.8035215	0.052420475	0.14405802
849	no_pain	0.8940064	0.07577531	0.030218298
850	no_pain	0.6988073	0.050257064	0.25093567
851	no_pain	0.8652728	0.10936801	0.025359213
852	low_pain	0.08311944	0.48519754	0.431683
853	no_pain	0.78520185	0.04860438	0.16619377
854	no_pain	0.90294236	0.063842475	0.03321511
855	high_pain	0.37693217	0.029543037	0.5935248
856	no_pain	0.86958647	0.053978972	0.076434545
857	low_pain	0.03656488	0.75968415	0.203751
858	low_pain	0.0280787	0.78964967	0.18227164
859	no_pain	0.55976164	0.044754475	0.39548382
860	no_pain	0.8750383	0.10160118	0.023360413
861	no_pain	0.8402214	0.09863147	0.061147146
862	no_pain	0.439176	0.18324777	0.37757626
863	no_pain	0.7287008	0.22023746	0.05106172
864	high_pain	0.45611438	0.029090906	0.5147947
865	no_pain	0.5819979	0.060742237	0.3572599
866	no_pain	0.5667966	0.03600769	0.39719573
867	no_pain	0.5435718	0.31919736	0.13723078
868	low_pain	0.038217805	0.7587449	0.20303723
869	low_pain	0.10892646	0.8802207	0.010852875
870	low_pain	0.17646196	0.73408985	0.08944817
871	no_pain	0.5425042	0.035006884	0.42248893
872	no_pain	0.90322876	0.056289643	0.040481582
873	no_pain	0.67221844	0.039069396	0.28871208
874	no_pain	0.7236378	0.12520777	0.15115437
875	high_pain	0.30302995	0.04489872	0.65207136
876	no_pain	0.8784709	0.061791085	0.05973801
877	no_pain	0.614326	0.042118214	0.34355575
878	no_pain	0.87127095	0.08467901	0.04405002
879	high_pain	0.05021116	0.45555514	0.4942337
880	no_pain	0.6753292	0.043520905	0.28114986
881	no_pain	0.9224499	0.050831396	0.02671872
882	no_pain	0.90606177	0.06955443	0.024383806
883	no_pain	0.75768507	0.17872013	0.06359483
884	low_pain	0.028117437	0.7329238	0.23895876
885	low_pain	0.06914236	0.83793944	0.092918195
886	no_pain	0.88887453	0.07650538	0.034620076
887	no_pain	0.66735214	0.10110649	0.23154137
888	low_pain	0.03615197	0.50194705	0.46190095
889	no_pain	0.87735385	0.075331554	0.0473146
890	no_pain	0.74093103	0.22690944	0.03215948
891	low_pain	0.030733237	0.9604427	0.008824013
892	no_pain	0.7635685	0.054050095	0.18238142
893	no_pain	0.6605005	0.30330738	0.036192108
894	low_pain	0.43087968	0.54248047	0.026639853
895	no_pain	0.8959125	0.07302585	0.03106152
896	no_pain	0.7153938	0.095319405	0.1892868
897	high_pain	0.3497513	0.025170261	0.62507844
898	no_pain	0.72633755	0.042761214	0.23090124
899	no_pain	0.880051	0.054014016	0.06593496
900	no_pain	0.74756247	0.06315188	0.1892857
901	no_pain	0.92289907	0.05706911	0.020031888
902	low_pain	0.031595826	0.5112352	0.457169
903	no_pain	0.8850317	0.05406381	0.060904495
904	no_pain	0.63016367	0.34814677	0.021689598
905	no_pain	0.84762734	0.127621	0.024751594
906	no_pain	0.88876724	0.08802393	0.02320883
907	no_pain	0.7814576	0.0706981	0.14784427
908	no_pain	0.5334644	0.033275783	0.43325981
909	no_pain	0.6595732	0.05735624	0.28307053
910	no_pain	0.8427695	0.08139103	0.0758395
911	no_pain	0.911164	0.06828241	0.020553604
912	no_pain	0.91396344	0.062435757	0.023600888
913	no_pain	0.6748603	0.04151789	0.28362182
914	no_pain	0.7581984	0.14447501	0.0973266
915	no_pain	0.7159227	0.054494463	0.22958283
916	no_pain	0.8487708	0.07380913	0.07742005
917	no_pain	0.8690661	0.053060286	0.077873625
918	no_pain	0.69319624	0.047605522	0.2591982
919	no_pain	0.6699747	0.04029229	0.289733
920	low_pain	0.4143416	0.47213465	0.113523744
921	no_pain	0.91315824	0.066293165	0.020548563
922	no_pain	0.86153936	0.06515259	0.073308095
923	high_pain	0.22555128	0.023973858	0.7504748
924	no_pain	0.87878245	0.06712218	0.054095406
925	no_pain	0.8765429	0.09889958	0.024557509
926	no_pain	0.7315908	0.048528705	0.21988049
927	high_pain	0.21436445	0.18989941	0.59573615
928	no_pain	0.6436876	0.29791504	0.058397323
929	low_pain	0.19665591	0.759524	0.043820087
930	low_pain	0.08259413	0.8169586	0.10044725
931	no_pain	0.92180127	0.057756208	0.020442542
932	high_pain	0.4055428	0.0274488	0.5670084
933	no_pain	0.49831086	0.32386756	0.17782164
934	no_pain	0.89043844	0.06423419	0.04532732
935	high_pain	0.14745328	0.036714174	0.8158325
936	no_pain	0.8533821	0.047984038	0.09863381
937	high_pain	0.037280876	0.27389875	0.68882036
938	no_pain	0.7723609	0.20923123	0.018407824
939	no_pain	0.63955367	0.16357839	0.19686791
940	no_pain	0.85691726	0.058451258	0.08463146
941	no_pain	0.9180641	0.061315186	0.02062071
942	no_pain	0.8610467	0.10681752	0.03213576
943	low_pain	0.31467646	0.60988283	0.07544062
944	no_pain	0.91929656	0.058241557	0.022461886
945	no_pain	0.84889907	0.08730296	0.06379793
946	high_pain	0.295161	0.017678898	0.6871601
947	no_pain	0.5515007	0.38912925	0.05937008
948	no_pain	0.5786065	0.0404818	0.38091174
949	no_pain	0.5356177	0.073618	0.39076433
950	no_pain	0.8290197	0.05202313	0.11895714
951	no_pain	0.70107245	0.049831472	0.24909608
952	no_pain	0.72731036	0.24598178	0.026707834
953	no_pain	0.8352555	0.13010196	0.034642495
954	no_pain	0.81026137	0.06582235	0.12391637
955	no_pain	0.9173029	0.06177182	0.020925216
956	no_pain	0.8751642	0.06998491	0.05485084
957	no_pain	0.7027883	0.22151399	0.07569776
958	no_pain	0.7470491	0.053461958	0.19948895
959	no_pain	0.81568176	0.046557527	0.13776068
960	high_pain	0.3236602	0.025945593	0.65039426
961	no_pain	0.8129463	0.04890135	0.13815229
962	no_pain	0.80279684	0.12628107	0.07092208
963	no_pain	0.6298448	0.040674247	0.32948095
964	no_pain	0.8814082	0.08184208	0.036749672
965	no_pain	0.9195105	0.058383323	0.022106227
966	no_pain	0.8148158	0.12519023	0.059994005
967	no_pain	0.90675545	0.052753508	0.040491045
968	no_pain	0.9127477	0.06373526	0.023517046
969	high_pain	0.25809434	0.21452181	0.52738386
970	no_pain	0.8873275	0.08232082	0.03035171
971	no_pain	0.88895214	0.0841523	0.026895588
972	no_pain	0.62040013	0.3156653	0.06393456
973	no_pain	0.8736159	0.075038515	0.051345527
974	no_pain	0.7849724	0.056705385	0.1583222
975	no_pain	0.7971684	0.10388608	0.09894556
976	no_pain	0.4505095	0.33899388	0.21049666
977	no_pain	0.72174436	0.05795896	0.22029671
978	high_pain	0.07470915	0.010756607	0.9145342
979	no_pain	0.71325785	0.05232967	0.23441248
980	no_pain	0.9231922	0.056549132	0.020258617
981	no_pain	0.88237256	0.09286314	0.024764346
982	no_pain	0.8788047	0.07696464	0.044230644
983	low_pain	0.027017236	0.61703527	0.35594743
984	no_pain	0.8641912	0.07026569	0.06554321
985	high_pain	0.43312487	0.029793326	0.53708184
986	no_pain	0.78591454	0.18726829	0.026817152
987	no_pain	0.8884884	0.0589513	0.05256033
988	no_pain	0.8774937	0.09967359	0.022832688
989	no_pain	0.91825473	0.05818047	0.023564802
990	no_pain	0.604135	0.20787394	0.18799105
991	low_pain	0.030523364	0.9299083	0.039568346
992	no_pain	0.8308161	0.13633665	0.032847237
993	no_pain	0.5746035	0.035201047	0.39019543
994	no_pain	0.921949	0.05796062	0.02009046
995	no_pain	0.4944461	0.17774531	0.3278086
996	no_pain	0.9305523	0.048676305	0.020771462
997	low_pain	0.3886606	0.5535936	0.057745814
998	no_pain	0.78833556	0.059209745	0.15245464
999	no_pain	0.88165694	0.0631552	0.055187814
1000	no_pain	0.8833291	0.058715094	0.05795579
1001	no_pain	0.8343089	0.13942082	0.026270274
1002	no_pain	0.87524015	0.07388558	0.050874352
1003	no_pain	0.58230567	0.043147784	0.37454656
1004	no_pain	0.91886127	0.05112182	0.030016925
1005	no_pain	0.84985656	0.119822994	0.030320495
1006	high_pain	0.024930563	0.046275146	0.92879426
1007	no_pain	0.6086174	0.05811555	0.33326697
1008	no_pain	0.74530506	0.09617745	0.15851748
1009	no_pain	0.6243022	0.1047833	0.27091452
1010	no_pain	0.6937543	0.054685354	0.25156036
1011	high_pain	0.1805026	0.024396162	0.7951012
1012	low_pain	0.0762973	0.60886186	0.31484082
1013	no_pain	0.5066657	0.43605667	0.05727765
1014	no_pain	0.874529	0.102507666	0.022963377
1015	no_pain	0.7948456	0.059655588	0.1454988
1016	no_pain	0.5006785	0.073747054	0.42557445
1017	no_pain	0.9109901	0.06516902	0.023840848
1018	no_pain	0.8013271	0.05930879	0.13936408
1019	no_pain	0.8405758	0.075958975	0.08346518
1020	no_pain	0.853699	0.06421985	0.0820811
1021	no_pain	0.88451624	0.058299087	0.057184637
1022	no_pain	0.9152503	0.060065757	0.024683908
1023	low_pain	0.45251212	0.5040663	0.043421574
1024	low_pain	0.3752017	0.45922464	0.16557363
1025	no_pain	0.62465453	0.046924092	0.32842138
1026	no_pain	0.44836307	0.21366031	0.3379766
1027	no_pain	0.9150976	0.059101216	0.025801176
1028	no_pain	0.53736764	0.04861724	0.4140151
1029	no_pain	0.8934107	0.085042074	0.021547232
1030	low_pain	0.07456668	0.9179071	0.007526112
1031	no_pain	0.6002314	0.09176071	0.30800787
1032	no_pain	0.7876926	0.052150637	0.16015676
1033	high_pain	0.036079682	0.47700137	0.486919
1034	high_pain	0.2596893	0.030616185	0.7096945
1035	no_pain	0.814534	0.14422324	0.041242767
1036	no_pain	0.6468719	0.23456636	0.1185617
1037	no_pain	0.62691647	0.10862696	0.26445657
1038	low_pain	0.086460225	0.8152019	0.098337926
1039	no_pain	0.58275306	0.04162067	0.37562627
1040	high_pain	0.3978022	0.032448716	0.569749
1041	no_pain	0.7224733	0.25527868	0.022247983
1042	no_pain	0.90911216	0.070203066	0.020684758
1043	no_pain	0.88149625	0.080958165	0.037545595
1044	no_pain	0.9184386	0.061251413	0.020309946
1045	no_pain	0.87507933	0.05041319	0.07450745
1046	no_pain	0.8951093	0.06503272	0.03985798
1047	high_pain	0.4225417	0.02873936	0.5487189
1048	no_pain	0.89549935	0.069106326	0.035394367
1049	no_pain	0.78068984	0.053609945	0.16570018
1050	no_pain	0.9145525	0.060533453	0.024914056
1051	no_pain	0.8615451	0.09610231	0.042352587
1052	no_pain	0.8864439	0.072183095	0.04137299
1053	no_pain	0.90971345	0.06702883	0.023257697
1054	no_pain	0.8672336	0.10774288	0.02502359
1055	high_pain	0.41023117	0.036432285	0.55333656
1056	no_pain	0.56885266	0.037413985	0.39373335
1057	low_pain	0.13572122	0.81696767	0.04731111
1058	no_pain	0.67267025	0.20142551	0.12590425
1059	no_pain	0.91735446	0.055278867	0.027366612
1060	no_pain	0.82380134	0.13610679	0.040091906
1061	low_pain	0.03801964	0.652822	0.30915835
1062	no_pain	0.4923668	0.0761841	0.43144912
1063	no_pain	0.7650746	0.05275798	0.18216738
1064	no_pain	0.77696884	0.19358099	0.029450208
1065	low_pain	0.08601404	0.693932	0.22005394
1066	no_pain	0.89711916	0.056087147	0.046793673
1067	no_pain	0.89233696	0.07373376	0.033929247
1068	low_pain	0.29246753	0.498689	0.20884347
1069	no_pain	0.80581427	0.056942105	0.13724364
1070	no_pain	0.8025651	0.11864288	0.07879201
1071	low_pain	0.039065935	0.9384451	0.022488974
1072	no_pain	0.67424506	0.22930889	0.096446075
1073	low_pain	0.2213614	0.626013	0.15262562
1074	no_pain	0.913215	0.0632755	0.02350957
1075	low_pain	0.03882847	0.7343435	0.22682801
1076	no_pain	0.90540713	0.073768064	0.020824794
1077	low_pain	0.04768303	0.6719705	0.28034654
1078	high_pain	0.0311809	0.2663602	0.7024589
1079	no_pain	0.9278141	0.048714098	0.023471873
1080	no_pain	0.9142993	0.064702354	0.02099832
1081	high_pain	0.36741138	0.026783	0.60580564
1082	no_pain	0.63959306	0.040425606	0.31998128
1083	low_pain	0.35717648	0.59585464	0.046968833
1084	no_pain	0.8815767	0.062111236	0.056312006
1085	high_pain	0.47759566	0.032997936	0.48940644
1086	no_pain	0.5439242	0.36568505	0.0903907
1087	low_pain	0.032622777	0.62816155	0.33921567
1088	no_pain	0.90426075	0.06438997	0.03134928
1089	low_pain	0.03205512	0.95896626	0.008978652
1090	no_pain	0.7732955	0.1872321	0.039472334
1091	high_pain	0.1368599	0.013188804	0.8499514
1092	no_pain	0.9065344	0.063839555	0.029626057
1093	no_pain	0.91359913	0.06013022	0.026270697
1094	no_pain	0.6373544	0.063717656	0.29892793
1095	no_pain	0.91909	0.05675155	0.024158461
1096	low_pain	0.33665928	0.5332551	0.13008563
1097	no_pain	0.61716956	0.052353006	0.33047742
1098	no_pain	0.5069361	0.41731054	0.07575343
1099	no_pain	0.7653767	0.067690216	0.16693309
1100	no_pain	0.90336543	0.071768865	0.024865668
1101	no_pain	0.8120572	0.10878877	0.07915397
1102	no_pain	0.8809336	0.08803914	0.031027341
1103	high_pain	0.24489579	0.03136648	0.7237377
1104	no_pain	0.9090382	0.05541002	0.035551794
1105	high_pain	0.3363896	0.035387117	0.6282233
1106	high_pain	0.013819793	0.004548966	0.9816313
1107	no_pain	0.62883383	0.059797835	0.31136838
1108	low_pain	0.2585498	0.5547205	0.1867297
1109	high_pain	0.02918953	0.03721858	0.93359184
1110	no_pain	0.897879	0.06464104	0.037479922
1111	no_pain	0.5874454	0.042373646	0.370181
1112	no_pain	0.920283	0.05976997	0.019946957
1113	no_pain	0.62613493	0.25805718	0.115807936
1114	no_pain	0.91432714	0.06497751	0.020695373
1115	low_pain	0.055343844	0.5211611	0.4234951
1116	no_pain	0.88997537	0.06972854	0.0402961
1117	no_pain	0.81796443	0.048146337	0.13388923
1118	low_pain	0.08705952	0.90107024	0.011870221
1119	no_pain	0.90319616	0.06218288	0.034620963
1120	high_pain	0.04024943	0.017381344	0.9423693
1121	no_pain	0.69033056	0.047715433	0.26195395
1122	no_pain	0.51854694	0.06172782	0.41972518
1123	no_pain	0.7579369	0.05050537	0.19155774
1124	no_pain	0.92087567	0.058938444	0.020185875
1125	no_pain	0.8657152	0.09045716	0.043827634
1126	no_pain	0.8777997	0.09008882	0.032111432
1127	low_pain	0.32650295	0.41723377	0.25626332
1128	no_pain	0.8058885	0.11252634	0.08158516
1129	no_pain	0.9152144	0.060748138	0.02403743
1130	no_pain	0.80188006	0.17238858	0.02573138
1131	no_pain	0.6968709	0.15076661	0.15236242
1132	no_pain	0.68461883	0.06673585	0.24864534
1133	no_pain	0.70148325	0.27462986	0.023886861
1134	low_pain	0.059478305	0.69162154	0.24890018
1135	no_pain	0.91965103	0.055961646	0.024387363
1136	no_pain	0.9113681	0.061670292	0.026961666
1137	no_pain	0.76258576	0.061249852	0.17616439
1138	no_pain	0.81214887	0.14431825	0.04353298
1139	no_pain	0.6262244	0.07294651	0.30082905
1140	high_pain	0.06342818	0.23243971	0.7041321
1141	high_pain	0.113375664	0.010404096	0.8762202
1142	no_pain	0.595013	0.35891527	0.046071686
1143	no_pain	0.860225	0.057575595	0.08219937
1144	no_pain	0.8269478	0.049400028	0.12365214
1145	no_pain	0.7351467	0.04360008	0.2212532
1146	no_pain	0.5850259	0.071379244	0.34359482
1147	no_pain	0.88301677	0.064035304	0.05294796
1148	no_pain	0.5580298	0.11054959	0.3314206
1149	no_pain	0.7170166	0.05494959	0.22803383
1150	no_pain	0.596689	0.10650172	0.2968093
1151	low_pain	0.07848429	0.49465388	0.42686185
1152	low_pain	0.27177724	0.66297287	0.06524988
1153	no_pain	0.7618531	0.05016344	0.18798344
1154	no_pain	0.8269002	0.118482545	0.054617286
1155	no_pain	0.74856395	0.19443516	0.057000883
1156	high_pain	0.08684965	0.016408965	0.8967414
1157	no_pain	0.9189433	0.060690206	0.020366421
1158	no_pain	0.7126467	0.046616282	0.24073696
1159	low_pain	0.18330574	0.8024805	0.014213733
1160	no_pain	0.7369805	0.04830824	0.21471126
1161	no_pain	0.90358627	0.06562443	0.030789256
1162	no_pain	0.61398697	0.12281742	0.2631956
1163	no_pain	0.8823098	0.08931683	0.028373322
1164	high_pain	0.15059303	0.31625673	0.53315026
1165	no_pain	0.7115657	0.06869406	0.21974027
1166	low_pain	0.16701692	0.808706	0.02427711
1167	no_pain	0.9036628	0.06307015	0.033267096
1168	low_pain	0.17244868	0.6007616	0.22678971
1169	no_pain	0.59782684	0.034007818	0.36816534
1170	no_pain	0.9153968	0.059662174	0.02494103
1171	no_pain	0.8911201	0.051861722	0.05701824
1172	no_pain	0.85934126	0.116297886	0.024360849
1173	no_pain	0.80719024	0.04903351	0.14377628
1174	no_pain	0.55889755	0.38845474	0.052647687
1175	no_pain	0.75435954	0.16836223	0.07727823
1176	no_pain	0.8640993	0.08070393	0.05519682
1177	no_pain	0.9029707	0.075156555	0.02187275
1178	no_pain	0.61732095	0.05911857	0.32356048
1179	no_pain	0.49599808	0.37305528	0.1309466
1180	no_pain	0.89296067	0.06895415	0.03808528
1181	no_pain	0.9150647	0.05253315	0.03240213
1182	no_pain	0.7110046	0.046013676	0.24298167
1183	no_pain	0.9077858	0.05858158	0.03363265
1184	no_pain	0.7513596	0.08637838	0.16226205
1185	high_pain	0.025789242	0.28962713	0.6845836
1186	high_pain	0.15983553	0.02836835	0.81179607
1187	no_pain	0.86952364	0.10815952	0.022316817
1188	low_pain	0.39697608	0.55488235	0.048141573
1189	no_pain	0.90274477	0.060007595	0.03724765
1190	low_pain	0.3219977	0.65680504	0.02119728
1191	no_pain	0.8796691	0.07444693	0.045884006
1192	no_pain	0.9253462	0.053991575	0.02066229
1193	high_pain	0.30935782	0.039787803	0.65085435
1194	low_pain	0.2790929	0.7033237	0.017583352
1195	no_pain	0.8433582	0.05628673	0.100355044
1196	no_pain	0.78272235	0.19753793	0.01973972
1197	high_pain	0.034385115	0.21501191	0.750603
1198	no_pain	0.6377397	0.1962113	0.16604902
1199	no_pain	0.66487134	0.15642421	0.17870452
1200	no_pain	0.8998062	0.07490525	0.025288537
1201	no_pain	0.92270976	0.05169778	0.025592461
1202	high_pain	0.18227045	0.015153353	0.8025762
1203	no_pain	0.88081455	0.0972193	0.021966096
1204	no_pain	0.859224	0.08185561	0.058920313
1205	no_pain	0.8650287	0.049023114	0.08594822
1206	no_pain	0.8050749	0.14240234	0.0525228
1207	no_pain	0.8399609	0.1241581	0.035881113
1208	no_pain	0.62398416	0.33818388	0.037832025
1209	low_pain	0.030573407	0.9499362	0.019490367
1210	low_pain	0.26891327	0.71041834	0.020668376
1211	no_pain	0.43153137	0.20440502	0.3640636
1212	no_pain	0.6125244	0.03998361	0.34749204
1213	no_pain	0.9171299	0.057712696	0.025157472
1214	high_pain	0.4500393	0.03169031	0.51827043
1215	no_pain	0.7916225	0.05207348	0.15630403
1216	no_pain	0.9074896	0.070626125	0.021884289
1217	no_pain	0.7980937	0.11070305	0.09120332
1218	high_pain	0.44388738	0.029097732	0.52701485
1219	no_pain	0.9162941	0.051633485	0.032072403
1220	high_pain	0.43365803	0.032165173	0.5341768
1221	no_pain	0.84352285	0.08298715	0.073490046
1222	no_pain	0.51990116	0.04765767	0.43244117
1223	low_pain	0.057211816	0.9350813	0.0077068335
1224	no_pain	0.85126084	0.105409764	0.04332941
1225	no_pain	0.61731994	0.043395247	0.33928478
1226	low_pain	0.034188885	0.9331449	0.032666143
1227	no_pain	0.7600037	0.08775355	0.15224275
1228	no_pain	0.846948	0.12782285	0.025229145
1229	no_pain	0.8985534	0.07846287	0.02298377
1230	no_pain	0.8214137	0.13976087	0.038825426
1231	high_pain	0.10389783	0.30415517	0.59194696
1232	high_pain	0.2519613	0.019388672	0.72865003
1233	no_pain	0.88628566	0.0892925	0.024421804
1234	high_pain	0.02889886	0.17013334	0.8009678
1235	low_pain	0.14309312	0.6880169	0.16889
1236	high_pain	0.05483248	0.43678707	0.5083804
1237	high_pain	0.27411458	0.35665277	0.3692326
1238	low_pain	0.04019064	0.6362509	0.32355848
1239	no_pain	0.5846349	0.07732679	0.33803827
1240	high_pain	0.39113936	0.026232254	0.58262837
1241	high_pain	0.42001772	0.029442841	0.5505395
1242	no_pain	0.9040569	0.07034533	0.025597677
1243	no_pain	0.897714	0.055008255	0.047277723
1244	low_pain	0.1666383	0.6150314	0.21833026
1245	no_pain	0.8246865	0.06297829	0.112335205
1246	low_pain	0.09426884	0.89386547	0.011865674
1247	low_pain	0.18638822	0.62225807	0.19135372
1248	high_pain	0.39981145	0.029931162	0.57025737
1249	no_pain	0.62537533	0.048509523	0.3261152
1250	no_pain	0.8141874	0.050197907	0.13561466
1251	no_pain	0.9104783	0.054040503	0.035481196
1252	high_pain	0.016044986	0.018194426	0.9657606
1253	no_pain	0.85451096	0.103412375	0.04207666
1254	low_pain	0.03373309	0.88536185	0.080905035
1255	no_pain	0.6096358	0.046873882	0.3434903
1256	no_pain	0.9225012	0.05740627	0.020092469
1257	no_pain	0.47466025	0.094237365	0.43110237
1258	high_pain	0.47656184	0.043575905	0.4798623
1259	high_pain	0.41120878	0.06475501	0.5240363
1260	low_pain	0.046987128	0.9438046	0.009208189
1261	no_pain	0.8169409	0.10810153	0.074957564
1262	no_pain	0.67910707	0.043343484	0.27754942
1263	no_pain	0.7851058	0.05008466	0.16480947
1264	no_pain	0.84731007	0.055845637	0.09684435
1265	no_pain	0.92114174	0.05364296	0.025215317
1266	high_pain	0.45038873	0.057464816	0.49214643
1267	no_pain	0.70483977	0.05519571	0.23996453
1268	low_pain	0.2846617	0.6905453	0.024792934
1269	no_pain	0.8842081	0.0870657	0.028726194
1270	no_pain	0.8285696	0.084794775	0.08663556
1271	no_pain	0.90731496	0.058453362	0.034231666
1272	no_pain	0.9217715	0.054699957	0.02352851
1273	no_pain	0.85915244	0.048347533	0.09250005
1274	no_pain	0.61672825	0.15748233	0.2257894
1275	no_pain	0.9167191	0.05953502	0.023745924
1276	no_pain	0.7414115	0.22327316	0.03531533
1277	no_pain	0.81294936	0.16431978	0.022730801
1278	no_pain	0.90966606	0.057008784	0.03332513
1279	no_pain	0.48880386	0.47158867	0.039607495
1280	no_pain	0.890612	0.059086822	0.050301187
1281	no_pain	0.91151017	0.06780827	0.020681495
1282	high_pain	0.076279536	0.018815208	0.9049052
1283	no_pain	0.6554299	0.0469063	0.29766384
1284	no_pain	0.57567704	0.035307813	0.3890151
1285	no_pain	0.63513505	0.085961744	0.2789032
1286	no_pain	0.90501755	0.06703824	0.027944187
1287	no_pain	0.72063833	0.05670908	0.22265258
1288	high_pain	0.019744199	0.0061191027	0.9741367
1289	no_pain	0.8294113	0.1162328	0.054355882
1290	no_pain	0.8060279	0.058190864	0.13578124
1291	high_pain	0.4792748	0.031714544	0.48901066
1292	no_pain	0.88729	0.0877064	0.025003603
1293	high_pain	0.026780337	0.3974963	0.5757233
1294	high_pain	0.3313796	0.02321891	0.6454015
1295	low_pain	0.12845932	0.8434612	0.028079461
1296	no_pain	0.89441097	0.08071603	0.02487298
1297	high_pain	0.3965896	0.07340561	0.5300048
1298	no_pain	0.9186762	0.056591857	0.024731876
1299	no_pain	0.91018736	0.06690644	0.022906173
1300	no_pain	0.7108635	0.13387594	0.15526053
1301	no_pain	0.90392655	0.05278945	0.043284006
1302	no_pain	0.37985918	0.27733648	0.34280437
1303	no_pain	0.810588	0.14903599	0.04037603
1304	no_pain	0.86249745	0.050509334	0.0869932
1305	no_pain	0.832719	0.14299569	0.024285259
1306	no_pain	0.81521034	0.15073127	0.03405846
1307	no_pain	0.65030825	0.08266038	0.26703134
1308	no_pain	0.5512975	0.35617054	0.09253196
1309	low_pain	0.09830648	0.88545054	0.016242977
1310	no_pain	0.7820118	0.07603294	0.14195529
1311	high_pain	0.3417117	0.025859404	0.6324289
1312	no_pain	0.86252165	0.09058009	0.046898283
1313	no_pain	0.92955714	0.049189217	0.02125359
1314	no_pain	0.89139426	0.05950471	0.049101084
1315	low_pain	0.038863078	0.95609105	0.0050458545
1316	no_pain	0.7577412	0.055192582	0.18706617
1317	no_pain	0.86697835	0.10672581	0.026295831
1318	low_pain	0.119197585	0.85709935	0.023703115
1319	high_pain	0.4695158	0.05637185	0.47411233
1320	high_pain	0.38421535	0.033694115	0.5820905
1321	no_pain	0.74931484	0.21138413	0.03930105
1322	no_pain	0.89208066	0.085997924	0.02192134
1323	no_pain	0.71861947	0.05833603	0.22304459
