sample_index	label	no_pain	low_pain	high_pain
000	no_pain	0.99613255	0.0023529897	0.0015144375
001	no_pain	0.9978709	0.001126557	0.0010025247
002	no_pain	0.9920554	0.0043309466	0.003613602
003	no_pain	0.9942132	0.0030391554	0.0027476011
004	no_pain	0.97499424	0.018066078	0.0069396817
005	high_pain	0.35729986	0.13967283	0.5030273
006	no_pain	0.9630561	0.024613913	0.01233
007	no_pain	0.9937666	0.0041521206	0.0020812892
008	no_pain	0.99098647	0.0050043464	0.0040091844
009	no_pain	0.9966431	0.0020128004	0.0013440957
010	no_pain	0.9468609	0.044997666	0.008141415
011	no_pain	0.94340354	0.043759946	0.012836539
012	no_pain	0.9976317	0.0013245346	0.0010437281
013	no_pain	0.99692476	0.0016320819	0.0014431791
014	no_pain	0.9977097	0.0011785042	0.0011118281
015	no_pain	0.97104645	0.019318145	0.009635414
016	low_pain	0.00011829985	0.998538	0.0013436651
017	no_pain	0.9588374	0.030319931	0.0108427275
018	low_pain	0.00047735227	0.98989445	0.009628148
019	no_pain	0.9818873	0.012194966	0.005917757
020	no_pain	0.9959315	0.0023000815	0.0017683844
021	no_pain	0.9951004	0.0026958361	0.0022037975
022	no_pain	0.8985433	0.07276333	0.028693391
023	low_pain	0.00014858088	0.99799365	0.0018577164
024	no_pain	0.9464975	0.038258757	0.015243729
025	no_pain	0.68800604	0.2905741	0.021419866
026	low_pain	0.00014132864	0.9982298	0.001628899
027	no_pain	0.8222733	0.15375216	0.023974517
028	no_pain	0.99531496	0.0029845603	0.0017004947
029	no_pain	0.99764234	0.0013261642	0.0010315219
030	no_pain	0.9935479	0.004101273	0.002350808
031	no_pain	0.99652576	0.001988368	0.0014858105
032	no_pain	0.99759513	0.0013283169	0.0010765976
033	low_pain	0.21632017	0.7703318	0.013348061
034	no_pain	0.99733114	0.0015277024	0.0011411498
035	no_pain	0.9969204	0.0018087828	0.0012709043
036	low_pain	0.00014493705	0.9980478	0.0018072568
037	no_pain	0.914402	0.06410801	0.021489954
038	no_pain	0.9864054	0.002764797	0.010829829
039	no_pain	0.9969522	0.0017583569	0.0012894857
040	no_pain	0.94156355	0.042657558	0.015778903
041	low_pain	0.00023994672	0.99723065	0.0025293736
042	low_pain	0.00024782628	0.99563366	0.004118509
043	low_pain	0.0019366535	0.99415493	0.0039083674
044	low_pain	0.19865833	0.77391154	0.027430147
045	high_pain	0.1836513	0.14761867	0.66872996
046	high_pain	0.009880046	0.020812793	0.9693071
047	no_pain	0.9907776	0.0064203995	0.0028019808
048	no_pain	0.99740875	0.0012899637	0.0013013014
049	high_pain	0.006478517	0.024432821	0.9690886
050	no_pain	0.94672626	0.036035955	0.017237823
051	no_pain	0.994758	0.0028466524	0.0023953693
052	low_pain	0.00025512587	0.99713236	0.0026125286
053	low_pain	0.41565207	0.5616426	0.022705378
054	no_pain	0.77845544	0.2021856	0.019358935
055	no_pain	0.984109	0.009965648	0.005925356
056	no_pain	0.96743375	0.025946485	0.0066197575
057	no_pain	0.9868263	0.0082942005	0.004879529
058	no_pain	0.9975466	0.0013194509	0.0011339206
059	no_pain	0.9986057	0.0006943432	0.0006999401
060	no_pain	0.92591625	0.054626253	0.01945751
061	no_pain	0.99664986	0.0019112221	0.0014388568
062	no_pain	0.9972704	0.0015109072	0.0012187354
063	no_pain	0.99819136	0.00095376093	0.0008548868
064	no_pain	0.9882752	0.007710514	0.004014285
065	no_pain	0.92754185	0.040470786	0.031987328
066	no_pain	0.98426384	0.010777867	0.0049582827
067	no_pain	0.99729437	0.001519142	0.0011865249
068	no_pain	0.90373707	0.071633115	0.024629831
069	no_pain	0.9973421	0.0014394678	0.0012184595
070	no_pain	0.99579287	0.0026324994	0.0015746125
071	low_pain	0.0010726518	0.9926448	0.006282587
072	no_pain	0.96743923	0.02487387	0.007686847
073	no_pain	0.9534615	0.03219204	0.0143464375
074	no_pain	0.9941424	0.0034233774	0.0024342083
075	no_pain	0.99590045	0.0024812312	0.0016183276
076	no_pain	0.9981803	0.00091774587	0.0009019634
077	no_pain	0.89652723	0.088876896	0.014595917
078	no_pain	0.9972987	0.0015703875	0.0011309071
079	no_pain	0.99779236	0.0012029317	0.0010047177
080	no_pain	0.93588006	0.006934198	0.057185803
081	high_pain	0.1042581	0.2253314	0.6704105
082	high_pain	0.010879075	0.019777894	0.96934307
083	no_pain	0.98505676	0.010259816	0.0046834867
084	no_pain	0.99908715	0.00040196464	0.0005109056
085	no_pain	0.99774826	0.0012492535	0.0010024871
086	no_pain	0.83014566	0.15282145	0.017032903
087	low_pain	0.13659215	0.8536249	0.009782954
088	no_pain	0.9976407	0.001370194	0.0009890966
089	no_pain	0.99891275	0.0004673026	0.0006199739
090	no_pain	0.95417315	0.031513926	0.014312954
091	no_pain	0.99239635	0.0051586675	0.0024450214
092	no_pain	0.9874328	0.009424957	0.0031423217
093	low_pain	0.11202288	0.87678754	0.011189596
094	no_pain	0.75749195	0.22219992	0.020308094
095	no_pain	0.9095816	0.07738344	0.013034955
096	no_pain	0.99822277	0.00093823444	0.00083901256
097	high_pain	0.15049769	0.008288474	0.8412138
098	high_pain	0.046117272	0.06799974	0.885883
099	low_pain	0.0016691933	0.98990536	0.0084254285
100	no_pain	0.9967008	0.0018879763	0.0014111897
101	no_pain	0.9735999	0.020811008	0.0055891243
102	low_pain	0.00026118904	0.99707955	0.002659216
103	low_pain	0.14237715	0.8553974	0.0022254249
104	no_pain	0.88984984	0.09082238	0.019327713
105	no_pain	0.93580216	0.03584787	0.02834994
106	high_pain	0.29381013	0.08739916	0.61879075
107	no_pain	0.9983874	0.0007872752	0.00082530855
108	no_pain	0.998311	0.00085080636	0.0008382027
109	no_pain	0.9962439	0.002128966	0.0016271061
110	no_pain	0.99730957	0.0015913405	0.0010991088
111	no_pain	0.97748137	0.017183019	0.0053355834
112	no_pain	0.99409515	0.0023027405	0.0036021173
113	no_pain	0.9948259	0.0032018598	0.0019722143
114	no_pain	0.9975756	0.0013152059	0.0011092034
115	no_pain	0.9640334	0.018806506	0.017160112
116	no_pain	0.94645005	0.040079873	0.013470109
117	high_pain	0.007839707	0.010535353	0.98162496
118	high_pain	0.17135727	0.015434174	0.8132086
119	no_pain	0.99461216	0.0033921746	0.0019956504
120	no_pain	0.99362123	0.0033880635	0.002990724
121	no_pain	0.9947863	0.0034847453	0.0017289112
122	no_pain	0.97055817	0.020752594	0.008689233
123	no_pain	0.99841887	0.00083048426	0.0007506348
124	high_pain	0.2713802	0.045407932	0.68321186
125	no_pain	0.99338776	0.0041218055	0.0024903517
126	no_pain	0.99838406	0.0008317676	0.00078420195
127	no_pain	0.99800736	0.0010620478	0.00093058747
128	no_pain	0.99560314	0.0026171368	0.0017796728
129	no_pain	0.99837714	0.000843556	0.00077937497
130	no_pain	0.9899983	0.0071781916	0.0028235377
131	no_pain	0.98084414	0.015011831	0.0041440045
132	no_pain	0.99631554	0.002246432	0.0014379934
133	no_pain	0.86286074	0.12161541	0.015523815
134	no_pain	0.8043939	0.17457159	0.02103447
135	no_pain	0.99398756	0.003533386	0.0024790748
136	low_pain	0.00013394024	0.9981117	0.0017542818
137	high_pain	0.10802753	0.055956338	0.8360161
138	no_pain	0.9976745	0.0012481774	0.0010772726
139	no_pain	0.85727227	0.13805409	0.004673633
140	no_pain	0.98965174	0.005867983	0.0044802716
141	no_pain	0.9950957	0.0031798559	0.0017245415
142	no_pain	0.99454415	0.0028716663	0.0025841806
143	no_pain	0.98518956	0.009607875	0.0052025723
144	no_pain	0.9616607	0.020534264	0.01780511
145	no_pain	0.99879605	0.000575044	0.0006289172
146	low_pain	0.0007622298	0.99474233	0.004495477
147	no_pain	0.9931225	0.004149811	0.0027277167
148	low_pain	0.00018166286	0.99751896	0.002299387
149	no_pain	0.97959125	0.015384815	0.005023971
150	no_pain	0.9937882	0.0034484325	0.0027634066
151	no_pain	0.996559	0.0018194466	0.0016215218
152	no_pain	0.8387416	0.14139901	0.019859424
153	no_pain	0.99751383	0.001406163	0.0010800145
154	no_pain	0.99561447	0.0022733316	0.0021121248
155	no_pain	0.9896673	0.0060689026	0.004263808
156	no_pain	0.97544587	0.015531453	0.009022628
157	no_pain	0.99738497	0.0014063882	0.0012086671
158	no_pain	0.9965505	0.0020392644	0.0014102448
159	no_pain	0.98408705	0.0083586825	0.0075542927
160	low_pain	0.27976686	0.7083027	0.01193043
161	no_pain	0.99801	0.0009784277	0.0010116043
162	no_pain	0.99524254	0.0025078326	0.0022496725
163	no_pain	0.98657864	0.008000304	0.005421034
164	no_pain	0.9974097	0.0014154174	0.0011748426
165	low_pain	0.00082242565	0.98706245	0.012115116
166	no_pain	0.99738926	0.0013366283	0.0012741416
167	no_pain	0.9925855	0.0047882413	0.0026262607
168	no_pain	0.8816152	0.0038004597	0.11458431
169	no_pain	0.9984239	0.0008073219	0.0007688516
170	low_pain	0.047322012	0.826039	0.12663896
171	low_pain	0.00055022555	0.9941093	0.0053404896
172	no_pain	0.99737173	0.0014465523	0.0011817405
173	no_pain	0.9985056	0.00064470404	0.0008497103
174	no_pain	0.99547064	0.0026223974	0.0019069248
175	low_pain	0.00024742566	0.99631125	0.0034413193
176	no_pain	0.9871612	0.008324444	0.0045143417
177	no_pain	0.99226654	0.0051215515	0.0026119638
178	no_pain	0.9972348	0.0015758637	0.0011893718
179	no_pain	0.99697304	0.0017358267	0.0012910897
180	no_pain	0.99472743	0.0030701403	0.0022024822
181	no_pain	0.9750852	0.01782855	0.007086261
182	no_pain	0.9926766	0.0044379407	0.0028854776
183	no_pain	0.7165623	0.25910026	0.024337461
184	no_pain	0.9915103	0.0051259096	0.003363864
185	no_pain	0.99742717	0.0013025837	0.0012702403
186	high_pain	0.011591912	0.015766349	0.97264177
187	no_pain	0.9970365	0.0016856978	0.0012777596
188	no_pain	0.9534331	0.028287295	0.018279592
189	high_pain	0.009318744	0.06410806	0.9265732
190	no_pain	0.8292962	0.15172437	0.018979479
191	high_pain	0.23215449	0.04849595	0.71934956
192	no_pain	0.99458027	0.0031482999	0.0022714634
193	no_pain	0.9965276	0.0019015203	0.0015708458
194	no_pain	0.9887477	0.008212469	0.0030397868
195	no_pain	0.9799143	0.014880346	0.0052052895
196	no_pain	0.8107902	0.16270415	0.02650559
197	no_pain	0.57754886	0.41129786	0.011153321
198	low_pain	0.00017700503	0.99757344	0.0022495352
199	no_pain	0.99412435	0.0031367063	0.0027389377
200	no_pain	0.9954771	0.0025338812	0.0019890799
201	high_pain	0.008275944	0.047360875	0.9443632
202	low_pain	0.00013178606	0.99810016	0.0017680964
203	low_pain	0.00029457177	0.99705887	0.002646571
204	no_pain	0.9932819	0.0045128143	0.002205228
205	no_pain	0.9959957	0.0020975773	0.0019067208
206	low_pain	0.0047728284	0.9896434	0.005583758
207	no_pain	0.96648633	0.024709564	0.0088041
208	no_pain	0.95804685	0.031956136	0.009997056
209	no_pain	0.998529	0.00078045705	0.0006904791
210	no_pain	0.9913772	0.0047482764	0.0038745918
211	no_pain	0.9968376	0.0019028317	0.0012595514
212	no_pain	0.9953503	0.0026643414	0.0019853525
213	no_pain	0.9949116	0.003265929	0.0018224759
214	low_pain	0.0001341343	0.998413	0.0014528657
215	no_pain	0.99732	0.0015483217	0.0011317322
216	no_pain	0.96652174	0.024845093	0.008633121
217	no_pain	0.9973932	0.0014435457	0.0011632589
218	no_pain	0.99608815	0.0019964764	0.0019153655
219	no_pain	0.9770776	0.016688788	0.006233623
220	low_pain	0.00032676192	0.9965973	0.0030759245
221	no_pain	0.9044933	0.08068	0.014826724
222	low_pain	0.00029402724	0.9966579	0.0030480227
223	no_pain	0.8331676	0.15093632	0.015896086
224	no_pain	0.99470437	0.0027300045	0.0025656607
225	no_pain	0.9944138	0.0037159622	0.0018702147
226	no_pain	0.80492306	0.07951338	0.11556357
227	no_pain	0.98480695	0.010914505	0.00427851
228	no_pain	0.9981962	0.00089951936	0.0009043292
229	no_pain	0.9858178	0.009405245	0.00477694
230	no_pain	0.9980628	0.0010617283	0.00087549444
231	no_pain	0.99534285	0.0026451934	0.0020119485
232	no_pain	0.99349743	0.004253559	0.0022490418
233	no_pain	0.9944216	0.0030182232	0.0025601673
234	no_pain	0.99658424	0.0019332253	0.0014825527
235	no_pain	0.9910876	0.0054867333	0.0034256221
236	no_pain	0.96443164	0.026117772	0.009450615
237	no_pain	0.9974004	0.0013184829	0.0012811209
238	low_pain	0.00017494975	0.9972807	0.0025443477
239	no_pain	0.9975575	0.0012449455	0.0011976098
240	no_pain	0.9895428	0.006576178	0.003881099
241	no_pain	0.9265674	0.06121954	0.012213173
242	no_pain	0.99606854	0.0022796195	0.0016518492
243	no_pain	0.99730027	0.0015483195	0.0011514229
244	no_pain	0.66945827	0.30795684	0.02258488
245	no_pain	0.9889145	0.008075231	0.0030102956
246	no_pain	0.83226985	0.14296624	0.024763858
247	no_pain	0.99760324	0.0011580212	0.0012387697
248	no_pain	0.9958225	0.0022059877	0.0019714807
249	no_pain	0.99257755	0.0050285123	0.0023939705
250	no_pain	0.9966898	0.0018296338	0.0014805527
251	low_pain	0.00018381128	0.9969512	0.002864945
252	no_pain	0.997692	0.0012959186	0.0010121492
253	no_pain	0.9985699	0.0007200184	0.00071011565
254	no_pain	0.9904755	0.0059371726	0.0035873894
255	no_pain	0.99055374	0.0053900927	0.0040561897
256	no_pain	0.99589264	0.002349176	0.0017581478
257	high_pain	0.3899531	0.010138206	0.5999087
258	no_pain	0.8571745	0.113029435	0.029796055
259	no_pain	0.9967575	0.0016267338	0.0016157367
260	no_pain	0.9966933	0.0018827616	0.0014239111
261	high_pain	0.00834608	0.012642917	0.979011
262	no_pain	0.9969638	0.0015384667	0.001497819
263	no_pain	0.99823564	0.00089400855	0.0008703594
264	no_pain	0.9968208	0.0016363218	0.0015429177
265	no_pain	0.9953476	0.002684408	0.0019679365
266	high_pain	0.008811039	0.37101296	0.620176
267	no_pain	0.982701	0.013366714	0.003932231
268	high_pain	0.20858218	0.09179341	0.6996244
269	no_pain	0.98489463	0.0077767307	0.0073286635
270	low_pain	0.0003669577	0.9927033	0.006929737
271	no_pain	0.9379998	0.051212255	0.010787916
272	low_pain	0.00012471233	0.9984355	0.0014397906
273	low_pain	0.0022151514	0.9931685	0.0046163546
274	no_pain	0.9976309	0.0011872656	0.0011818325
275	no_pain	0.9971234	0.0013506688	0.0015258656
276	no_pain	0.88523877	0.09798305	0.016778195
277	no_pain	0.99563235	0.0014336035	0.0029340698
278	no_pain	0.99697083	0.0017319781	0.0012971194
279	no_pain	0.76885027	0.21229878	0.018850956
280	no_pain	0.8506754	0.12789051	0.021434035
281	no_pain	0.9983684	0.0007957571	0.00083580706
282	no_pain	0.98983127	0.0070061693	0.0031625081
283	no_pain	0.99575335	0.002245177	0.00200145
284	no_pain	0.98410183	0.012229636	0.0036685131
285	no_pain	0.98755103	0.009206262	0.0032427316
286	no_pain	0.9858745	0.010562324	0.00356327
287	low_pain	0.00022949101	0.99675983	0.00301072
288	no_pain	0.9988741	0.00052004354	0.00060582947
289	no_pain	0.9985625	0.0007174398	0.000720085
290	no_pain	0.9684407	0.023363976	0.008195307
291	low_pain	0.000113764014	0.99854326	0.0013430106
292	no_pain	0.9815963	0.012186791	0.0062169204
293	no_pain	0.9803568	0.015409199	0.0042339703
294	low_pain	0.00029124622	0.99703854	0.0026701472
295	no_pain	0.9901611	0.007206426	0.0026324412
296	no_pain	0.9942506	0.003338471	0.0024109469
297	no_pain	0.9963923	0.001993214	0.0016144414
298	no_pain	0.99798876	0.0010322548	0.0009790052
299	no_pain	0.993015	0.003547421	0.0034375598
300	low_pain	0.0006901825	0.9841121	0.015197746
301	no_pain	0.9929341	0.0049376595	0.0021282716
302	low_pain	0.00021388188	0.9961373	0.0036487393
303	no_pain	0.9954544	0.0027977787	0.0017478651
304	no_pain	0.99516547	0.0029646927	0.0018698432
305	no_pain	0.99807733	0.0009219056	0.0010007548
306	no_pain	0.94768924	0.041591283	0.010719429
307	no_pain	0.9865192	0.009036839	0.0044439514
308	low_pain	0.0043881987	0.9521612	0.043450635
309	no_pain	0.9983838	0.000848494	0.000767674
310	no_pain	0.9953193	0.0026974198	0.0019832826
311	no_pain	0.9965712	0.0020521856	0.0013766511
312	no_pain	0.99629223	0.0018974008	0.0018103042
313	no_pain	0.9947363	0.003110071	0.0021535805
314	no_pain	0.9969982	0.0017382008	0.0012635995
315	no_pain	0.9620098	0.029266736	0.008723518
316	no_pain	0.9964839	0.001905985	0.001610066
317	no_pain	0.9270476	0.059164826	0.013787629
318	no_pain	0.99877554	0.00059563544	0.0006288259
319	high_pain	0.00883208	0.019094301	0.9720736
320	no_pain	0.9854011	0.00999905	0.004599887
321	low_pain	0.00037548432	0.99623543	0.0033890794
322	low_pain	0.00012874985	0.99836206	0.0015092005
323	no_pain	0.9981527	0.0008689784	0.0009783633
324	no_pain	0.99578	0.0026544996	0.0015654777
325	low_pain	0.0046514585	0.9881483	0.007200251
326	high_pain	0.25591218	0.070812695	0.6732751
327	no_pain	0.99751186	0.0013550032	0.0011331562
328	no_pain	0.9934202	0.0043899915	0.002189877
329	no_pain	0.9838508	0.012066153	0.0040831156
330	low_pain	0.0026922524	0.7338043	0.26350343
331	no_pain	0.9923544	0.0045263316	0.003119301
332	no_pain	0.996949	0.0017362685	0.001314751
333	no_pain	0.9987377	0.0005988196	0.0006635006
334	high_pain	0.3379922	0.09935689	0.5626509
335	no_pain	0.99764043	0.0012614046	0.0010981812
336	no_pain	0.9951071	0.0027503439	0.002142561
337	no_pain	0.997137	0.0015691407	0.0012938699
338	no_pain	0.99476063	0.0025983532	0.002641016
339	no_pain	0.9984662	0.0007623083	0.0007715242
340	low_pain	0.000181007	0.9978611	0.0019578345
341	no_pain	0.9974871	0.0014125806	0.0011003058
342	no_pain	0.9972043	0.0013079885	0.0014877112
343	no_pain	0.9823063	0.013188631	0.0045050904
344	no_pain	0.9949277	0.003110903	0.0019614422
345	no_pain	0.9807685	0.01321124	0.0060203183
346	low_pain	0.063301414	0.9004112	0.036287397
347	no_pain	0.9976581	0.0012807436	0.0010612172
348	no_pain	0.9976813	0.0011542459	0.0011644146
349	no_pain	0.9976276	0.0012690893	0.001103295
350	no_pain	0.9792817	0.01250277	0.008215455
351	no_pain	0.9842772	0.010776283	0.0049465448
352	low_pain	0.00011097834	0.9986104	0.0012786695
353	no_pain	0.99230754	0.0050325235	0.0026599572
354	no_pain	0.9965229	0.0019974438	0.0014796568
355	no_pain	0.80051696	0.17688067	0.02260241
356	no_pain	0.9933771	0.0040049935	0.0026179312
357	no_pain	0.997474	0.0014048305	0.0011211599
358	no_pain	0.9894007	0.0070214025	0.0035779183
359	no_pain	0.9869646	0.00686058	0.0061748405
360	no_pain	0.99644196	0.0020765632	0.0014814372
361	no_pain	0.9980866	0.00088677276	0.0010266502
362	no_pain	0.97038317	0.01914064	0.010476192
363	no_pain	0.9962678	0.0021047434	0.0016274157
364	no_pain	0.996212	0.0020444605	0.001743541
365	no_pain	0.996611	0.0017771613	0.0016119009
366	no_pain	0.94691837	0.043263238	0.009818457
367	no_pain	0.9971754	0.0016175499	0.001207009
368	no_pain	0.99760324	0.0013248117	0.001071951
369	no_pain	0.95246655	0.037125133	0.010408332
370	no_pain	0.9974655	0.0014054967	0.0011290219
371	low_pain	0.00046485948	0.9898902	0.009644872
372	low_pain	0.00019668181	0.99653846	0.003264876
373	low_pain	0.0011285904	0.99289435	0.005977017
374	no_pain	0.99701136	0.0017231227	0.001265512
375	low_pain	0.0001278709	0.99816686	0.0017053151
376	no_pain	0.99620616	0.0018690831	0.0019247809
377	no_pain	0.9703166	0.021510499	0.008172852
378	no_pain	0.9958624	0.002332886	0.0018046811
379	low_pain	0.00087199814	0.97266215	0.0264658
380	no_pain	0.9965188	0.002104841	0.0013763458
381	low_pain	0.00093301246	0.99112284	0.007944106
382	no_pain	0.99478424	0.0033693481	0.0018463859
383	no_pain	0.8548705	0.12727736	0.017852098
384	no_pain	0.9957245	0.0024272841	0.0018482811
385	no_pain	0.95919555	0.028158376	0.012646045
386	no_pain	0.8525839	0.006555322	0.14086084
387	no_pain	0.98951614	0.007398111	0.0030857776
388	no_pain	0.78412384	0.18744898	0.0284272
389	no_pain	0.99222916	0.004840157	0.0029306952
390	no_pain	0.99291784	0.0038381873	0.003244007
391	no_pain	0.99794203	0.0010692264	0.0009887163
392	low_pain	0.00020781042	0.997035	0.0027571234
393	no_pain	0.99693537	0.0015649607	0.0014996554
394	no_pain	0.9966807	0.0019622236	0.0013571187
395	no_pain	0.8894153	0.091279864	0.019304782
396	no_pain	0.99779284	0.0012228361	0.0009843556
397	no_pain	0.99516076	0.0028172124	0.0020220052
398	low_pain	0.015802553	0.9711546	0.013042858
399	low_pain	0.00029992306	0.9943563	0.0053438134
400	no_pain	0.71138424	0.2834126	0.0052031805
401	low_pain	0.0055466755	0.9876491	0.0068041766
402	no_pain	0.851345	0.13223729	0.01641774
403	no_pain	0.91762763	0.059698395	0.022673963
404	no_pain	0.98846513	0.0076564467	0.0038784833
405	no_pain	0.9785872	0.013677209	0.007735542
406	no_pain	0.99579436	0.0023765143	0.001829113
407	low_pain	0.00085642893	0.9943858	0.0047577904
408	no_pain	0.99730474	0.0015628118	0.0011324699
409	no_pain	0.9986885	0.00065093255	0.00066054414
410	no_pain	0.9943436	0.0030356967	0.0026207478
411	no_pain	0.99734724	0.0013571486	0.0012955994
412	no_pain	0.99664986	0.0019627456	0.0013873542
413	low_pain	0.014502635	0.97745955	0.008037774
414	low_pain	0.0005312916	0.9948111	0.0046575726
415	no_pain	0.97720206	0.01598272	0.006815174
416	low_pain	0.00017987101	0.99718845	0.0026317264
417	no_pain	0.99799615	0.0010725785	0.0009313202
418	low_pain	0.00012634532	0.9981965	0.0016771994
419	no_pain	0.99717134	0.0014162179	0.0014124167
420	no_pain	0.9859196	0.009349707	0.004730704
421	high_pain	0.009547184	0.03292384	0.95752895
422	no_pain	0.5018997	0.43916178	0.058938503
423	no_pain	0.99771684	0.0012301259	0.0010530592
424	no_pain	0.998305	0.0008672996	0.00082761387
425	no_pain	0.9850091	0.0073504555	0.007640537
426	low_pain	0.0001303732	0.99839884	0.0014707578
427	high_pain	0.042399053	0.087955594	0.8696454
428	no_pain	0.6911879	0.058681734	0.25013036
429	no_pain	0.8927465	0.010704274	0.09654917
430	no_pain	0.8634652	0.12050507	0.016029734
431	no_pain	0.7514282	0.2325453	0.016026488
432	no_pain	0.9939709	0.003517789	0.0025113265
433	no_pain	0.97819316	0.013484774	0.008322078
434	no_pain	0.93942064	0.043782037	0.016797299
435	no_pain	0.997756	0.0012168249	0.001027169
436	no_pain	0.9643017	0.02368924	0.012009048
437	no_pain	0.89241326	0.078113206	0.029473504
438	no_pain	0.9974724	0.0014278374	0.0010997334
439	no_pain	0.99377996	0.004153697	0.0020663724
440	no_pain	0.99865097	0.0006577462	0.00069127145
441	no_pain	0.9963977	0.0020676802	0.0015345941
442	no_pain	0.9955455	0.0027934352	0.0016610902
443	no_pain	0.9974106	0.0014736596	0.0011157534
444	no_pain	0.9941007	0.003606831	0.0022924873
445	no_pain	0.9971843	0.001566071	0.0012496477
446	no_pain	0.9968515	0.0017003199	0.0014481348
447	no_pain	0.9762386	0.017653445	0.006107986
448	no_pain	0.9350399	0.05227586	0.012684269
449	no_pain	0.9961027	0.0021167218	0.0017805967
450	low_pain	0.0004583385	0.9900915	0.00945015
451	no_pain	0.99426967	0.0030260526	0.0027043049
452	no_pain	0.94524133	0.03786475	0.01689389
453	no_pain	0.99593514	0.0022094348	0.001855417
454	high_pain	0.00644878	0.047296293	0.9462549
455	no_pain	0.9972042	0.0013069996	0.0014888296
456	no_pain	0.9987459	0.000616502	0.00063762453
457	no_pain	0.9675641	0.023941427	0.008494495
458	no_pain	0.9975558	0.0013415598	0.0011026238
459	no_pain	0.99679816	0.0018101033	0.001391701
460	no_pain	0.93022805	0.048098274	0.0216737
461	no_pain	0.9812856	0.013645294	0.0050691557
462	low_pain	0.00016198993	0.99750984	0.002328178
463	no_pain	0.92535526	0.050567843	0.024076927
464	no_pain	0.994232	0.003173374	0.0025946195
465	high_pain	0.0060249367	0.05733376	0.9366413
466	no_pain	0.9944434	0.003148494	0.0024080942
467	no_pain	0.99805576	0.0010290049	0.00091527443
468	no_pain	0.99676555	0.0019081531	0.0013262973
469	no_pain	0.99824333	0.0008825186	0.0008741904
470	no_pain	0.98988533	0.006355181	0.00375952
471	no_pain	0.9602009	0.02415126	0.015647803
472	no_pain	0.99203426	0.004699307	0.0032664535
473	no_pain	0.9690415	0.021981673	0.008976795
474	no_pain	0.9974259	0.0012710539	0.0013030755
475	low_pain	0.0004139508	0.99148935	0.008096702
476	low_pain	0.27421927	0.7030002	0.022780543
477	no_pain	0.9984293	0.00076484185	0.00080583023
478	high_pain	0.012576193	0.049504917	0.93791884
479	no_pain	0.9925175	0.002390076	0.0050924374
480	no_pain	0.99575764	0.0023900864	0.0018522196
481	no_pain	0.997449	0.0014589393	0.0010920807
482	no_pain	0.9952483	0.0027486454	0.002003072
483	low_pain	0.0006776964	0.9842526	0.015069721
484	no_pain	0.9968997	0.0018127052	0.0012875481
485	no_pain	0.99824435	0.0008477611	0.0009078461
486	no_pain	0.9976667	0.0013010652	0.0010322352
487	no_pain	0.96166146	0.026819179	0.011519394
488	no_pain	0.888303	0.089092	0.022604989
489	low_pain	0.00054078613	0.99563867	0.003820584
490	low_pain	0.00019181064	0.99772656	0.0020815681
491	no_pain	0.9973981	0.0014697007	0.0011321539
492	no_pain	0.5157211	0.020026753	0.46425217
493	no_pain	0.9760361	0.015393941	0.008570001
494	no_pain	0.57142264	0.4236788	0.0048985695
495	no_pain	0.7403305	0.23633023	0.023339277
496	no_pain	0.9959547	0.0021608442	0.0018844368
497	no_pain	0.9028239	0.080045424	0.017130652
498	no_pain	0.99830204	0.000894076	0.00080388703
499	no_pain	0.9124077	0.06479094	0.022801396
500	no_pain	0.93899125	0.04889465	0.012114072
501	no_pain	0.96222144	0.02690917	0.010869437
502	no_pain	0.99173003	0.00589651	0.002373432
503	no_pain	0.99860907	0.0006851512	0.00070575386
504	no_pain	0.9980052	0.0010628573	0.0009319798
505	no_pain	0.9970069	0.0016665392	0.0013265599
506	no_pain	0.9979158	0.0011492728	0.0009349125
507	no_pain	0.9978673	0.0009112317	0.0012214807
508	low_pain	0.0005564434	0.9865468	0.012896803
509	no_pain	0.99783313	0.0011851413	0.0009817312
510	low_pain	0.00013366825	0.99830973	0.0015565797
511	no_pain	0.7404059	0.21509667	0.0444974
512	no_pain	0.99812204	0.001007805	0.00087013625
513	no_pain	0.9950612	0.002880356	0.0020584574
514	no_pain	0.9983292	0.0007889485	0.00088175194
515	no_pain	0.94050515	0.04068815	0.018806636
516	low_pain	0.38474774	0.5794517	0.035800584
517	no_pain	0.98844796	0.008055951	0.0034961274
518	no_pain	0.95160216	0.036587	0.011810832
519	no_pain	0.99511343	0.0028299876	0.0020565707
520	no_pain	0.9764262	0.016624171	0.006949667
521	no_pain	0.89763564	0.08107324	0.02129112
522	no_pain	0.9961543	0.0022088727	0.0016367988
523	no_pain	0.9368118	0.044572353	0.018615888
524	no_pain	0.9732214	0.019724863	0.0070537184
525	no_pain	0.98962057	0.0064422158	0.003937188
526	no_pain	0.9977774	0.0010949925	0.0011276162
527	no_pain	0.99715275	0.001611117	0.0012361612
528	no_pain	0.99594223	0.0024741893	0.0015835882
529	low_pain	0.00011973248	0.9984973	0.0013829732
530	no_pain	0.99613506	0.0023348944	0.0015300432
531	low_pain	0.0009093227	0.9942561	0.004834549
532	high_pain	0.3472646	0.028386759	0.62434864
533	high_pain	0.1667006	0.0478305	0.78546894
534	low_pain	0.008697276	0.76644385	0.22485887
535	no_pain	0.9830412	0.01112555	0.0058332076
536	low_pain	0.00056309503	0.9855415	0.013895384
537	no_pain	0.9973324	0.0013642589	0.0013033373
538	no_pain	0.99743617	0.0014419283	0.0011218768
539	no_pain	0.98853034	0.0077831266	0.003686491
540	low_pain	0.00021082062	0.99766093	0.002128229
541	no_pain	0.9970394	0.0016565053	0.0013041435
542	no_pain	0.96645737	0.026684484	0.0068581295
543	no_pain	0.9342381	0.050925013	0.014836872
544	low_pain	0.0001293223	0.9983935	0.0014771915
545	no_pain	0.8638201	0.10098766	0.035192266
546	no_pain	0.9883172	0.0070816875	0.0046010586
547	no_pain	0.67946607	0.27488327	0.045650687
548	no_pain	0.99721396	0.0013262832	0.0014597491
549	low_pain	0.010565475	0.6209725	0.36846203
550	low_pain	0.000727558	0.9709764	0.028295983
551	no_pain	0.99579036	0.002359737	0.0018498991
552	no_pain	0.98726624	0.0091714505	0.0035622695
553	no_pain	0.99701065	0.0014677438	0.0015216068
554	no_pain	0.9978794	0.0011462563	0.0009743563
555	no_pain	0.99733305	0.001341189	0.0013257273
556	no_pain	0.99622005	0.0019173657	0.001862503
557	no_pain	0.9982453	0.0008628816	0.0008917974
558	low_pain	0.0001504226	0.9979535	0.001896117
559	no_pain	0.99558747	0.0024945426	0.0019179677
560	low_pain	0.00013561411	0.998318	0.0015463864
561	no_pain	0.6731254	0.30541563	0.02145893
562	no_pain	0.453163	0.18732883	0.35950822
563	no_pain	0.9942146	0.003317775	0.0024675939
564	no_pain	0.9966761	0.0019637675	0.0013601416
565	low_pain	0.00017437471	0.99708843	0.0027371666
566	no_pain	0.99837124	0.0007925146	0.0008362026
567	no_pain	0.930833	0.05990981	0.009257178
568	no_pain	0.9917602	0.0056584994	0.002581375
569	no_pain	0.985933	0.003399964	0.010667005
570	low_pain	0.16006969	0.8011379	0.038792405
571	no_pain	0.9937754	0.0042527276	0.0019718537
572	no_pain	0.9977327	0.0012154756	0.0010518663
573	no_pain	0.9393009	0.047868583	0.012830547
574	no_pain	0.99772024	0.0011538818	0.0011258324
575	no_pain	0.97952425	0.01608488	0.004390855
576	no_pain	0.99811476	0.0009773971	0.00090776116
577	low_pain	0.00015066992	0.9979793	0.0018700195
578	no_pain	0.9966974	0.0019460338	0.0013565499
579	no_pain	0.997276	0.00142354	0.0013004454
580	low_pain	0.0011344021	0.99395764	0.004907938
581	no_pain	0.9980407	0.0010523343	0.0009069584
582	low_pain	0.00020730779	0.99763954	0.0021531363
583	no_pain	0.9983246	0.0008043136	0.00087112
584	low_pain	0.00013378277	0.99836177	0.0015044071
585	no_pain	0.90055996	0.085242204	0.014197801
586	no_pain	0.9968105	0.0016878556	0.0015015899
587	no_pain	0.94402295	0.045700695	0.010276364
588	no_pain	0.9975438	0.0013502709	0.001105922
589	no_pain	0.79692966	0.17884375	0.024226597
590	no_pain	0.9945623	0.0033114029	0.0021262856
591	no_pain	0.9968138	0.0019390767	0.0012471892
592	no_pain	0.9979104	0.0011353734	0.0009542884
593	no_pain	0.99755037	0.0013246585	0.0011249864
594	no_pain	0.9960708	0.0020201534	0.0019090298
595	no_pain	0.99626625	0.002298825	0.0014349443
596	no_pain	0.9969897	0.0017664897	0.0012438045
597	low_pain	0.00015182038	0.9979797	0.0018685048
598	no_pain	0.99352014	0.0040882304	0.0023916592
599	no_pain	0.98775584	0.008772876	0.0034712944
600	no_pain	0.9974466	0.0014422706	0.0011110933
601	no_pain	0.99182415	0.0057697147	0.0024061406
602	no_pain	0.9974449	0.0014600607	0.0010949658
603	no_pain	0.9969683	0.0017869839	0.0012446323
604	no_pain	0.9956652	0.0022326312	0.0021022235
605	no_pain	0.62629235	0.17585433	0.19785334
606	no_pain	0.9984731	0.00078407436	0.0007428263
607	no_pain	0.9803232	0.014326167	0.005350634
608	no_pain	0.9974011	0.0014144108	0.0011844778
609	no_pain	0.99721014	0.00160062	0.0011892145
610	no_pain	0.9936356	0.004228016	0.002136392
611	no_pain	0.9974116	0.0014017227	0.0011866989
612	low_pain	0.00015271023	0.9976513	0.0021959615
613	high_pain	0.008845239	0.038360596	0.95279413
614	no_pain	0.99713624	0.0016477794	0.0012159655
615	no_pain	0.9969536	0.0014742009	0.0015722146
616	low_pain	0.00021479232	0.997447	0.002338147
617	no_pain	0.99253744	0.0044240355	0.0030385447
618	no_pain	0.99701405	0.0017748504	0.0012110823
619	no_pain	0.9984899	0.00076046406	0.0007495409
620	no_pain	0.9957277	0.0027546766	0.0015176076
621	no_pain	0.99384266	0.0038241523	0.0023331225
622	no_pain	0.8975672	0.08503636	0.01739648
623	no_pain	0.9972032	0.001438597	0.0013582285
624	high_pain	0.33904362	0.074722834	0.58623356
625	no_pain	0.9951474	0.002844103	0.0020084495
626	no_pain	0.9945216	0.0036033408	0.0018750309
627	no_pain	0.9955872	0.0024675445	0.0019452686
628	no_pain	0.99585164	0.0022684322	0.0018799523
629	no_pain	0.9034629	0.07639432	0.02014282
630	no_pain	0.99621934	0.002207506	0.0015731395
631	no_pain	0.9969531	0.0016608847	0.0013859613
632	no_pain	0.4710911	0.09985281	0.4290561
633	no_pain	0.9363634	0.053792126	0.009844481
634	no_pain	0.92681307	0.052409165	0.020777766
635	no_pain	0.72513294	0.25458315	0.020283943
636	no_pain	0.9871635	0.009273985	0.003562538
637	low_pain	0.00019225432	0.9973835	0.0024243016
638	no_pain	0.9977932	0.0011308088	0.0010760066
639	low_pain	0.00012895567	0.998169	0.0017020527
640	no_pain	0.9349511	0.05364687	0.011401995
641	high_pain	0.30205652	0.012484388	0.6854591
642	low_pain	0.00021167439	0.9974919	0.0022964268
643	no_pain	0.9986423	0.0005905853	0.00076708256
644	no_pain	0.99591964	0.0023353898	0.0017449715
645	no_pain	0.9974581	0.0014295978	0.0011123321
646	no_pain	0.94608873	0.039072495	0.014838745
647	low_pain	0.00047208398	0.99631155	0.0032164
648	no_pain	0.9971811	0.0015647451	0.0012541219
649	no_pain	0.9929401	0.002946024	0.0041138837
650	no_pain	0.8083573	0.17170538	0.019937353
651	no_pain	0.9929312	0.0040776315	0.0029912197
652	no_pain	0.9962525	0.0020317547	0.0017157757
653	no_pain	0.8116007	0.1623093	0.026089992
654	no_pain	0.9974003	0.0014281219	0.0011715796
655	no_pain	0.9946179	0.0031230433	0.0022591096
656	no_pain	0.9975492	0.0013675059	0.0010833215
657	no_pain	0.9309931	0.02193245	0.047074486
658	low_pain	0.0003954952	0.99574715	0.0038573279
659	high_pain	0.007695756	0.11749331	0.8748109
660	no_pain	0.9983303	0.0008417638	0.00082790613
661	high_pain	0.007151221	0.108111866	0.8847369
662	no_pain	0.99790776	0.0011445824	0.0009475596
663	no_pain	0.99679744	0.001954126	0.0012484422
664	no_pain	0.9941986	0.0037138616	0.0020875665
665	no_pain	0.60473627	0.33561724	0.059646484
666	no_pain	0.9983238	0.00082178117	0.0008544475
667	no_pain	0.99650717	0.0020008993	0.0014919044
668	no_pain	0.97380775	0.01952028	0.0066719614
669	no_pain	0.86035436	0.12314649	0.016499173
670	no_pain	0.9842184	0.012085095	0.0036965273
671	no_pain	0.97339046	0.020017615	0.0065919724
672	no_pain	0.99884	0.0005472265	0.0006128003
673	low_pain	0.48466724	0.49880987	0.016522896
674	no_pain	0.9971105	0.0015938975	0.0012956065
675	no_pain	0.99728596	0.0015710747	0.0011428928
676	low_pain	0.00062481564	0.99439204	0.0049831434
677	no_pain	0.5529786	0.4300672	0.016954226
678	high_pain	0.012407702	0.07007163	0.91752064
679	no_pain	0.9827174	0.012969081	0.0043134666
680	no_pain	0.99786574	0.0011868955	0.0009473398
681	no_pain	0.9979358	0.0011163398	0.0009478683
682	no_pain	0.9893767	0.0069683404	0.0036548914
683	no_pain	0.85546684	0.11306989	0.031463258
684	no_pain	0.99527675	0.0029288195	0.0017944664
685	no_pain	0.9887377	0.002707492	0.008554778
686	high_pain	0.00831113	0.010562071	0.9811268
687	high_pain	0.016410219	0.04735017	0.9362396
688	no_pain	0.9961359	0.0023309453	0.0015331478
689	no_pain	0.986767	0.009187625	0.004045389
690	no_pain	0.99645644	0.00212542	0.0014181704
691	low_pain	0.00017701308	0.9974703	0.0023527
692	no_pain	0.9943781	0.0034324843	0.0021894353
693	no_pain	0.990423	0.0066818893	0.0028951203
694	no_pain	0.99860805	0.0006828959	0.0007090311
695	high_pain	0.17151625	0.0791782	0.74930555
696	no_pain	0.77964693	0.20327672	0.017076286
697	no_pain	0.7216447	0.25153747	0.026817882
698	low_pain	0.20139503	0.7751832	0.02342174
699	no_pain	0.988788	0.008053077	0.003158956
700	no_pain	0.99702674	0.0017071619	0.00126608
701	no_pain	0.9973	0.001547054	0.0011529886
702	no_pain	0.9966664	0.0017569338	0.0015767327
703	no_pain	0.9941781	0.0037648198	0.002057103
704	no_pain	0.99732643	0.0015613276	0.001112186
705	no_pain	0.999023	0.00045849927	0.0005184659
706	no_pain	0.99733174	0.001489274	0.0011789976
707	no_pain	0.98126584	0.012652628	0.006081563
708	low_pain	0.3842845	0.5529214	0.06279404
709	no_pain	0.977308	0.015392756	0.0072992095
710	no_pain	0.9967876	0.0018881138	0.0013242934
711	no_pain	0.99688756	0.001842202	0.0012702168
712	no_pain	0.9983206	0.0009032698	0.0007761012
713	no_pain	0.9971089	0.0015095357	0.0013816189
714	low_pain	0.00013084602	0.9983401	0.0015290658
715	no_pain	0.9974553	0.0014596486	0.0010849755
716	no_pain	0.9968888	0.0017411528	0.0013700305
717	low_pain	0.00081967626	0.99263144	0.0065489123
718	low_pain	0.42245775	0.573259	0.0042831916
719	no_pain	0.9869509	0.009685157	0.003363904
720	no_pain	0.9263539	0.05443912	0.01920704
721	low_pain	0.00036071235	0.99608326	0.0035560129
722	low_pain	0.0057095736	0.7569782	0.23731223
723	no_pain	0.9955228	0.0027267204	0.0017505374
724	no_pain	0.9920375	0.0045117466	0.003450724
725	high_pain	0.00945965	0.05686099	0.9336794
726	no_pain	0.9963849	0.0016620944	0.0019530387
727	no_pain	0.9869361	0.008461571	0.0046022856
728	no_pain	0.9983283	0.00089134194	0.0007802757
729	no_pain	0.9848059	0.006047454	0.009146675
730	no_pain	0.9882326	0.007465524	0.0043018833
731	low_pain	0.0010761134	0.9958677	0.0030561697
732	high_pain	0.31020775	0.30750126	0.38229102
733	no_pain	0.9980769	0.0010354441	0.0008876699
734	no_pain	0.99877626	0.0004940296	0.000729723
735	no_pain	0.9964811	0.0021850166	0.0013338182
736	no_pain	0.992493	0.004319675	0.0031873616
737	no_pain	0.99770916	0.001137375	0.001153501
738	no_pain	0.9932116	0.0042731157	0.0025152718
739	no_pain	0.99834716	0.00085624825	0.0007966762
740	no_pain	0.98095596	0.013158657	0.0058853743
741	no_pain	0.9965887	0.0019721005	0.001439202
742	low_pain	0.30696106	0.6579503	0.03508869
743	no_pain	0.98369247	0.010684981	0.005622606
744	no_pain	0.9934737	0.0041929125	0.0023333705
745	no_pain	0.99848515	0.00076628063	0.0007485434
746	low_pain	0.4452543	0.5358934	0.018852351
747	no_pain	0.98806137	0.008557607	0.0033810262
748	low_pain	0.065989025	0.91373116	0.020279834
749	low_pain	0.00020649207	0.99761117	0.0021823063
750	no_pain	0.9884354	0.005173236	0.0063913865
751	no_pain	0.99846876	0.0007834236	0.00074787147
752	no_pain	0.9976657	0.0011818624	0.001152384
753	no_pain	0.9955169	0.0023416434	0.0021414144
754	high_pain	0.47173524	0.019614669	0.5086501
755	no_pain	0.9978601	0.0011155038	0.0010243941
756	no_pain	0.9908257	0.0045898114	0.0045844787
757	high_pain	0.014859123	0.32433423	0.66080666
758	low_pain	0.00017836272	0.99788606	0.0019355714
759	low_pain	0.2781871	0.70792925	0.013883611
760	no_pain	0.9972554	0.0014788794	0.0012657241
761	no_pain	0.99768823	0.001182642	0.0011291454
762	no_pain	0.9618266	0.03110319	0.007070204
763	low_pain	0.4445827	0.53760606	0.0178113
764	low_pain	0.18079019	0.8078898	0.011320074
765	no_pain	0.99582595	0.0023521353	0.0018218489
766	no_pain	0.9876365	0.009231986	0.003131516
767	no_pain	0.9919771	0.0043979916	0.003624957
768	low_pain	0.00015822645	0.99796253	0.0018792248
769	no_pain	0.7713331	0.19843125	0.030235644
770	no_pain	0.99346596	0.0043332954	0.002200702
771	no_pain	0.9899349	0.0073028775	0.0027621833
772	no_pain	0.9982392	0.000909513	0.00085123564
773	no_pain	0.99605864	0.0021843736	0.0017569578
774	no_pain	0.99786377	0.0011044231	0.0010317925
775	high_pain	0.046696253	0.07681484	0.87648886
776	low_pain	0.20407964	0.7606659	0.03525447
777	no_pain	0.9554867	0.03393084	0.010582445
778	no_pain	0.9979666	0.0011202657	0.0009131586
779	low_pain	0.0001330177	0.9984407	0.0014262724
780	no_pain	0.88028294	0.10345892	0.016258165
781	no_pain	0.98986167	0.006302049	0.0038362439
782	no_pain	0.9964029	0.0016077567	0.0019892803
783	no_pain	0.99696726	0.0017005464	0.0013321626
784	no_pain	0.99821895	0.00082781696	0.0009532393
785	no_pain	0.9979932	0.0010935203	0.0009132746
786	low_pain	0.0003935404	0.99204195	0.007564552
787	no_pain	0.9914759	0.005057092	0.0034670176
788	low_pain	0.28305176	0.71157277	0.0053754626
789	no_pain	0.995844	0.0023150824	0.0018409379
790	no_pain	0.9958774	0.0024026097	0.0017199517
791	low_pain	0.27980268	0.71744627	0.0027511083
792	no_pain	0.99160445	0.0053090737	0.0030864507
793	no_pain	0.99384296	0.004083461	0.002073623
794	no_pain	0.9966093	0.0018239226	0.0015668031
795	low_pain	0.134367	0.84085906	0.024773916
796	low_pain	0.00021327383	0.9975366	0.0022501354
797	no_pain	0.9822385	0.011614457	0.006147033
798	no_pain	0.9953979	0.0027474288	0.0018546882
799	no_pain	0.998385	0.0008226108	0.00079237286
800	no_pain	0.98958206	0.007037151	0.0033808183
801	no_pain	0.99344975	0.004496153	0.0020540839
802	no_pain	0.9980759	0.0010522732	0.00087188266
803	no_pain	0.99073464	0.0055941762	0.0036711919
804	no_pain	0.99395245	0.0038912196	0.0021562532
805	no_pain	0.9971717	0.0014620426	0.0013663074
806	no_pain	0.8362731	0.1437836	0.019943347
807	no_pain	0.9817757	0.0115736425	0.006650634
808	no_pain	0.9985449	0.00075218425	0.0007029314
809	no_pain	0.9974946	0.0013305167	0.001174928
810	low_pain	0.00035037188	0.9966402	0.0030093829
811	high_pain	0.015894588	0.281559	0.7025464
812	no_pain	0.99835074	0.00079059455	0.0008586254
813	no_pain	0.99634	0.002223403	0.0014366156
814	low_pain	0.0001373485	0.9979881	0.0018745624
815	no_pain	0.99688476	0.0017464057	0.0013688589
816	no_pain	0.9984027	0.00077521225	0.00082202494
817	no_pain	0.8911662	0.09405879	0.014775013
818	no_pain	0.99252445	0.0045385496	0.0029370445
819	no_pain	0.9971754	0.0015674407	0.0012571241
820	no_pain	0.9954551	0.002685632	0.0018592993
821	no_pain	0.99691254	0.0016692725	0.0014181415
822	no_pain	0.99754375	0.0012321	0.0012241408
823	no_pain	0.998353	0.00087052776	0.00077642594
824	no_pain	0.9965466	0.0019442932	0.0015090524
825	low_pain	0.41281363	0.5527834	0.03440294
826	no_pain	0.996582	0.0017616546	0.0016563573
827	no_pain	0.9624357	0.02893789	0.00862638
828	no_pain	0.99805975	0.0010521223	0.0008881134
829	low_pain	0.00035298287	0.9967502	0.0028969073
830	no_pain	0.98611176	0.009551026	0.0043371953
831	no_pain	0.5705038	0.052361447	0.3771348
832	no_pain	0.98585117	0.009299885	0.0048489305
833	no_pain	0.99818134	0.0009342981	0.0008843736
834	no_pain	0.997455	0.001332407	0.0012125865
835	no_pain	0.9964811	0.0020366667	0.0014821483
836	no_pain	0.9900056	0.0048876354	0.0051066806
837	no_pain	0.98870957	0.007464779	0.0038256596
838	no_pain	0.99665314	0.0019863355	0.0013605021
839	no_pain	0.9902975	0.0060934504	0.0036089825
840	no_pain	0.95050734	0.033460166	0.01603247
841	no_pain	0.82378787	0.15195923	0.024252865
842	no_pain	0.9922474	0.004624893	0.0031277868
843	high_pain	0.22732408	0.09831265	0.67436326
844	no_pain	0.99736774	0.0015078326	0.0011244372
845	no_pain	0.9935451	0.0038525127	0.0026023295
846	no_pain	0.9923319	0.0050956607	0.0025724524
847	no_pain	0.99805063	0.0010781382	0.0008712182
848	no_pain	0.9971002	0.001610174	0.001289692
849	no_pain	0.98614395	0.009655942	0.004200122
850	no_pain	0.9962173	0.0019119115	0.0018707732
851	no_pain	0.9930571	0.004418224	0.0025247035
852	high_pain	0.0072497735	0.04950353	0.94324666
853	no_pain	0.99657303	0.0019468953	0.0014800916
854	no_pain	0.99084246	0.0056014955	0.00355603
855	no_pain	0.99614584	0.0020770545	0.0017771352
856	no_pain	0.9973541	0.0015121031	0.0011337737
857	low_pain	0.00048868865	0.9914032	0.008108087
858	low_pain	0.00013968184	0.99813306	0.0017272541
859	no_pain	0.9956207	0.002713376	0.0016658988
860	low_pain	0.4288439	0.56774575	0.0034104015
861	no_pain	0.9950438	0.0016527735	0.0033033763
862	no_pain	0.6724271	0.28467584	0.042897094
863	no_pain	0.99745125	0.0013851263	0.0011636432
864	no_pain	0.99742204	0.0014598469	0.0011181228
865	no_pain	0.9831671	0.010735151	0.006097718
866	no_pain	0.84826857	0.12218763	0.029543823
867	no_pain	0.9905316	0.006278064	0.0031902695
868	low_pain	0.0003048814	0.9958114	0.0038836927
869	low_pain	0.00016600515	0.9977795	0.0020544573
870	low_pain	0.00029901773	0.9965533	0.0031476521
871	no_pain	0.9617618	0.02403446	0.01420378
872	no_pain	0.99756527	0.0013789952	0.0010557452
873	no_pain	0.99511087	0.0031025982	0.001786542
874	low_pain	0.37316388	0.59797734	0.02885879
875	no_pain	0.7854137	0.0106372805	0.20394905
876	no_pain	0.9945193	0.003184335	0.002296342
877	no_pain	0.9978475	0.0011970355	0.00095552084
878	no_pain	0.99570674	0.0024515751	0.0018416224
879	low_pain	0.00049121433	0.98840886	0.011099969
880	no_pain	0.96200806	0.026015341	0.011976616
881	no_pain	0.9356085	0.052718323	0.011673153
882	no_pain	0.9983912	0.00083057117	0.0007782246
883	no_pain	0.99787885	0.0011883108	0.00093287963
884	low_pain	0.00020187542	0.99710304	0.0026951488
885	low_pain	0.00020416154	0.9976334	0.0021623936
886	no_pain	0.8702789	0.11675085	0.012970226
887	no_pain	0.993825	0.003762943	0.0024120563
888	low_pain	0.00017778424	0.99722624	0.0025959755
889	no_pain	0.9948055	0.003031148	0.0021633042
890	no_pain	0.7651498	0.21077693	0.024073306
891	low_pain	0.00011931263	0.9985085	0.0013721435
892	no_pain	0.99100554	0.005449037	0.003545365
893	low_pain	0.23278315	0.72575104	0.04146578
894	low_pain	0.00015271475	0.9980908	0.0017564716
895	no_pain	0.95101404	0.039164685	0.009821281
896	no_pain	0.99566424	0.002454184	0.001881551
897	no_pain	0.83699226	0.12848267	0.034525067
898	no_pain	0.99724406	0.0015606569	0.0011952891
899	no_pain	0.9969907	0.001750345	0.0012589886
900	no_pain	0.99413365	0.003389309	0.0024770307
901	no_pain	0.9936494	0.002810186	0.0035404142
902	low_pain	0.00040322848	0.9941548	0.005441985
903	no_pain	0.9972133	0.0016469575	0.0011397441
904	no_pain	0.95537716	0.036736388	0.007886381
905	no_pain	0.99782705	0.001179281	0.0009936449
906	no_pain	0.99440473	0.003389947	0.0022053025
907	no_pain	0.99659795	0.0020189285	0.001383071
908	no_pain	0.9982022	0.00089101674	0.00090684596
909	no_pain	0.99314564	0.003503143	0.0033512185
910	no_pain	0.9942668	0.003173187	0.0025600153
911	no_pain	0.98999625	0.007020024	0.002983746
912	no_pain	0.8788184	0.104398236	0.01678342
913	no_pain	0.9555067	0.03389505	0.010598327
914	no_pain	0.9958803	0.0023768495	0.0017427866
915	no_pain	0.9959264	0.0020831486	0.0019904522
916	no_pain	0.8856759	0.09776815	0.016555946
917	no_pain	0.99743885	0.0013172879	0.0012438473
918	no_pain	0.9974666	0.0013738433	0.0011595289
919	no_pain	0.95435685	0.032527003	0.013116151
920	no_pain	0.9976246	0.0013043367	0.0010710786
921	no_pain	0.99364096	0.0043912525	0.0019677626
922	no_pain	0.9944206	0.0031578515	0.0024215488
923	no_pain	0.4810454	0.41094774	0.1080069
924	no_pain	0.99221265	0.0046213954	0.0031659394
925	no_pain	0.9943699	0.0035070288	0.0021230218
926	no_pain	0.9612108	0.029329082	0.0094600925
927	no_pain	0.9911274	0.005270735	0.003601949
928	no_pain	0.9977781	0.0011857328	0.0010361436
929	low_pain	0.00015119596	0.9982194	0.0016294365
930	low_pain	0.0003332176	0.99610144	0.003565323
931	no_pain	0.99090594	0.0065215053	0.0025725584
932	no_pain	0.9981727	0.0009142597	0.0009130522
933	no_pain	0.997333	0.0014879735	0.0011790532
934	no_pain	0.9911427	0.0053978045	0.0034595388
935	high_pain	0.08926068	0.02321045	0.8875289
936	no_pain	0.9969548	0.0017103422	0.0013348835
937	low_pain	0.0005020123	0.99012053	0.0093773985
938	no_pain	0.99896353	0.0004735601	0.00056285283
939	no_pain	0.9944533	0.0032876644	0.0022589792
940	no_pain	0.98957115	0.0064176354	0.004011226
941	no_pain	0.9935164	0.0043016733	0.0021819356
942	no_pain	0.91900414	0.06887039	0.01212544
943	no_pain	0.87535757	0.10747326	0.017169137
944	no_pain	0.98367345	0.011702516	0.004624051
945	no_pain	0.99326366	0.0045189452	0.0022173806
946	high_pain	0.20684515	0.04948601	0.74366885
947	low_pain	0.008022008	0.9843735	0.0076044532
948	no_pain	0.9926254	0.003953311	0.003421228
949	no_pain	0.860876	0.0054682684	0.1336557
950	no_pain	0.9973567	0.0013675377	0.0012757594
951	no_pain	0.99814224	0.00093757716	0.000920174
952	low_pain	0.29493284	0.69003487	0.015032294
953	no_pain	0.9972544	0.0015301732	0.0012154111
954	no_pain	0.9552442	0.033867024	0.010888726
955	no_pain	0.9759031	0.019266997	0.0048298542
956	no_pain	0.9887751	0.007021015	0.004203903
957	no_pain	0.99779516	0.0011678254	0.0010369647
958	no_pain	0.992477	0.0041154497	0.0034075193
959	no_pain	0.996652	0.0018834465	0.0014645642
960	no_pain	0.88888127	0.08387803	0.027240684
961	no_pain	0.996664	0.0018873911	0.0014486177
962	no_pain	0.9977087	0.0012675216	0.0010238348
963	no_pain	0.93871975	0.045651134	0.015629118
964	no_pain	0.9344412	0.044416904	0.021141872
965	no_pain	0.9914481	0.0058618896	0.002689971
966	no_pain	0.99065816	0.006011322	0.0033305655
967	no_pain	0.9966607	0.0020022676	0.001337029
968	no_pain	0.9812189	0.014808704	0.003972464
969	no_pain	0.60004413	0.0059721596	0.3939837
970	no_pain	0.9307894	0.057812948	0.011397648
971	no_pain	0.9427662	0.043737955	0.013495923
972	no_pain	0.99742144	0.0014065324	0.0011719641
973	no_pain	0.9984363	0.00076012115	0.0008036035
974	no_pain	0.7382253	0.22963785	0.032136925
975	no_pain	0.9982937	0.0008375219	0.0008687872
976	no_pain	0.52823144	0.44896168	0.022806847
977	no_pain	0.9970475	0.0016306901	0.0013217685
978	no_pain	0.9962222	0.0022225368	0.0015552478
979	no_pain	0.99626887	0.002038757	0.0016923834
980	no_pain	0.9924249	0.005422694	0.002152419
981	no_pain	0.991707	0.0056433184	0.0026495892
982	no_pain	0.9975568	0.0011708691	0.0012722611
983	low_pain	0.00018981933	0.99738216	0.002427968
984	no_pain	0.99587	0.002406867	0.0017231264
985	no_pain	0.9979596	0.0010523193	0.000988053
986	low_pain	0.0005582575	0.994606	0.0048357514
987	no_pain	0.86895305	0.10650264	0.02454434
988	no_pain	0.99609166	0.002440614	0.0014677308
989	no_pain	0.90191066	0.082803465	0.015285863
990	high_pain	0.17372656	0.01424017	0.81203324
991	low_pain	0.00019422539	0.9976939	0.0021119234
992	no_pain	0.98636085	0.00898576	0.0046534506
993	no_pain	0.92343646	0.056876328	0.019687245
994	no_pain	0.9834265	0.012812276	0.003761239
995	low_pain	0.3265372	0.583172	0.09029073
996	no_pain	0.5972468	0.38986793	0.012885175
997	low_pain	0.0014419863	0.99063003	0.007928007
998	no_pain	0.99635416	0.0020251088	0.0016207028
999	no_pain	0.994311	0.0034293924	0.0022595718
1000	no_pain	0.98260546	0.011372305	0.0060222563
1001	no_pain	0.9927826	0.00493201	0.0022853755
1002	no_pain	0.9971951	0.0013919602	0.0014129317
1003	no_pain	0.98059833	0.013313329	0.006088381
1004	no_pain	0.9861092	0.010084614	0.0038061792
1005	no_pain	0.94596255	0.04292875	0.01110865
1006	high_pain	0.01627766	0.011983252	0.9717391
1007	no_pain	0.9960232	0.0020281125	0.0019487283
1008	no_pain	0.9980205	0.0010726673	0.0009068124
1009	no_pain	0.99679947	0.0016189757	0.0015814832
1010	no_pain	0.9550993	0.033960823	0.010939844
1011	high_pain	0.41181085	0.007801343	0.5803878
1012	low_pain	0.00055570895	0.9904894	0.008954873
1013	no_pain	0.997639	0.0012620988	0.0010989521
1014	no_pain	0.9643777	0.026628593	0.008993691
1015	no_pain	0.99678725	0.0017185283	0.0014941508
1016	no_pain	0.916482	0.004224468	0.07929354
1017	no_pain	0.9983772	0.00083487656	0.000787929
1018	no_pain	0.99705654	0.0014394013	0.0015040588
1019	no_pain	0.9909972	0.0055753654	0.0034274883
1020	no_pain	0.8839595	0.09853101	0.017509503
1021	no_pain	0.9889504	0.0069172876	0.004132307
1022	no_pain	0.99836344	0.000853436	0.00078311574
1023	no_pain	0.9955063	0.0024847311	0.0020089503
1024	low_pain	0.00041976752	0.99571383	0.0038663428
1025	no_pain	0.9957928	0.002298379	0.0019088555
1026	no_pain	0.65056115	0.028185202	0.3212537
1027	no_pain	0.9944008	0.0035821844	0.0020170365
1028	no_pain	0.97831994	0.014756997	0.0069230343
1029	no_pain	0.9921483	0.005359569	0.0024921906
1030	low_pain	0.0010419001	0.9929618	0.005996293
1031	no_pain	0.92395306	0.0051499833	0.070896976
1032	no_pain	0.9667096	0.024821201	0.008469203
1033	low_pain	0.0003529135	0.9961962	0.0034508673
1034	no_pain	0.99335045	0.0036500066	0.00299955
1035	no_pain	0.99390256	0.003830545	0.0022669449
1036	no_pain	0.99761856	0.0012768643	0.0011046283
1037	no_pain	0.9966878	0.0017200588	0.0015921054
1038	low_pain	0.0003434817	0.9959892	0.0036673148
1039	no_pain	0.9978079	0.0010906495	0.0011014349
1040	no_pain	0.8123012	0.15606786	0.031630956
1041	no_pain	0.9341669	0.05436066	0.011472446
1042	no_pain	0.99580985	0.002550797	0.0016393289
1043	no_pain	0.9187196	0.0687586	0.012521756
1044	no_pain	0.988828	0.008246441	0.0029256195
1045	no_pain	0.9951695	0.0029790162	0.0018514908
1046	no_pain	0.90372455	0.07708527	0.019190175
1047	no_pain	0.9981242	0.000954524	0.0009212603
1048	no_pain	0.9895121	0.006692007	0.0037958904
1049	no_pain	0.99763584	0.0013133512	0.0010508554
1050	no_pain	0.9830921	0.010143344	0.0067645316
1051	no_pain	0.99791664	0.0011168787	0.00096647005
1052	no_pain	0.9924279	0.004740586	0.0028315554
1053	no_pain	0.9917535	0.005779215	0.0024672896
1054	no_pain	0.9892904	0.007246683	0.003462835
1055	no_pain	0.99230367	0.004617874	0.0030784511
1056	no_pain	0.9979574	0.0010485522	0.0009940126
1057	low_pain	0.00019295422	0.9978057	0.0020012637
1058	no_pain	0.9982089	0.0008919471	0.0008992259
1059	high_pain	0.36448207	0.09356715	0.5419508
1060	no_pain	0.99710524	0.0016132306	0.0012815456
1061	low_pain	0.00018539497	0.99723834	0.002576263
1062	low_pain	0.3959586	0.5294026	0.07463881
1063	no_pain	0.98874086	0.007433611	0.0038255842
1064	no_pain	0.990519	0.0059625222	0.0035185104
1065	low_pain	0.00018354958	0.9977799	0.0020365608
1066	no_pain	0.9964131	0.0021289494	0.0014579693
1067	no_pain	0.9940104	0.0036487863	0.0023408893
1068	low_pain	0.04236644	0.7796548	0.17797878
1069	no_pain	0.9912003	0.005413893	0.0033857706
1070	no_pain	0.99783283	0.0011862285	0.0009809817
1071	low_pain	0.1525455	0.84164673	0.0058077797
1072	no_pain	0.9977069	0.0012159037	0.0010772161
1073	low_pain	0.12835948	0.85714597	0.014494476
1074	no_pain	0.99811405	0.001024753	0.00086123944
1075	low_pain	0.00014670953	0.9979864	0.0018669221
1076	no_pain	0.99564564	0.002634892	0.0017194774
1077	low_pain	0.00028346296	0.99483776	0.0048787934
1078	low_pain	0.001601506	0.98040503	0.017993407
1079	no_pain	0.99678564	0.0018015871	0.0014127848
1080	no_pain	0.9897812	0.007263913	0.0029548984
1081	no_pain	0.9767526	0.013691374	0.00955607
1082	no_pain	0.98533016	0.007829634	0.006840208
1083	no_pain	0.9979273	0.0011153922	0.00095727394
1084	no_pain	0.99804527	0.0009352347	0.0010195059
1085	no_pain	0.996653	0.0019718423	0.0013751562
1086	no_pain	0.99794775	0.0010998979	0.0009522916
1087	low_pain	0.00013121909	0.9982514	0.0016174306
1088	no_pain	0.9927055	0.004351195	0.0029432438
1089	low_pain	0.00015892876	0.9979033	0.0019377705
1090	no_pain	0.99569803	0.0024109015	0.0018910596
1091	no_pain	0.9939818	0.0037695481	0.0022486523
1092	no_pain	0.9214912	0.06668846	0.011820246
1093	no_pain	0.99733585	0.0015360791	0.0011280879
1094	no_pain	0.99600154	0.002207365	0.0017911701
1095	no_pain	0.98925066	0.0073599555	0.0033893895
1096	low_pain	0.30843276	0.6474333	0.044133935
1097	no_pain	0.9927627	0.0042137676	0.003023597
1098	low_pain	0.00034707578	0.99662554	0.0030273814
1099	no_pain	0.9979528	0.001108692	0.00093848247
1100	no_pain	0.9799587	0.014767947	0.005273339
1101	no_pain	0.99846715	0.000771443	0.0007613945
1102	no_pain	0.99204797	0.0052911616	0.0026608424
1103	no_pain	0.64722633	0.03876704	0.31400663
1104	no_pain	0.99746466	0.001364914	0.0011704173
1105	no_pain	0.9124409	0.0619641	0.025595
1106	high_pain	0.13673745	0.14165698	0.7216056
1107	no_pain	0.9951941	0.0027293228	0.0020765366
1108	low_pain	0.43872398	0.52426994	0.037006047
1109	high_pain	0.015487762	0.11576599	0.8687462
1110	no_pain	0.9985477	0.00071051763	0.0007417383
1111	no_pain	0.90110695	0.07432576	0.024567302
1112	no_pain	0.9941781	0.0039063226	0.0019155747
1113	no_pain	0.995083	0.002860959	0.0020560112
1114	no_pain	0.9906211	0.006746068	0.0026328438
1115	low_pain	0.0016643114	0.91058576	0.08774991
1116	no_pain	0.94418323	0.04532388	0.010492879
1117	no_pain	0.99625504	0.0022695574	0.0014753761
1118	low_pain	0.00022005451	0.997454	0.002325973
1119	no_pain	0.99856395	0.0007240012	0.0007120058
1120	high_pain	0.009660481	0.022647487	0.967692
1121	no_pain	0.99505794	0.0025020167	0.0024400726
1122	no_pain	0.88550633	0.012860246	0.10163338
1123	no_pain	0.99745184	0.0012189074	0.0013292012
1124	no_pain	0.9853975	0.011176772	0.0034256685
1125	no_pain	0.99438465	0.0034430865	0.0021722896
1126	no_pain	0.9940749	0.0037514516	0.002173626
1127	low_pain	0.00024839366	0.99715793	0.0025936621
1128	no_pain	0.9943791	0.0032765374	0.0023443822
1129	no_pain	0.815992	0.16452952	0.01947849
1130	no_pain	0.71502393	0.26339474	0.021581352
1131	no_pain	0.9967327	0.001888519	0.0013787124
1132	no_pain	0.9956974	0.0023390448	0.001963575
1133	no_pain	0.99804443	0.001031137	0.00092443684
1134	low_pain	0.0005073483	0.9877734	0.011719267
1135	no_pain	0.9801612	0.014907266	0.0049315137
1136	no_pain	0.9980052	0.0010616847	0.0009331112
1137	no_pain	0.9978838	0.0011441242	0.0009721141
1138	no_pain	0.99924546	0.00033586944	0.00041867394
1139	no_pain	0.8068272	0.16626668	0.026906172
1140	high_pain	0.0066804523	0.057653207	0.9356664
1141	no_pain	0.99746704	0.0013828104	0.001150136
1142	no_pain	0.8215452	0.008109272	0.17034556
1143	no_pain	0.99669087	0.0019078391	0.0014012737
1144	no_pain	0.9968774	0.0017580856	0.0013645132
1145	no_pain	0.99727947	0.0014891451	0.0012314154
1146	high_pain	0.2936229	0.025811952	0.6805652
1147	no_pain	0.9971799	0.0016296952	0.0011903819
1148	no_pain	0.99692166	0.0015898861	0.0014884265
1149	no_pain	0.9973306	0.0015042659	0.001165115
1150	no_pain	0.9883205	0.0064077536	0.0052716695
1151	low_pain	0.0003897736	0.99170095	0.007909293
1152	low_pain	0.15204182	0.5618186	0.28613958
1153	no_pain	0.99828994	0.0007955592	0.0009144948
1154	no_pain	0.9982849	0.00085063593	0.00086441555
1155	low_pain	0.002618199	0.9749316	0.022450255
1156	high_pain	0.0107188	0.044017605	0.94526356
1157	no_pain	0.99077797	0.0066590877	0.002562971
1158	no_pain	0.9970444	0.0016470214	0.0013086261
1159	low_pain	0.00056762184	0.9949007	0.004531684
1160	no_pain	0.99110305	0.0048060305	0.0040909224
1161	no_pain	0.9967655	0.0017835812	0.0014509207
1162	no_pain	0.74952745	0.20614283	0.044329647
1163	no_pain	0.98999053	0.007127051	0.0028824056
1164	low_pain	0.14255002	0.8533667	0.004083351
1165	no_pain	0.9726771	0.019106133	0.008216774
1166	low_pain	0.00013747172	0.9983135	0.0015490324
1167	no_pain	0.99792683	0.0011437639	0.0009293651
1168	low_pain	0.016153123	0.9673996	0.016447252
1169	no_pain	0.99725676	0.0015172026	0.0012260292
1170	no_pain	0.99770004	0.0012952114	0.0010048121
1171	no_pain	0.9967831	0.0017595589	0.0014573847
1172	no_pain	0.9201627	0.06882042	0.011016918
1173	no_pain	0.98134804	0.011738521	0.006913491
1174	low_pain	0.014869143	0.95514953	0.029981362
1175	no_pain	0.99767524	0.0012556204	0.0010691943
1176	no_pain	0.99623233	0.00197655	0.0017911237
1177	low_pain	0.28815398	0.6580438	0.053802248
1178	no_pain	0.99659824	0.0018021857	0.0015995663
1179	low_pain	0.14334139	0.8516277	0.005030922
1180	no_pain	0.9935195	0.0034196393	0.003060928
1181	no_pain	0.99846935	0.00077719043	0.0007535045
1182	no_pain	0.9242846	0.0045928513	0.07112255
1183	no_pain	0.8683427	0.10956132	0.022095988
1184	no_pain	0.9953817	0.0024678758	0.00215042
1185	low_pain	0.0004340516	0.99088085	0.008685137
1186	high_pain	0.089531146	0.06919006	0.84127885
1187	no_pain	0.9964131	0.0021558532	0.0014310017
1188	no_pain	0.99659353	0.0019025294	0.0015038949
1189	no_pain	0.73805225	0.23647691	0.025470812
1190	low_pain	0.00023894108	0.9973184	0.0024426708
1191	no_pain	0.9982932	0.00087175536	0.00083501637
1192	no_pain	0.6497011	0.32330257	0.026996288
1193	no_pain	0.99584967	0.0020861994	0.002064111
1194	low_pain	0.0001937331	0.9975987	0.0022075926
1195	no_pain	0.99755603	0.0012458421	0.0011980922
1196	no_pain	0.665389	0.3162206	0.018390337
1197	low_pain	0.000581313	0.99196756	0.007451137
1198	no_pain	0.9896617	0.0061956854	0.0041425796
1199	no_pain	0.99715036	0.0016012581	0.0012483957
1200	low_pain	0.28315818	0.71149445	0.00534742
1201	no_pain	0.9876924	0.008859542	0.0034480228
1202	no_pain	0.9563733	0.030657133	0.012969605
1203	no_pain	0.9970693	0.0017357075	0.0011949725
1204	no_pain	0.9919024	0.0051427395	0.0029548407
1205	no_pain	0.99873745	0.0006210661	0.0006414335
1206	no_pain	0.9949471	0.003090765	0.0019620967
1207	no_pain	0.9961737	0.002130535	0.0016957672
1208	no_pain	0.9976969	0.0012338643	0.0010692569
1209	low_pain	0.000121303914	0.99851483	0.0013638058
1210	low_pain	0.00023442857	0.99730635	0.0024592415
1211	low_pain	0.26918647	0.70032495	0.03048856
1212	no_pain	0.9971782	0.0015165143	0.0013052825
1213	no_pain	0.9986457	0.0006745859	0.00067965843
1214	no_pain	0.9973237	0.0013715045	0.0013047727
1215	no_pain	0.98664016	0.008408089	0.0049517443
1216	no_pain	0.9746598	0.020434787	0.0049054734
1217	no_pain	0.9977168	0.0011912135	0.0010920438
1218	no_pain	0.85074043	0.1194038	0.029855728
1219	no_pain	0.6252183	0.35576057	0.019021153
1220	no_pain	0.88580513	0.07441139	0.03978351
1221	no_pain	0.998124	0.0010100987	0.0008659508
1222	no_pain	0.9941296	0.0032458913	0.002624525
1223	low_pain	0.000209832	0.99809176	0.0016983595
1224	no_pain	0.7749558	0.19452927	0.03051488
1225	no_pain	0.97790176	0.015300995	0.006797274
1226	low_pain	0.00021760586	0.99754626	0.0022361134
1227	no_pain	0.9979587	0.0011049107	0.0009364407
1228	no_pain	0.99759513	0.0013767853	0.0010280934
1229	no_pain	0.9844209	0.011484898	0.004094217
1230	no_pain	0.99765795	0.001213372	0.0011286555
1231	high_pain	0.48808974	0.013700307	0.49820998
1232	no_pain	0.8685805	0.09326883	0.03815066
1233	no_pain	0.99824136	0.0009203778	0.000838264
1234	low_pain	0.00084768113	0.969983	0.02916936
1235	low_pain	0.00044314744	0.99578226	0.0037746292
1236	low_pain	0.00075235084	0.98821163	0.011036003
1237	high_pain	0.20914574	0.0600272	0.73082703
1238	low_pain	0.0053264825	0.55354846	0.44112507
1239	no_pain	0.995668	0.0023678092	0.0019642278
1240	no_pain	0.998318	0.0008306364	0.00085134956
1241	no_pain	0.97980505	0.013950904	0.006244074
1242	no_pain	0.9354233	0.051993694	0.012583044
1243	no_pain	0.9974004	0.0014097235	0.0011898939
1244	high_pain	0.003482586	0.48688656	0.50963086
1245	no_pain	0.9883442	0.0073780715	0.0042776885
1246	low_pain	0.00012738329	0.9984847	0.0013879227
1247	high_pain	0.0060429024	0.25420985	0.7397472
1248	no_pain	0.92883307	0.048782956	0.022383979
1249	no_pain	0.9247178	0.0574887	0.017793577
1250	no_pain	0.9967896	0.0016604373	0.0015499855
1251	no_pain	0.9987029	0.0006395569	0.0006576106
1252	high_pain	0.008547126	0.012378288	0.9790746
1253	no_pain	0.9973596	0.0014542459	0.0011862137
1254	low_pain	0.00014194967	0.9980758	0.0017822966
1255	no_pain	0.9832736	0.010336378	0.0063900054
1256	no_pain	0.80704504	0.17597212	0.016982833
1257	no_pain	0.9980787	0.000914421	0.0010069021
1258	no_pain	0.9968923	0.001810874	0.0012968375
1259	no_pain	0.9937192	0.003394132	0.0028866145
1260	low_pain	0.0001172943	0.9985483	0.0013344197
1261	no_pain	0.99779856	0.0011784704	0.0010229364
1262	no_pain	0.9981908	0.00090572046	0.00090343953
1263	no_pain	0.9975453	0.0012286215	0.0012260794
1264	no_pain	0.9344703	0.052777197	0.012752439
1265	no_pain	0.9985766	0.00071931124	0.0007041031
1266	high_pain	0.3554009	0.040664997	0.6039341
1267	no_pain	0.99543375	0.0024162664	0.0021500003
1268	low_pain	0.0002481976	0.9967243	0.0030274766
1269	no_pain	0.9982076	0.0009279829	0.0008643589
1270	no_pain	0.9949804	0.002935249	0.0020843726
1271	no_pain	0.9975134	0.0014051616	0.0010814177
1272	no_pain	0.9401736	0.049568176	0.010258145
1273	no_pain	0.9932308	0.0042998013	0.002469408
1274	no_pain	0.9980955	0.0010437027	0.0008608367
1275	no_pain	0.9895366	0.0069535286	0.0035099736
1276	no_pain	0.99794674	0.0010838483	0.0009694072
1277	no_pain	0.8507042	0.1256269	0.023668943
1278	no_pain	0.9963132	0.0022343833	0.0014523744
1279	no_pain	0.99771273	0.0012485607	0.001038636
1280	no_pain	0.82996273	0.14620702	0.023830244
1281	no_pain	0.98610836	0.010124071	0.003767571
1282	high_pain	0.019097384	0.060038965	0.9208636
1283	no_pain	0.9982812	0.0008573135	0.0008614686
1284	no_pain	0.99793	0.0010653458	0.0010046434
1285	no_pain	0.9965387	0.0017508271	0.0017104602
1286	no_pain	0.9876593	0.008890614	0.003450111
1287	no_pain	0.99778265	0.00120211	0.0010152151
1288	high_pain	0.007667842	0.04959139	0.9427408
1289	no_pain	0.9980707	0.0010445453	0.0008847242
1290	no_pain	0.99798137	0.0009459831	0.001072638
1291	no_pain	0.9580852	0.029025536	0.012889286
1292	no_pain	0.8259562	0.156919	0.017124783
1293	low_pain	0.00032650118	0.9953396	0.004333886
1294	no_pain	0.9967288	0.0017892553	0.0014819496
1295	low_pain	0.00016386974	0.9981528	0.0016832856
1296	no_pain	0.9975338	0.0014141592	0.0010520482
1297	no_pain	0.99788064	0.0009791383	0.0011402512
1298	no_pain	0.99364465	0.004044818	0.0023105268
1299	no_pain	0.7117693	0.25614575	0.032084953
1300	low_pain	0.2844177	0.7117144	0.0038678613
1301	no_pain	0.9960379	0.0022691446	0.0016929981
1302	no_pain	0.9926016	0.0044884565	0.0029099716
1303	no_pain	0.9980808	0.0010137315	0.00090545544
1304	no_pain	0.99751586	0.0013407617	0.0011433506
1305	no_pain	0.979513	0.015568516	0.0049185157
1306	no_pain	0.99709505	0.0016347376	0.0012702507
1307	no_pain	0.9951105	0.0026209482	0.0022685484
1308	no_pain	0.9952902	0.002619714	0.0020901007
1309	low_pain	0.00013218088	0.99839497	0.001472832
1310	no_pain	0.99675506	0.0017587157	0.0014862095
1311	no_pain	0.7719454	0.07392112	0.15413345
1312	no_pain	0.7788567	0.18953507	0.031608246
1313	no_pain	0.9902903	0.006417879	0.0032918234
1314	no_pain	0.99427885	0.0033655446	0.002355564
1315	low_pain	0.0001839739	0.997548	0.0022680236
1316	no_pain	0.9474769	0.04009242	0.012430622
1317	no_pain	0.7634767	0.21582885	0.020694405
1318	low_pain	0.00020306428	0.997178	0.0026189287
1319	no_pain	0.9956128	0.0023667116	0.0020204654
1320	no_pain	0.9980746	0.0009153762	0.0010100108
1321	no_pain	0.99755967	0.0013222061	0.0011180791
1322	no_pain	0.99835145	0.0008902058	0.00075832993
1323	no_pain	0.995128	0.0027986218	0.0020734803
