sample_index	label	no_pain	low_pain	high_pain
000	no_pain	0.91505176	0.033966634	0.05098158
001	no_pain	0.91554385	0.03366947	0.0507867
002	no_pain	0.911687	0.03607255	0.052240424
003	no_pain	0.9074849	0.033737633	0.05877752
004	no_pain	0.914303	0.031759836	0.053937115
005	no_pain	0.8011634	0.042029075	0.15680747
006	no_pain	0.888546	0.033731546	0.07772251
007	no_pain	0.91854143	0.031209558	0.050249036
008	no_pain	0.90300924	0.034182	0.0628088
009	no_pain	0.9151255	0.033510678	0.051363822
010	no_pain	0.9194102	0.030948523	0.049641255
011	no_pain	0.91323614	0.036193047	0.050570827
012	no_pain	0.91387767	0.034682907	0.051439375
013	no_pain	0.9120463	0.038097225	0.049856473
014	no_pain	0.9145746	0.034146577	0.051278833
015	no_pain	0.8954975	0.033937432	0.07056501
016	low_pain	0.0004085794	0.9937802	0.005811199
017	no_pain	0.90996057	0.033275936	0.0567635
018	low_pain	0.061511572	0.9226533	0.015835071
019	no_pain	0.91264385	0.033482216	0.053873923
020	no_pain	0.913377	0.03355012	0.053072836
021	no_pain	0.91234463	0.03316336	0.05449196
022	no_pain	0.49976453	0.02466319	0.4755723
023	low_pain	0.00039753836	0.99319553	0.006406897
024	no_pain	0.8823705	0.032961816	0.08466773
025	no_pain	0.91797364	0.03279136	0.049235016
026	low_pain	0.0004185779	0.9934889	0.006092523
027	no_pain	0.91278595	0.035814613	0.05139945
028	no_pain	0.9154347	0.034254782	0.050310493
029	no_pain	0.915948	0.033260703	0.05079127
030	no_pain	0.918408	0.033626974	0.047964998
031	no_pain	0.9154634	0.034012813	0.050523806
032	no_pain	0.9160651	0.033509042	0.050425835
033	no_pain	0.89966553	0.044171292	0.05616313
034	no_pain	0.9141585	0.03464792	0.05119348
035	no_pain	0.9143215	0.033983737	0.051694762
036	low_pain	0.00044058985	0.99248606	0.0070733437
037	no_pain	0.8571008	0.0330725	0.10982672
038	no_pain	0.84745973	0.09489971	0.0576406
039	no_pain	0.9156365	0.03358493	0.05077863
040	no_pain	0.87426585	0.033574443	0.09215968
041	low_pain	0.00037156467	0.99389803	0.0057303635
042	low_pain	0.0005184288	0.9933457	0.0061358907
043	low_pain	0.0004747763	0.9934908	0.0060344106
044	no_pain	0.9153381	0.032843385	0.051818516
045	high_pain	0.00081658264	0.43856916	0.5606142
046	high_pain	0.00024404882	0.0017579718	0.99799794
047	no_pain	0.91588527	0.034034975	0.050079804
048	no_pain	0.9149181	0.03295247	0.05212939
049	high_pain	0.0002725116	0.0017844172	0.99794304
050	high_pain	0.00043018296	0.0020374632	0.9975323
051	no_pain	0.90910757	0.040993728	0.04989874
052	low_pain	0.024676962	0.95907515	0.01624784
053	low_pain	0.25459796	0.72571766	0.019684365
054	no_pain	0.9181279	0.032459997	0.049412068
055	no_pain	0.87446785	0.03342015	0.09211197
056	no_pain	0.9158535	0.033978492	0.050168
057	no_pain	0.89122885	0.053447884	0.055323225
058	no_pain	0.9147419	0.03422938	0.051028747
059	no_pain	0.9169125	0.03308446	0.050003026
060	no_pain	0.8590375	0.033281468	0.107680954
061	no_pain	0.91367066	0.034461245	0.051868092
062	no_pain	0.917165	0.032919686	0.049915306
063	no_pain	0.9196224	0.030682426	0.04969513
064	no_pain	0.91573495	0.033671323	0.050593723
065	no_pain	0.91759235	0.031991627	0.050416052
066	no_pain	0.91355497	0.036112864	0.050332185
067	no_pain	0.9178998	0.032533925	0.04956626
068	no_pain	0.64478177	0.029487956	0.32573026
069	no_pain	0.9178486	0.03175631	0.050395105
070	no_pain	0.9181694	0.032140825	0.0496898
071	high_pain	0.0044672154	0.40821022	0.5873226
072	no_pain	0.9161209	0.03314114	0.05073795
073	no_pain	0.8493038	0.03270272	0.117993474
074	no_pain	0.9105943	0.036122587	0.053283155
075	no_pain	0.9164576	0.03316394	0.050378468
076	no_pain	0.6830562	0.03068635	0.28625754
077	no_pain	0.9185406	0.03192399	0.049535394
078	no_pain	0.9173144	0.032815598	0.049869962
079	no_pain	0.91648185	0.033331577	0.050186627
080	high_pain	0.12878376	0.008856965	0.8623592
081	high_pain	0.013417278	0.012218763	0.9743639
082	high_pain	0.000826356	0.022378523	0.97679514
083	no_pain	0.9120925	0.031712357	0.05619516
084	no_pain	0.91453236	0.03407953	0.051388066
085	no_pain	0.9162496	0.033147212	0.050603297
086	no_pain	0.91898865	0.03161536	0.04939597
087	low_pain	0.38736004	0.5860543	0.026585672
088	no_pain	0.91632694	0.03309768	0.050575424
089	no_pain	0.82694066	0.11168253	0.06137682
090	no_pain	0.86490446	0.033463467	0.10163205
091	no_pain	0.9156699	0.034139145	0.050190926
092	no_pain	0.9191746	0.03086007	0.049965285
093	low_pain	0.00051721453	0.9935924	0.0058903457
094	no_pain	0.9178429	0.032698546	0.049458545
095	low_pain	0.2559517	0.7223497	0.02169856
096	no_pain	0.9151698	0.033671472	0.051158715
097	high_pain	0.12790246	0.008286434	0.8638111
098	high_pain	0.3868092	0.019945154	0.5932456
099	low_pain	0.0005212245	0.99327457	0.006204241
100	no_pain	0.91782874	0.032957193	0.049214073
101	no_pain	0.91806877	0.031490043	0.050441243
102	low_pain	0.00039952985	0.9937666	0.0058338745
103	low_pain	0.20165853	0.7737323	0.024609165
104	no_pain	0.9123762	0.036526326	0.05109752
105	no_pain	0.6970008	0.03401483	0.26898438
106	high_pain	0.00045321634	0.00205507	0.9974917
107	no_pain	0.91448337	0.033883397	0.051633287
108	no_pain	0.9160829	0.03330059	0.05061649
109	no_pain	0.9177459	0.032297693	0.04995652
110	no_pain	0.9172163	0.03272873	0.050054938
111	no_pain	0.91476804	0.034240037	0.05099196
112	no_pain	0.62079793	0.33094293	0.048259113
113	no_pain	0.917579	0.032958362	0.049462687
114	no_pain	0.9158297	0.034195613	0.049974672
115	high_pain	0.042140327	0.00642807	0.95143163
116	no_pain	0.91347843	0.031663958	0.054857574
117	high_pain	0.00024203664	0.0017537382	0.99800426
118	high_pain	0.00031880097	0.001810932	0.99787027
119	no_pain	0.91448134	0.03377482	0.05174381
120	no_pain	0.9078897	0.033995416	0.058114886
121	no_pain	0.91919917	0.031169947	0.049630847
122	no_pain	0.9089796	0.03355365	0.05746675
123	no_pain	0.9149403	0.035075754	0.049983896
124	no_pain	0.9148884	0.032691117	0.05242053
125	no_pain	0.91726387	0.033308573	0.0494276
126	no_pain	0.9188735	0.031049063	0.050077476
127	no_pain	0.9148734	0.033750854	0.05137572
128	no_pain	0.918207	0.032533295	0.049259733
129	no_pain	0.9162094	0.03409412	0.04969645
130	no_pain	0.9188317	0.03109059	0.050077736
131	no_pain	0.9188875	0.030878631	0.050233863
132	no_pain	0.91539127	0.033657853	0.050950933
133	no_pain	0.91849047	0.031960864	0.049548637
134	no_pain	0.9117448	0.037664764	0.050590444
135	no_pain	0.9026552	0.043662366	0.053682394
136	low_pain	0.00034379266	0.99383646	0.0058197263
137	high_pain	0.1289433	0.008047325	0.8630094
138	no_pain	0.91544807	0.034781676	0.049770292
139	low_pain	0.36064914	0.6071664	0.032184403
140	no_pain	0.9105361	0.040104304	0.04935955
141	no_pain	0.918312	0.031555746	0.05013227
142	no_pain	0.9003537	0.032828625	0.06681764
143	no_pain	0.91288143	0.033740792	0.053377796
144	no_pain	0.9079896	0.035218064	0.05679233
145	no_pain	0.91716236	0.0319219	0.05091575
146	low_pain	0.00040756905	0.9936732	0.0059192674
147	no_pain	0.9136929	0.03526594	0.051041126
148	low_pain	0.0003833095	0.9929056	0.0067111016
149	no_pain	0.91430634	0.034468807	0.051224835
150	no_pain	0.9144722	0.033003118	0.052524652
151	no_pain	0.9162368	0.034198567	0.049564667
152	no_pain	0.85864985	0.08830408	0.053046066
153	no_pain	0.91341734	0.034520414	0.0520623
154	no_pain	0.9099682	0.04008747	0.049944345
155	no_pain	0.9054921	0.033755954	0.060751937
156	no_pain	0.87524384	0.033553272	0.09120286
157	no_pain	0.91580117	0.03283894	0.0513599
158	no_pain	0.91438544	0.033810075	0.051804442
159	no_pain	0.9104187	0.033745944	0.055835392
160	low_pain	0.00044298152	0.99364203	0.0059149624
161	no_pain	0.9083751	0.041479163	0.050145812
162	no_pain	0.91389793	0.03461603	0.051486038
163	no_pain	0.91046906	0.040070955	0.049459957
164	no_pain	0.91691643	0.03232235	0.050761163
165	low_pain	0.008905902	0.9796161	0.011477995
166	no_pain	0.9043654	0.044574004	0.05106063
167	no_pain	0.91893405	0.031847164	0.049218792
168	no_pain	0.79368544	0.03176272	0.17455189
169	no_pain	0.9172992	0.03245085	0.050249908
170	no_pain	0.57628095	0.2088507	0.21486832
171	low_pain	0.0005559866	0.99157155	0.007872441
172	no_pain	0.91549593	0.03404772	0.050456356
173	no_pain	0.9043938	0.0335087	0.062097523
174	no_pain	0.91420376	0.034352798	0.051443398
175	high_pain	0.23078702	0.164694	0.60451895
176	no_pain	0.91285306	0.031487226	0.055659704
177	no_pain	0.9151482	0.033777807	0.05107402
178	no_pain	0.91380054	0.034412675	0.05178682
179	no_pain	0.91458637	0.033928066	0.05148558
180	no_pain	0.9163765	0.03303311	0.050590426
181	no_pain	0.91239375	0.033916082	0.053690154
182	no_pain	0.91338766	0.035428803	0.051183533
183	no_pain	0.8224093	0.12224611	0.05534463
184	no_pain	0.889264	0.05159877	0.059137266
185	no_pain	0.91427714	0.033383373	0.052339487
186	high_pain	0.00036530537	0.0018968618	0.9977379
187	no_pain	0.9159859	0.032739054	0.051275063
188	high_pain	0.15388636	0.012569183	0.8335444
189	high_pain	0.00025645617	0.0017271171	0.9980164
190	no_pain	0.8393155	0.10634103	0.054343455
191	high_pain	0.0002821926	0.0018352217	0.99788254
192	no_pain	0.9120863	0.035914984	0.05199876
193	no_pain	0.9169053	0.032201275	0.05089345
194	no_pain	0.9189081	0.031015396	0.050076474
195	no_pain	0.64850456	0.29034162	0.061153855
196	no_pain	0.9112722	0.038284384	0.050443392
197	no_pain	0.91273457	0.033701636	0.05356381
198	low_pain	0.00037593234	0.99372035	0.0059037083
199	no_pain	0.9116302	0.033604898	0.054764878
200	no_pain	0.913063	0.03632736	0.05060965
201	high_pain	0.0056264675	0.4077886	0.5865849
202	low_pain	0.00033720187	0.99385226	0.0058105174
203	low_pain	0.41448697	0.52392954	0.061583485
204	no_pain	0.9156894	0.034054704	0.050255943
205	no_pain	0.9086906	0.041253485	0.050055888
206	low_pain	0.00058888464	0.993174	0.006237065
207	no_pain	0.91081804	0.038408875	0.05077309
208	no_pain	0.91250294	0.031734277	0.05576275
209	no_pain	0.91807324	0.03237593	0.049550805
210	no_pain	0.91240114	0.03602274	0.05157612
211	no_pain	0.91797626	0.032741476	0.049282253
212	no_pain	0.91425806	0.033554487	0.05218743
213	no_pain	0.91505164	0.03455114	0.050397184
214	low_pain	0.00038746113	0.993698	0.005914524
215	no_pain	0.9153535	0.03357115	0.05107535
216	no_pain	0.91321963	0.033598498	0.053181883
217	no_pain	0.9149627	0.034243796	0.05079349
218	no_pain	0.911076	0.03834358	0.050580416
219	no_pain	0.911588	0.031993758	0.056418274
220	low_pain	0.0004588966	0.9937574	0.0057836208
221	no_pain	0.9186751	0.031887535	0.04943728
222	high_pain	0.013786801	0.23410745	0.7521058
223	no_pain	0.91244227	0.033530634	0.05402712
224	no_pain	0.9079694	0.034165613	0.057864998
225	no_pain	0.91864604	0.031139076	0.050214887
226	low_pain	0.009681988	0.97618914	0.014128896
227	no_pain	0.9155469	0.033435475	0.051017616
228	no_pain	0.9141957	0.034257483	0.05154677
229	no_pain	0.9135793	0.03328816	0.0531326
230	no_pain	0.9167563	0.033028264	0.05021545
231	no_pain	0.9147733	0.034355905	0.05087083
232	no_pain	0.9191513	0.031264555	0.04958414
233	no_pain	0.89119965	0.053451933	0.055348463
234	no_pain	0.9122761	0.034345802	0.05337814
235	no_pain	0.9114359	0.037907872	0.050656237
236	no_pain	0.91424274	0.031723943	0.05403334
237	no_pain	0.90742856	0.04207086	0.05050059
238	low_pain	0.21726088	0.7515155	0.031223616
239	no_pain	0.9116718	0.03739584	0.05093228
240	no_pain	0.91243047	0.03407311	0.053496443
241	no_pain	0.9182908	0.032269396	0.04943976
242	no_pain	0.9161304	0.033744864	0.050124742
243	no_pain	0.913156	0.034811236	0.052032795
244	no_pain	0.9162896	0.03389827	0.049812112
245	no_pain	0.91838664	0.032135576	0.049477734
246	no_pain	0.91157854	0.038034476	0.050387
247	no_pain	0.91429466	0.03341799	0.052287396
248	no_pain	0.89808977	0.050569747	0.0513405
249	no_pain	0.9157248	0.03407549	0.050199695
250	no_pain	0.9153392	0.030760081	0.053900708
251	low_pain	0.000521557	0.99346936	0.006009106
252	no_pain	0.9135195	0.034265105	0.05221536
253	no_pain	0.9171322	0.03273452	0.050133325
254	no_pain	0.9144116	0.032064103	0.05352429
255	no_pain	0.9068628	0.034140572	0.058996618
256	no_pain	0.91587627	0.033252727	0.050870977
257	high_pain	0.2605806	0.013913458	0.72550595
258	no_pain	0.75689715	0.03466397	0.20843887
259	no_pain	0.910365	0.039743148	0.049891848
260	no_pain	0.912367	0.03433826	0.053294707
261	high_pain	0.0002474841	0.0017359315	0.99801654
262	no_pain	0.9121588	0.035372782	0.0524685
263	no_pain	0.9159859	0.033451412	0.05056276
264	no_pain	0.9117417	0.03679096	0.051467348
265	no_pain	0.91665614	0.032842193	0.050501708
266	high_pain	0.0002792611	0.0017904573	0.9979302
267	no_pain	0.9183687	0.03161132	0.05002
268	high_pain	0.0005377394	0.0021577328	0.9973045
269	no_pain	0.90937454	0.033661317	0.056964207
270	low_pain	0.0006305498	0.9930944	0.0062750997
271	no_pain	0.917024	0.03299394	0.049982075
272	low_pain	0.00035501044	0.9937995	0.0058454834
273	no_pain	0.75572723	0.19587752	0.04839527
274	no_pain	0.91285557	0.03728706	0.04985737
275	no_pain	0.8993512	0.047523174	0.053125627
276	no_pain	0.6194673	0.092880465	0.2876522
277	no_pain	0.90227944	0.043038268	0.054682314
278	no_pain	0.9153223	0.033925302	0.050752345
279	no_pain	0.9186365	0.03212626	0.0492372
280	no_pain	0.8407261	0.10374527	0.055528615
281	no_pain	0.55437547	0.0262854	0.41933912
282	no_pain	0.9192812	0.032696154	0.048022617
283	no_pain	0.725789	0.21875317	0.055457793
284	no_pain	0.91854954	0.031377606	0.050072875
285	no_pain	0.9182366	0.0315247	0.05023866
286	no_pain	0.9190276	0.031566426	0.049405996
287	low_pain	0.00037120856	0.9937005	0.0059282854
288	no_pain	0.91564876	0.033685032	0.050666247
289	no_pain	0.9170404	0.032711472	0.050248113
290	no_pain	0.90646696	0.042273555	0.051259525
291	low_pain	0.0008122989	0.98406786	0.015119872
292	no_pain	0.91458476	0.034924183	0.050491083
293	no_pain	0.9187754	0.03136376	0.049860887
294	low_pain	0.00037797968	0.9939098	0.005712274
295	no_pain	0.919113	0.031121965	0.0497651
296	no_pain	0.9155226	0.0350073	0.049470156
297	no_pain	0.91734713	0.03208129	0.05057151
298	no_pain	0.54897106	0.03093556	0.4200934
299	no_pain	0.9081111	0.03378346	0.05810538
300	low_pain	0.0018608671	0.54842883	0.44971028
301	no_pain	0.9189486	0.031153506	0.0498979
302	low_pain	0.0004893314	0.9934556	0.0060550724
303	no_pain	0.77682304	0.031032983	0.19214399
304	no_pain	0.9178047	0.032967992	0.0492273
305	no_pain	0.9122162	0.032659147	0.055124674
306	no_pain	0.9142253	0.03450985	0.05126486
307	no_pain	0.9165796	0.033259206	0.050161213
308	high_pain	0.010575675	0.4115155	0.5779089
309	no_pain	0.91689676	0.03293732	0.050165925
310	no_pain	0.91602516	0.033752494	0.05022233
311	no_pain	0.91667634	0.033005375	0.0503183
312	no_pain	0.9077367	0.04219807	0.050065186
313	no_pain	0.91326886	0.03157917	0.055152006
314	no_pain	0.9143433	0.03351261	0.052144118
315	low_pain	0.37176362	0.580198	0.048038404
316	no_pain	0.91430444	0.031761833	0.053933732
317	no_pain	0.8989894	0.04888401	0.05212656
318	no_pain	0.91664225	0.03299748	0.050360236
319	high_pain	0.00024436327	0.001768251	0.99798733
320	no_pain	0.9126871	0.031704254	0.055608697
321	low_pain	0.0003123009	0.994284	0.0054037417
322	low_pain	0.00051442784	0.99038357	0.009102042
323	no_pain	0.90727776	0.032977562	0.059744623
324	no_pain	0.91840595	0.032113485	0.049480546
325	low_pain	0.0010917939	0.991403	0.0075052376
326	high_pain	0.00035736026	0.0019662136	0.99767643
327	no_pain	0.91675055	0.0328367	0.050412763
328	no_pain	0.9149421	0.034648754	0.050409164
329	no_pain	0.91928166	0.03120352	0.049514778
330	high_pain	0.0012165982	0.44460753	0.55417585
331	no_pain	0.913801	0.03411103	0.05208797
332	no_pain	0.91952705	0.031011973	0.049460966
333	no_pain	0.91693145	0.031913698	0.05115489
334	high_pain	0.00034620613	0.0019305095	0.9977233
335	no_pain	0.91531855	0.033511855	0.051169608
336	no_pain	0.9126499	0.03463694	0.052713167
337	no_pain	0.917488	0.032477967	0.05003405
338	no_pain	0.9041305	0.03342441	0.062445033
339	no_pain	0.91576576	0.0335162	0.050718047
340	low_pain	0.0003612935	0.9939998	0.0056389337
341	no_pain	0.9163958	0.033699583	0.049904596
342	no_pain	0.9142221	0.033219945	0.052557904
343	no_pain	0.9152172	0.03448752	0.050295264
344	no_pain	0.91406345	0.036172025	0.049764514
345	no_pain	0.91211957	0.033965934	0.053914476
346	no_pain	0.914388	0.03525441	0.050357644
347	no_pain	0.91789216	0.03227585	0.049831964
348	no_pain	0.8996526	0.033258878	0.06708849
349	no_pain	0.9139432	0.034490928	0.051565927
350	no_pain	0.8983256	0.0330514	0.068622984
351	no_pain	0.9148449	0.03418254	0.050972592
352	low_pain	0.0004359012	0.99313223	0.006431841
353	no_pain	0.9136408	0.036877844	0.049481418
354	no_pain	0.9154826	0.03426308	0.050254334
355	no_pain	0.9118991	0.036602717	0.051498167
356	no_pain	0.91401273	0.03406657	0.051920738
357	no_pain	0.91626346	0.03348527	0.050251234
358	no_pain	0.9154979	0.03380615	0.050695963
359	no_pain	0.9094874	0.035236135	0.05527639
360	no_pain	0.9118276	0.036745045	0.05142734
361	no_pain	0.89302063	0.03372971	0.07324969
362	no_pain	0.90700734	0.032866064	0.060126554
363	no_pain	0.9169889	0.032267474	0.050743602
364	no_pain	0.91672295	0.032705817	0.05057126
365	no_pain	0.9163977	0.034388445	0.049213823
366	no_pain	0.90879154	0.040092297	0.051116172
367	no_pain	0.9137678	0.034360666	0.051871542
368	no_pain	0.91335976	0.03434495	0.052295323
369	no_pain	0.9108567	0.038556308	0.050586957
370	no_pain	0.9151179	0.033955764	0.05092626
371	low_pain	0.00058806903	0.9931847	0.006227252
372	low_pain	0.00047501587	0.9935326	0.0059923935
373	no_pain	0.9151972	0.034674954	0.050127868
374	no_pain	0.91358626	0.034425016	0.05198868
375	low_pain	0.00033484917	0.9938532	0.0058118985
376	no_pain	0.91391087	0.033484016	0.052605104
377	no_pain	0.9117737	0.03388146	0.054344814
378	no_pain	0.9162443	0.032810543	0.05094518
379	low_pain	0.081444435	0.89642394	0.022131598
380	no_pain	0.9172049	0.0328362	0.049958855
381	low_pain	0.12938327	0.8551528	0.01546391
382	no_pain	0.9185629	0.031374186	0.05006293
383	no_pain	0.9125513	0.034332607	0.053116146
384	no_pain	0.9143013	0.034371007	0.05132773
385	no_pain	0.89528614	0.03389511	0.07081875
386	no_pain	0.91148484	0.033354398	0.05516075
387	no_pain	0.9150605	0.03465713	0.050282348
388	no_pain	0.9121247	0.037157606	0.050717656
389	no_pain	0.9165817	0.0328919	0.05052645
390	no_pain	0.9068982	0.03376188	0.05933988
391	no_pain	0.91499853	0.033840027	0.051161442
392	low_pain	0.38870072	0.5674848	0.043814447
393	no_pain	0.9152179	0.035162594	0.049619492
394	no_pain	0.91684675	0.034086462	0.04906676
395	no_pain	0.9119834	0.036190387	0.05182628
396	no_pain	0.91685325	0.032949492	0.05019725
397	no_pain	0.91452545	0.031148015	0.054326557
398	no_pain	0.886106	0.0599658	0.053928178
399	low_pain	0.0005989265	0.97988194	0.019519066
400	low_pain	0.00075876963	0.9801463	0.019094987
401	low_pain	0.00039782847	0.99412775	0.005474461
402	no_pain	0.91851133	0.032132026	0.049356632
403	high_pain	0.07692127	0.009774214	0.9133045
404	no_pain	0.9099703	0.039884448	0.05014524
405	no_pain	0.8915474	0.033298038	0.07515453
406	no_pain	0.9166302	0.032440234	0.050929554
407	low_pain	0.47634166	0.48576334	0.037895013
408	no_pain	0.91855985	0.032453444	0.048986744
409	no_pain	0.9167963	0.032833356	0.050370343
410	no_pain	0.9080878	0.033601265	0.058310892
411	no_pain	0.91144	0.038628843	0.04993116
412	no_pain	0.9142257	0.034181353	0.051592905
413	low_pain	0.16330682	0.8162905	0.02040269
414	low_pain	0.0014179837	0.9918858	0.006696234
415	no_pain	0.9110466	0.032931168	0.056022193
416	low_pain	0.002504619	0.98967975	0.007815649
417	no_pain	0.91519386	0.03358944	0.05121669
418	low_pain	0.00033168128	0.9938651	0.005803272
419	no_pain	0.9123211	0.037943065	0.049735896
420	no_pain	0.91158956	0.031647038	0.05676341
421	high_pain	0.00026226838	0.0017875833	0.99795014
422	no_pain	0.9086272	0.039290547	0.052082222
423	no_pain	0.894806	0.051675115	0.053518806
424	no_pain	0.9166931	0.031803254	0.051503655
425	no_pain	0.54167753	0.40425083	0.05407163
426	low_pain	0.0004188839	0.99368477	0.0058963345
427	high_pain	0.0003233122	0.0019065735	0.99777013
428	no_pain	0.7488207	0.06201129	0.189168
429	high_pain	0.13637152	0.015008984	0.8486195
430	no_pain	0.9186719	0.03185203	0.049476095
431	no_pain	0.914214	0.03352047	0.0522655
432	no_pain	0.9143434	0.034241427	0.051415138
433	no_pain	0.8725654	0.032982275	0.09445232
434	no_pain	0.9121026	0.035939455	0.051958025
435	no_pain	0.9148026	0.03410813	0.051089298
436	no_pain	0.8630782	0.03379746	0.10312434
437	high_pain	0.0021428796	0.0030417214	0.9948154
438	no_pain	0.91393816	0.03422309	0.051838722
439	no_pain	0.9180183	0.031975836	0.050005887
440	no_pain	0.9175163	0.031843927	0.05063973
441	no_pain	0.914187	0.034642957	0.051170025
442	no_pain	0.91840565	0.032294773	0.049299575
443	no_pain	0.91368526	0.034395684	0.051919036
444	no_pain	0.9175805	0.032766655	0.049652908
445	no_pain	0.91939116	0.031339347	0.049269475
446	no_pain	0.90791214	0.03294314	0.059144717
447	no_pain	0.7397911	0.20202729	0.058181636
448	no_pain	0.91170514	0.03452804	0.053766806
449	no_pain	0.9136758	0.03459659	0.05172769
450	low_pain	0.0006326437	0.9930604	0.006306924
451	no_pain	0.9125291	0.034887884	0.05258298
452	no_pain	0.8463859	0.033492304	0.12012184
453	no_pain	0.91630787	0.034041487	0.049650617
454	high_pain	0.00026949233	0.001796493	0.997934
455	no_pain	0.91553384	0.032770697	0.05169547
456	no_pain	0.91676575	0.032836515	0.050397713
457	no_pain	0.9122496	0.031815674	0.055934686
458	no_pain	0.90985936	0.03421261	0.05592795
459	no_pain	0.91766065	0.033067398	0.049271952
460	high_pain	0.0010912049	0.002562408	0.99634635
461	no_pain	0.9130065	0.03736676	0.049626738
462	low_pain	0.0003751498	0.9938445	0.0057803243
463	high_pain	0.3813544	0.020191059	0.59845454
464	no_pain	0.91320866	0.033333715	0.05345761
465	high_pain	0.0002749119	0.0017852501	0.99793977
466	no_pain	0.9105388	0.039450016	0.050011206
467	no_pain	0.9152431	0.033681057	0.051075883
468	no_pain	0.78088516	0.03101499	0.18809985
469	no_pain	0.91597635	0.03211299	0.051910702
470	high_pain	0.10767722	0.013897464	0.8784253
471	high_pain	0.052377556	0.009521365	0.9381011
472	no_pain	0.90904033	0.0347218	0.056237917
473	no_pain	0.9029204	0.03461226	0.062467307
474	no_pain	0.9158358	0.034422137	0.049742065
475	low_pain	0.014126847	0.9733325	0.012540596
476	no_pain	0.9165408	0.033201545	0.05025765
477	no_pain	0.9158211	0.03347608	0.050702848
478	low_pain	0.010294323	0.6375437	0.35216197
479	no_pain	0.8916014	0.033735745	0.0746629
480	no_pain	0.9156028	0.033280145	0.051117033
481	no_pain	0.9139238	0.03378487	0.052291367
482	no_pain	0.916524	0.032457124	0.051018912
483	low_pain	0.00058117555	0.9931203	0.006298465
484	no_pain	0.91239864	0.03315658	0.05444479
485	no_pain	0.9027992	0.04605755	0.05114327
486	no_pain	0.91407233	0.034164622	0.051763035
487	no_pain	0.8761985	0.033839688	0.089961864
488	no_pain	0.91228735	0.034894954	0.052817635
489	low_pain	0.0010598225	0.992199	0.006741148
490	low_pain	0.00031244944	0.99427503	0.0054124924
491	no_pain	0.915646	0.033476565	0.05087741
492	high_pain	0.1055043	0.027596382	0.8668994
493	no_pain	0.6577544	0.29992047	0.04232511
494	no_pain	0.65178955	0.28253317	0.06567729
495	no_pain	0.91192526	0.037483543	0.050591208
496	no_pain	0.91221416	0.03739822	0.050387654
497	no_pain	0.7554663	0.17235123	0.07218247
498	no_pain	0.9172743	0.03294678	0.04977897
499	high_pain	0.37428576	0.02585536	0.5998588
500	no_pain	0.9152381	0.035553288	0.0492086
501	no_pain	0.9130958	0.033745438	0.053158797
502	no_pain	0.91879207	0.031350605	0.049857397
503	no_pain	0.9171755	0.031998508	0.05082596
504	no_pain	0.91578454	0.033638097	0.050577335
505	no_pain	0.9172578	0.032752234	0.049989946
506	no_pain	0.9140619	0.034612693	0.051325437
507	no_pain	0.84292644	0.0963881	0.060685482
508	low_pain	0.00057266664	0.9932316	0.0061957394
509	no_pain	0.9164076	0.03308077	0.050511606
510	low_pain	0.00045635752	0.9934543	0.006089367
511	no_pain	0.91244715	0.036022417	0.051530387
512	no_pain	0.9172193	0.032873496	0.049907245
513	no_pain	0.9128788	0.031983916	0.05513734
514	no_pain	0.91277057	0.03269669	0.05453276
515	high_pain	0.19324838	0.017235802	0.78951585
516	low_pain	0.1312076	0.85301524	0.015777169
517	no_pain	0.9147481	0.033466402	0.051785525
518	no_pain	0.913545	0.03172841	0.054726604
519	no_pain	0.91611576	0.033753622	0.05013057
520	no_pain	0.9118589	0.032611262	0.05552986
521	no_pain	0.91002136	0.039252955	0.050725702
522	no_pain	0.91484493	0.035371743	0.04978331
523	no_pain	0.86958325	0.033630908	0.09678579
524	no_pain	0.9130682	0.031669524	0.05526229
525	no_pain	0.91144574	0.03845018	0.050104048
526	no_pain	0.9151169	0.033193048	0.051690012
527	no_pain	0.9181267	0.032286856	0.049586445
528	no_pain	0.9148887	0.035400666	0.049710624
529	low_pain	0.00035380508	0.993801	0.005845159
530	no_pain	0.9137508	0.03423072	0.052018397
531	low_pain	0.31330296	0.5895958	0.097101234
532	high_pain	0.0012440818	0.0031947999	0.9955611
533	high_pain	0.00032758966	0.0018976352	0.9977748
534	low_pain	0.00079312304	0.5699536	0.42925325
535	no_pain	0.9070564	0.03399388	0.05894969
536	low_pain	0.0014330774	0.716592	0.28197488
537	no_pain	0.91590345	0.033531517	0.050565083
538	no_pain	0.91629905	0.033101596	0.05059934
539	no_pain	0.64322346	0.28844163	0.06833493
540	low_pain	0.00035736547	0.9941163	0.0055263652
541	no_pain	0.91508293	0.03410039	0.05081668
542	no_pain	0.9149012	0.03493505	0.050163776
543	no_pain	0.91195923	0.034204252	0.053836513
544	low_pain	0.00042036807	0.9937144	0.0058652223
545	high_pain	0.43812603	0.026443258	0.5354307
546	no_pain	0.8947378	0.05246352	0.05279869
547	no_pain	0.6570128	0.25931948	0.08366774
548	no_pain	0.91416067	0.033041675	0.052797634
549	low_pain	0.0005800651	0.85178435	0.14763556
550	low_pain	0.0007169917	0.85769886	0.14158414
551	no_pain	0.91633856	0.0328699	0.050791495
552	no_pain	0.9193072	0.031177904	0.049514946
553	no_pain	0.8847832	0.034057885	0.08115895
554	no_pain	0.9149872	0.03394852	0.05106422
555	no_pain	0.907653	0.04097265	0.051374305
556	no_pain	0.91355556	0.035805847	0.050638583
557	high_pain	0.44317573	0.024811415	0.5320129
558	low_pain	0.0010561264	0.8979992	0.10094462
559	no_pain	0.9143924	0.0342476	0.05135996
560	low_pain	0.00044315812	0.9936568	0.0058999998
561	no_pain	0.9168062	0.033509176	0.04968462
562	high_pain	0.39136145	0.16567285	0.44296575
563	no_pain	0.9161225	0.033982325	0.04989517
564	no_pain	0.91608	0.033294283	0.05062574
565	low_pain	0.0004683313	0.99354905	0.0059825624
566	no_pain	0.5133369	0.024651092	0.462012
567	no_pain	0.9180941	0.03174133	0.05016456
568	no_pain	0.91586363	0.03401388	0.050122477
569	no_pain	0.9085495	0.03808453	0.053365935
570	no_pain	0.6089037	0.3270448	0.064051494
571	no_pain	0.91891605	0.031290863	0.049793165
572	no_pain	0.9160169	0.03397109	0.05001204
573	no_pain	0.91185576	0.03251461	0.0556296
574	no_pain	0.9086466	0.040797763	0.05055564
575	no_pain	0.91875595	0.031508237	0.049735773
576	no_pain	0.9199309	0.030637303	0.049431838
577	low_pain	0.0005355208	0.9918016	0.00766287
578	no_pain	0.9154316	0.033777166	0.050791208
579	no_pain	0.90793735	0.03301538	0.059047308
580	low_pain	0.00033975797	0.99423015	0.005430062
581	no_pain	0.91571665	0.033309493	0.05097386
582	no_pain	0.68193567	0.24494003	0.073124304
583	no_pain	0.91580856	0.03251873	0.05167278
584	low_pain	0.00093227945	0.98919755	0.009870201
585	no_pain	0.5381999	0.40405473	0.05774534
586	no_pain	0.91502696	0.034269966	0.050703146
587	no_pain	0.9159716	0.03336336	0.05066507
588	no_pain	0.9169075	0.032768913	0.0503236
589	no_pain	0.9135541	0.03581675	0.050629236
590	no_pain	0.9177001	0.03294995	0.049349956
591	no_pain	0.9191856	0.03122385	0.049590584
592	no_pain	0.9153309	0.033842668	0.050826434
593	no_pain	0.9159659	0.03426686	0.049767215
594	no_pain	0.91239977	0.036175866	0.051424373
595	no_pain	0.9180856	0.03275566	0.049158722
596	no_pain	0.9146033	0.033818234	0.051578455
597	low_pain	0.00045861147	0.99205285	0.0074885474
598	no_pain	0.672726	0.2748931	0.05238095
599	no_pain	0.91539717	0.034441985	0.05016085
600	no_pain	0.91748345	0.03313867	0.0493779
601	no_pain	0.91898835	0.030825093	0.050186563
602	no_pain	0.9144831	0.034352172	0.051164743
603	no_pain	0.915423	0.03342432	0.05115267
604	no_pain	0.91581255	0.03238752	0.051799934
605	no_pain	0.88673466	0.034691386	0.07857394
606	no_pain	0.9157662	0.033381023	0.050852843
607	no_pain	0.9151756	0.03391921	0.05090516
608	no_pain	0.9153965	0.033868134	0.050735388
609	no_pain	0.91320956	0.034707215	0.05208317
610	no_pain	0.91560733	0.03421801	0.05017468
611	no_pain	0.91119915	0.034401704	0.05439913
612	low_pain	0.0005619997	0.9933745	0.006063492
613	high_pain	0.0076778117	0.031801336	0.96052086
614	no_pain	0.9160184	0.033271603	0.050710004
615	no_pain	0.91452014	0.035138886	0.05034097
616	low_pain	0.033736642	0.95181435	0.01444902
617	no_pain	0.7801007	0.04143257	0.17846675
618	no_pain	0.917767	0.032311194	0.04992188
619	no_pain	0.9171693	0.031921625	0.05090907
620	no_pain	0.9172115	0.03368413	0.0491044
621	no_pain	0.9084794	0.034487206	0.05703335
622	no_pain	0.9124516	0.03674165	0.0508067
623	no_pain	0.9142743	0.03472445	0.051001254
624	low_pain	0.3201025	0.6453138	0.034583658
625	no_pain	0.91661435	0.032428533	0.050957114
626	no_pain	0.91470176	0.033964235	0.051334035
627	no_pain	0.9127558	0.035395514	0.051848736
628	no_pain	0.91767913	0.032248527	0.050072324
629	no_pain	0.9136106	0.03591896	0.050470408
630	no_pain	0.9183541	0.03231046	0.049335413
631	no_pain	0.91901225	0.03189634	0.04909135
632	high_pain	0.00030999695	0.001889962	0.9978
633	low_pain	0.34736457	0.60119617	0.051439337
634	no_pain	0.65410364	0.030992601	0.3149038
635	no_pain	0.912154	0.03785661	0.049989372
636	no_pain	0.91592133	0.033990376	0.050088264
637	low_pain	0.00051597337	0.9607013	0.038782746
638	no_pain	0.9152351	0.033923343	0.050841533
639	low_pain	0.00033201647	0.99387634	0.0057916557
640	no_pain	0.91479456	0.034432355	0.050773036
641	high_pain	0.16997384	0.0120335985	0.81799257
642	low_pain	0.00046334285	0.9938063	0.0057303864
643	no_pain	0.9106693	0.03172486	0.05760581
644	no_pain	0.9169097	0.03227851	0.05081177
645	no_pain	0.9175519	0.032559507	0.049888644
646	no_pain	0.8707943	0.033130284	0.096075416
647	low_pain	0.00033792903	0.9941505	0.005511551
648	no_pain	0.91515255	0.03377267	0.05107484
649	high_pain	0.25867566	0.017389469	0.7239348
650	no_pain	0.9134931	0.035089605	0.051417317
651	no_pain	0.9059104	0.04308918	0.051000476
652	no_pain	0.91625273	0.033519257	0.050227966
653	no_pain	0.9122473	0.03716466	0.05058801
654	no_pain	0.9157342	0.033937376	0.050328474
655	no_pain	0.9029484	0.04365471	0.05339691
656	no_pain	0.9140801	0.03417895	0.05174094
657	high_pain	0.36343643	0.01920848	0.61735517
658	low_pain	0.055983834	0.9244353	0.019580815
659	high_pain	0.0011633175	0.29363894	0.70519775
660	no_pain	0.91555864	0.03368101	0.050760336
661	high_pain	0.0002654159	0.0017625386	0.997972
662	no_pain	0.9170795	0.032824237	0.0500963
663	no_pain	0.9180793	0.032638658	0.049282067
664	no_pain	0.9184743	0.031940233	0.04958541
665	no_pain	0.91085684	0.035244673	0.053898502
666	no_pain	0.9141969	0.03409285	0.051710255
667	no_pain	0.91868687	0.03185957	0.049453557
668	no_pain	0.9129916	0.031696737	0.05531163
669	no_pain	0.91258526	0.037823502	0.049591236
670	no_pain	0.9186044	0.03166493	0.049730714
671	no_pain	0.91508967	0.03573697	0.04917333
672	no_pain	0.9164685	0.031912416	0.05161906
673	no_pain	0.9182765	0.032323018	0.04940044
674	no_pain	0.91502607	0.0339293	0.05104466
675	no_pain	0.9185363	0.032381866	0.049081825
676	low_pain	0.0011433595	0.99208146	0.00677522
677	no_pain	0.9106582	0.03934903	0.049992774
678	high_pain	0.00026141174	0.0017062016	0.9980324
679	no_pain	0.9195102	0.031050762	0.04943909
680	no_pain	0.917323	0.032664094	0.050012905
681	no_pain	0.9140052	0.034092445	0.0519023
682	no_pain	0.9126979	0.031705957	0.055596102
683	high_pain	0.08286685	0.009465755	0.90766734
684	no_pain	0.914977	0.033242565	0.051780384
685	no_pain	0.9123468	0.032039084	0.05561412
686	high_pain	0.00024005376	0.0017432214	0.9980167
687	high_pain	0.0003021045	0.0018810538	0.99781686
688	no_pain	0.92005116	0.030561643	0.049387217
689	no_pain	0.83867085	0.10554738	0.05578176
690	no_pain	0.9147607	0.0342505	0.050988775
691	low_pain	0.0041243443	0.9866454	0.009230213
692	no_pain	0.9158935	0.033885017	0.050221473
693	no_pain	0.91553295	0.034345914	0.0501212
694	no_pain	0.9172687	0.031976536	0.050754763
695	high_pain	0.26306054	0.010610824	0.7263287
696	no_pain	0.91802454	0.03213508	0.04984035
697	no_pain	0.90658087	0.04179464	0.051624544
698	low_pain	0.0007100389	0.99317086	0.006119065
699	no_pain	0.91819966	0.03245541	0.049344905
700	no_pain	0.91686535	0.03286155	0.050273154
701	no_pain	0.9159903	0.033408877	0.0506008
702	no_pain	0.9151446	0.03530545	0.049549934
703	no_pain	0.9174205	0.032948084	0.04963142
704	no_pain	0.9162838	0.03317372	0.050542463
705	no_pain	0.9173083	0.032757256	0.04993456
706	no_pain	0.91279334	0.03714482	0.0500618
707	no_pain	0.90880615	0.036079824	0.05511407
708	low_pain	0.3447938	0.6189763	0.036229845
709	no_pain	0.9103313	0.03626444	0.05340423
710	no_pain	0.91563404	0.03360781	0.05075821
711	no_pain	0.9176413	0.03305508	0.049303614
712	no_pain	0.9184805	0.031814028	0.04970548
713	no_pain	0.9088521	0.04057691	0.050571013
714	high_pain	0.0018182151	0.30322114	0.6949607
715	no_pain	0.91554916	0.033355195	0.051095683
716	no_pain	0.91160667	0.03414731	0.054246046
717	low_pain	0.03342254	0.95054066	0.01603677
718	low_pain	0.38746193	0.582751	0.029787082
719	no_pain	0.9186744	0.031126285	0.05019931
720	no_pain	0.883042	0.034162898	0.08279508
721	low_pain	0.00035489857	0.9938003	0.005844792
722	low_pain	0.0012372461	0.9909237	0.0078390855
723	no_pain	0.9173182	0.03315709	0.049524754
724	no_pain	0.9067942	0.03395715	0.05924865
725	high_pain	0.0012131865	0.0027881083	0.9959987
726	no_pain	0.9087885	0.036772374	0.054439165
727	no_pain	0.90643483	0.04213633	0.051428877
728	no_pain	0.9190802	0.031617936	0.049301896
729	no_pain	0.88300335	0.063136	0.05386069
730	no_pain	0.9125556	0.03354669	0.05389774
731	low_pain	0.00056573295	0.99321795	0.0062163016
732	no_pain	0.9147611	0.03374132	0.05149754
733	no_pain	0.91663617	0.03310112	0.05026267
734	no_pain	0.91271514	0.0321634	0.055121463
735	no_pain	0.91670454	0.034094747	0.04920075
736	no_pain	0.9159121	0.032363962	0.05172398
737	no_pain	0.9112078	0.039036848	0.04975534
738	no_pain	0.83372605	0.03223335	0.13404061
739	no_pain	0.9167451	0.032698076	0.050556812
740	no_pain	0.9157434	0.03258581	0.051670767
741	no_pain	0.9137705	0.033921022	0.05230853
742	low_pain	0.0005668649	0.9906687	0.0087643955
743	no_pain	0.76403075	0.034935694	0.20103355
744	no_pain	0.90125877	0.04798621	0.050755065
745	no_pain	0.91944104	0.030920768	0.04963824
746	no_pain	0.91417044	0.035761666	0.050067853
747	no_pain	0.9152315	0.03451282	0.050255682
748	low_pain	0.00051082013	0.9936333	0.005855887
749	low_pain	0.0003276003	0.9941316	0.005540799
750	no_pain	0.8993206	0.043786753	0.05689269
751	no_pain	0.91693604	0.032713667	0.05035029
752	no_pain	0.91136605	0.038572114	0.050061855
753	no_pain	0.90973943	0.040321313	0.049939293
754	high_pain	0.13126534	0.014688237	0.8540464
755	no_pain	0.9153055	0.034057725	0.050636817
756	no_pain	0.8443386	0.09462587	0.06103551
757	high_pain	0.00027767217	0.0018427345	0.99787956
758	low_pain	0.0003833589	0.99391353	0.0057031023
759	low_pain	0.039200004	0.9429794	0.017820599
760	no_pain	0.9143284	0.03513225	0.050539378
761	no_pain	0.909226	0.032874253	0.057899684
762	no_pain	0.9183485	0.031030674	0.050620865
763	no_pain	0.8730446	0.071735635	0.0552197
764	low_pain	0.001599261	0.99145824	0.0069424817
765	no_pain	0.9164421	0.032879144	0.050678734
766	no_pain	0.918498	0.031509895	0.04999211
767	no_pain	0.9142358	0.03330233	0.052461814
768	low_pain	0.00041273356	0.9933802	0.006207041
769	no_pain	0.91417724	0.033274394	0.052548427
770	no_pain	0.91493285	0.03396974	0.051097386
771	no_pain	0.91658574	0.03431051	0.04910374
772	no_pain	0.9161843	0.03351978	0.050295945
773	no_pain	0.9119821	0.035747558	0.052270327
774	no_pain	0.53389156	0.025810111	0.44029835
775	high_pain	0.10824091	0.010496417	0.88126266
776	no_pain	0.91097075	0.034485362	0.054543894
777	no_pain	0.91281766	0.03212746	0.055054836
778	no_pain	0.9171604	0.03283816	0.05000148
779	low_pain	0.00042123374	0.9936958	0.0058829435
780	no_pain	0.91483015	0.035113383	0.050056476
781	no_pain	0.91299355	0.03375418	0.053252287
782	no_pain	0.9051641	0.03400732	0.060828596
783	no_pain	0.9155277	0.0338577	0.050614618
784	no_pain	0.9066557	0.033327453	0.06001685
785	no_pain	0.9167792	0.033075225	0.050145518
786	low_pain	0.0005683932	0.99324757	0.0061839954
787	no_pain	0.91343814	0.033812888	0.05274902
788	no_pain	0.913092	0.037006285	0.049901705
789	no_pain	0.9161685	0.034287315	0.04954418
790	no_pain	0.91530746	0.03535096	0.0493416
791	no_pain	0.52987826	0.4225962	0.047525536
792	no_pain	0.91406786	0.03422867	0.051703416
793	no_pain	0.9158467	0.03384052	0.05031281
794	no_pain	0.91385	0.03538648	0.05076346
795	low_pain	0.4718767	0.48499805	0.04312521
796	low_pain	0.00034389584	0.9940648	0.0055912733
797	no_pain	0.9013413	0.045446225	0.053212482
798	no_pain	0.9180915	0.03262796	0.0492805
799	no_pain	0.91625994	0.03275151	0.050988562
800	no_pain	0.7897754	0.15243101	0.0577936
801	no_pain	0.9191356	0.031105204	0.04975923
802	no_pain	0.9176235	0.03271542	0.049661066
803	no_pain	0.91271085	0.033588205	0.053700943
804	no_pain	0.8930194	0.03514481	0.07183576
805	no_pain	0.9144045	0.03609685	0.049498595
806	no_pain	0.91562957	0.03296343	0.051406983
807	no_pain	0.52109337	0.02553943	0.4533672
808	no_pain	0.9177147	0.031557802	0.050727457
809	no_pain	0.9148731	0.03443384	0.050693057
810	low_pain	0.00037627653	0.99403226	0.005591492
811	low_pain	0.23444809	0.43196434	0.3335876
812	no_pain	0.91508925	0.0326026	0.052308146
813	no_pain	0.91701233	0.032979943	0.05000775
814	low_pain	0.000342251	0.99385303	0.005804721
815	no_pain	0.917592	0.03259193	0.049816046
816	no_pain	0.9142686	0.03406978	0.051661573
817	no_pain	0.9178954	0.032516755	0.049587864
818	no_pain	0.91380125	0.03342815	0.05277059
819	no_pain	0.9156183	0.033948697	0.050433017
820	no_pain	0.9173358	0.032256205	0.050408065
821	no_pain	0.9074925	0.033133816	0.059373684
822	no_pain	0.9088721	0.040678103	0.050449733
823	no_pain	0.91828805	0.0322486	0.04946338
824	no_pain	0.88113755	0.06599032	0.052872095
825	high_pain	0.00035876638	0.001920429	0.9977208
826	no_pain	0.9186185	0.03192376	0.04945775
827	no_pain	0.9129581	0.031645782	0.05539615
828	no_pain	0.9177869	0.032859445	0.049353637
829	low_pain	0.00036708784	0.9938936	0.0057392493
830	no_pain	0.77849215	0.16327204	0.0582358
831	high_pain	0.29980633	0.018105092	0.6820885
832	no_pain	0.9137988	0.03175436	0.054446813
833	no_pain	0.91605407	0.033634316	0.050311636
834	no_pain	0.9112902	0.033303104	0.055406652
835	no_pain	0.91702557	0.032790173	0.050184246
836	high_pain	0.43477455	0.042965353	0.5222601
837	no_pain	0.90841085	0.03436554	0.057223648
838	no_pain	0.9143337	0.03397344	0.051692896
839	no_pain	0.9162714	0.033111073	0.05061749
840	high_pain	0.39237455	0.022668818	0.58495665
841	no_pain	0.9104145	0.03192126	0.057664238
842	no_pain	0.9126741	0.032768033	0.054557752
843	high_pain	0.00030061908	0.001853901	0.99784553
844	no_pain	0.91402805	0.03377976	0.05219223
845	no_pain	0.9077044	0.04187106	0.05042454
846	no_pain	0.9182476	0.03237644	0.049376052
847	no_pain	0.917272	0.032654617	0.050073426
848	no_pain	0.91739285	0.032711502	0.04989561
849	no_pain	0.9185813	0.031505905	0.04991281
850	no_pain	0.9139764	0.03334533	0.05267829
851	no_pain	0.91301835	0.038746748	0.048234873
852	high_pain	0.0002711157	0.001775992	0.99795294
853	no_pain	0.9164942	0.03266557	0.05084028
854	no_pain	0.9119444	0.035279315	0.052776314
855	no_pain	0.9136234	0.035172615	0.051203974
856	no_pain	0.91439474	0.03446207	0.05114323
857	low_pain	0.000521422	0.8534067	0.14607188
858	low_pain	0.00040567474	0.9925949	0.006999391
859	no_pain	0.9136577	0.034252726	0.052089512
860	no_pain	0.8944439	0.053710226	0.05184584
861	no_pain	0.6498699	0.027529076	0.322601
862	low_pain	0.20172696	0.766285	0.03198805
863	no_pain	0.9145599	0.03575381	0.04968628
864	no_pain	0.91515976	0.033816684	0.05102356
865	no_pain	0.90327215	0.033859026	0.06286881
866	high_pain	0.24491127	0.01925345	0.73583525
867	no_pain	0.50431275	0.45834216	0.037345033
868	low_pain	0.10696794	0.86208874	0.030943317
869	low_pain	0.00037537838	0.99366385	0.005960765
870	low_pain	0.00036397346	0.9937529	0.0058831074
871	high_pain	0.25973246	0.020211294	0.72005624
872	no_pain	0.9139022	0.03465709	0.051440697
873	no_pain	0.9133929	0.03400715	0.05259999
874	low_pain	0.17135608	0.8049408	0.023703098
875	no_pain	0.8933086	0.051665865	0.055025585
876	no_pain	0.9024688	0.04388558	0.05364559
877	no_pain	0.9129073	0.033372365	0.053720303
878	no_pain	0.9174796	0.032373767	0.05014661
879	low_pain	0.0005638834	0.9932786	0.0061574704
880	no_pain	0.8689441	0.033264484	0.09779145
881	no_pain	0.9160605	0.03249957	0.05143995
882	no_pain	0.9195638	0.030719783	0.049716454
883	no_pain	0.9175591	0.032606445	0.04983445
884	low_pain	0.000554687	0.99330175	0.0061435807
885	low_pain	0.00057003315	0.99347866	0.005951341
886	no_pain	0.9174815	0.033232477	0.04928603
887	no_pain	0.9119914	0.03401687	0.053991746
888	low_pain	0.084410004	0.89536244	0.020227546
889	no_pain	0.91347533	0.034471955	0.052052766
890	no_pain	0.9046279	0.044460442	0.050911635
891	low_pain	0.000360536	0.9937364	0.0059030685
892	no_pain	0.9117299	0.033787612	0.054482542
893	low_pain	0.16111672	0.81590325	0.02297999
894	no_pain	0.6287084	0.29996485	0.07132674
895	no_pain	0.7441179	0.19717976	0.058702312
896	no_pain	0.9160832	0.032953683	0.05096311
897	high_pain	0.020728623	0.004026189	0.9752452
898	no_pain	0.9174909	0.03254534	0.04996372
899	no_pain	0.914523	0.034321554	0.051155437
900	no_pain	0.9132246	0.033439714	0.053335767
901	no_pain	0.91403234	0.033570893	0.052396767
902	high_pain	0.17554191	0.09339976	0.7310583
903	no_pain	0.9147262	0.033936325	0.051337488
904	no_pain	0.9190076	0.031647112	0.049345315
905	no_pain	0.91546404	0.03357598	0.050959997
906	no_pain	0.9150311	0.034203175	0.050765723
907	no_pain	0.9138936	0.03428552	0.051820923
908	high_pain	0.26189056	0.015084515	0.72302496
909	no_pain	0.9024782	0.03438502	0.06313673
910	no_pain	0.9123744	0.0370455	0.050580144
911	no_pain	0.9153392	0.03436578	0.050294988
912	no_pain	0.91236776	0.038189065	0.049443137
913	no_pain	0.91275465	0.032531496	0.054713823
914	no_pain	0.8968994	0.05223265	0.050867923
915	no_pain	0.9157062	0.032641813	0.051651895
916	no_pain	0.9155735	0.03468713	0.049739383
917	no_pain	0.91110134	0.038671225	0.0502274
918	no_pain	0.9174803	0.032535642	0.049984097
919	no_pain	0.88821733	0.03381692	0.07796577
920	no_pain	0.91571647	0.033786017	0.050497573
921	no_pain	0.9189629	0.031286377	0.049750783
922	no_pain	0.89695793	0.035172388	0.067869656
923	high_pain	0.00035659884	0.0019241028	0.9977193
924	no_pain	0.9124384	0.036722217	0.05083936
925	no_pain	0.9186677	0.03340389	0.04792848
926	no_pain	0.91323894	0.031837635	0.05492341
927	no_pain	0.8809234	0.03351572	0.085560896
928	no_pain	0.9159853	0.03421012	0.049804557
929	low_pain	0.00044353274	0.993462	0.00609444
930	low_pain	0.0003593733	0.9938142	0.005826441
931	no_pain	0.9183959	0.031060696	0.05054345
932	no_pain	0.8774964	0.033886664	0.088616885
933	no_pain	0.91618484	0.033610225	0.050204925
934	no_pain	0.91546535	0.034441706	0.05009297
935	high_pain	0.012957646	0.0060179946	0.9810243
936	no_pain	0.91223204	0.03415585	0.0536121
937	low_pain	0.16083932	0.81325644	0.025904253
938	no_pain	0.91872233	0.030529764	0.05074785
939	no_pain	0.91678464	0.032458257	0.050757077
940	no_pain	0.9124969	0.033478867	0.05402423
941	no_pain	0.9157645	0.03410862	0.05012683
942	no_pain	0.9181728	0.032229677	0.04959756
943	no_pain	0.88602626	0.056867566	0.057106167
944	no_pain	0.91485894	0.031958897	0.053182065
945	no_pain	0.9144179	0.035085835	0.05049623
946	high_pain	0.3914302	0.017955167	0.5906147
947	no_pain	0.91072273	0.039286796	0.049990457
948	no_pain	0.9056718	0.034030136	0.060298104
949	high_pain	0.24517468	0.016055029	0.7387703
950	no_pain	0.91148585	0.03837735	0.050136764
951	no_pain	0.8284226	0.034186542	0.13739087
952	no_pain	0.91635245	0.033710156	0.049937386
953	no_pain	0.91587746	0.03449456	0.049627967
954	no_pain	0.9136501	0.03169317	0.054656766
955	no_pain	0.91897	0.031311043	0.049718957
956	no_pain	0.9138431	0.034704544	0.051452372
957	low_pain	0.24983661	0.7231199	0.0270434
958	no_pain	0.9049215	0.03372842	0.061350107
959	no_pain	0.9112527	0.03461014	0.05413715
960	high_pain	0.029997071	0.005799931	0.96420294
961	no_pain	0.9082432	0.034494065	0.057262797
962	no_pain	0.91747236	0.032859214	0.049668457
963	no_pain	0.88398564	0.03395273	0.082061626
964	no_pain	0.91225094	0.034618266	0.053130753
965	no_pain	0.91491264	0.034061786	0.05102555
966	no_pain	0.9113241	0.037457746	0.05121817
967	no_pain	0.9155509	0.03358706	0.05086204
968	no_pain	0.9187403	0.031444643	0.049815085
969	high_pain	0.15302701	0.012561919	0.8344111
970	no_pain	0.9183603	0.032334335	0.04930536
971	no_pain	0.91276866	0.0365464	0.050684936
972	no_pain	0.9155059	0.03474789	0.049746234
973	no_pain	0.91461927	0.03403491	0.05134582
974	no_pain	0.9097289	0.03622369	0.054047488
975	no_pain	0.91444534	0.033956215	0.051598456
976	low_pain	0.41821212	0.53921545	0.042572465
977	no_pain	0.9173325	0.032558594	0.050108943
978	high_pain	0.1281162	0.00861025	0.86327356
979	no_pain	0.91600835	0.03396487	0.050026793
980	no_pain	0.9189879	0.031191913	0.04982018
981	no_pain	0.9176194	0.03316309	0.049217515
982	no_pain	0.90565616	0.044442408	0.049901403
983	low_pain	0.0004201733	0.9934631	0.00611671
984	no_pain	0.917874	0.03244359	0.04968242
985	no_pain	0.83614254	0.03405715	0.12980035
986	low_pain	0.0007175686	0.9932067	0.006075717
987	no_pain	0.9116846	0.0369812	0.05133425
988	no_pain	0.9188539	0.03160208	0.049543984
989	no_pain	0.903338	0.045339953	0.051321987
990	high_pain	0.12845019	0.00885717	0.8626927
991	low_pain	0.0003092902	0.99429214	0.0053986344
992	no_pain	0.9059296	0.04258873	0.051481627
993	high_pain	0.34668615	0.020254191	0.6330596
994	no_pain	0.91863334	0.03134202	0.05002462
995	high_pain	0.375559	0.12784557	0.49659538
996	no_pain	0.91587824	0.032756682	0.05136509
997	low_pain	0.052240543	0.93047804	0.017281454
998	no_pain	0.9145174	0.032353334	0.053129278
999	no_pain	0.9170416	0.033993594	0.04896484
1000	no_pain	0.91097397	0.034054097	0.05497194
1001	no_pain	0.9184205	0.03225362	0.049325824
1002	no_pain	0.91486883	0.03538646	0.04974469
1003	no_pain	0.9128361	0.03220306	0.054960884
1004	no_pain	0.9144959	0.03432965	0.051174473
1005	no_pain	0.91256964	0.036644895	0.05078549
1006	high_pain	0.00025160014	0.0017530929	0.9979953
1007	no_pain	0.914062	0.032896433	0.05304154
1008	no_pain	0.9174019	0.032979812	0.049618274
1009	no_pain	0.9107934	0.03909672	0.050109863
1010	no_pain	0.9112134	0.032598417	0.056188166
1011	high_pain	0.2545554	0.014628201	0.7308164
1012	no_pain	0.5165726	0.25835434	0.22507307
1013	no_pain	0.9156495	0.03433029	0.05002026
1014	no_pain	0.91660005	0.033163365	0.050236624
1015	no_pain	0.9147984	0.035513036	0.049688555
1016	high_pain	0.12907112	0.008740073	0.8621888
1017	no_pain	0.91722375	0.03261661	0.050159663
1018	no_pain	0.9139165	0.033487167	0.052596297
1019	no_pain	0.91272676	0.036069777	0.05120352
1020	no_pain	0.91207296	0.0364402	0.051486872
1021	no_pain	0.91487175	0.032599557	0.052528687
1022	no_pain	0.919655	0.030667448	0.049677532
1023	no_pain	0.81889945	0.12362712	0.05747344
1024	low_pain	0.009896197	0.97823846	0.011865373
1025	no_pain	0.91471636	0.033119086	0.052164488
1026	no_pain	0.76085854	0.034120735	0.20502076
1027	no_pain	0.91878074	0.031327166	0.049892098
1028	no_pain	0.91445684	0.03332886	0.052214336
1029	no_pain	0.9151526	0.034365185	0.050482232
1030	low_pain	0.00038788616	0.99396735	0.005644796
1031	no_pain	0.5194077	0.022269776	0.45832253
1032	no_pain	0.91382664	0.031988923	0.054184414
1033	low_pain	0.00045894526	0.99373657	0.0058045085
1034	no_pain	0.91379154	0.03365651	0.052551985
1035	no_pain	0.9154535	0.035189223	0.049357247
1036	no_pain	0.91569054	0.034278594	0.050030887
1037	no_pain	0.91327846	0.03532356	0.051397976
1038	low_pain	0.00035232198	0.9938329	0.0058148527
1039	no_pain	0.9097019	0.040445328	0.049852718
1040	high_pain	0.22143422	0.01639737	0.7621684
1041	no_pain	0.845534	0.09870715	0.055758774
1042	no_pain	0.9154429	0.033170853	0.051386334
1043	no_pain	0.9180483	0.03214203	0.049809657
1044	no_pain	0.9185609	0.031404562	0.05003453
1045	no_pain	0.9142519	0.03436459	0.051383454
1046	no_pain	0.9117109	0.035010543	0.053278472
1047	no_pain	0.8013626	0.032874186	0.16576321
1048	no_pain	0.91312134	0.033408202	0.053470407
1049	no_pain	0.913082	0.03466814	0.052249882
1050	no_pain	0.9141555	0.03489487	0.050949644
1051	no_pain	0.91967356	0.030831711	0.049494732
1052	no_pain	0.91418695	0.034979098	0.05083392
1053	no_pain	0.9187287	0.031010488	0.05026084
1054	no_pain	0.9092403	0.042014215	0.048745446
1055	no_pain	0.91030777	0.0336958	0.05599643
1056	no_pain	0.87764597	0.03360124	0.08875277
1057	low_pain	0.00037489177	0.9937802	0.005844901
1058	no_pain	0.91443485	0.034154885	0.05141027
1059	no_pain	0.8594047	0.08166271	0.058932606
1060	no_pain	0.9158836	0.033686955	0.05042949
1061	low_pain	0.0009823191	0.7164187	0.282599
1062	low_pain	0.113178186	0.8559846	0.030837175
1063	no_pain	0.9135626	0.03150549	0.05493194
1064	no_pain	0.91343576	0.03600499	0.05055932
1065	high_pain	0.0003534837	0.14405799	0.8555885
1066	no_pain	0.91375685	0.033628505	0.05261463
1067	no_pain	0.91077554	0.03941037	0.049814135
1068	low_pain	0.00051881745	0.99322426	0.006256914
1069	no_pain	0.9135059	0.03322258	0.053271554
1070	no_pain	0.9161243	0.033378594	0.050497122
1071	low_pain	0.0005593745	0.99315625	0.0062844167
1072	no_pain	0.9139518	0.03438772	0.05166045
1073	low_pain	0.00045265112	0.993461	0.0060863337
1074	no_pain	0.9179627	0.032745678	0.04929163
1075	low_pain	0.00042521633	0.99288166	0.0066931588
1076	no_pain	0.91498536	0.033715736	0.05129886
1077	low_pain	0.1000669	0.86865807	0.031274993
1078	low_pain	0.0050459644	0.9850326	0.009921387
1079	no_pain	0.91573423	0.033378426	0.0508874
1080	no_pain	0.91622484	0.03375474	0.050020404
1081	no_pain	0.8724774	0.032890026	0.09463256
1082	no_pain	0.85405445	0.03237303	0.11357248
1083	no_pain	0.91631603	0.033382468	0.050301474
1084	no_pain	0.91530484	0.03287881	0.05181631
1085	no_pain	0.9143257	0.03408169	0.051592596
1086	no_pain	0.9160028	0.033502363	0.050494812
1087	low_pain	0.0005719215	0.99218357	0.00724451
1088	no_pain	0.9162058	0.033655006	0.050139133
1089	low_pain	0.00040686908	0.99339646	0.006196615
1090	no_pain	0.91616344	0.033142038	0.0506945
1091	high_pain	0.00034426473	0.0018727507	0.997783
1092	no_pain	0.91858727	0.03169964	0.049713112
1093	no_pain	0.9194825	0.030800538	0.049717
1094	no_pain	0.91422087	0.034419898	0.05135921
1095	no_pain	0.9148526	0.033330817	0.051816575
1096	no_pain	0.9135645	0.0337044	0.052731093
1097	no_pain	0.9163151	0.032224286	0.051460672
1098	low_pain	0.00055117067	0.9935193	0.005929548
1099	no_pain	0.9160828	0.03310987	0.05080734
1100	no_pain	0.5417398	0.4004267	0.05783346
1101	no_pain	0.9172513	0.03186357	0.050885104
1102	no_pain	0.91781294	0.03282829	0.049358726
1103	high_pain	0.038391817	0.0057122745	0.9558959
1104	no_pain	0.9179354	0.031555742	0.05050891
1105	no_pain	0.9044986	0.034988306	0.060513113
1106	high_pain	0.0004419248	0.0025036044	0.9970545
1107	no_pain	0.9133828	0.034997363	0.051619846
1108	no_pain	0.9087668	0.039193463	0.052039705
1109	high_pain	0.00027846865	0.0017748168	0.99794674
1110	no_pain	0.91705495	0.03194141	0.051003657
1111	no_pain	0.8472209	0.033029247	0.119749844
1112	no_pain	0.9182139	0.031534206	0.05025188
1113	no_pain	0.9158532	0.033381622	0.050765146
1114	no_pain	0.91902435	0.03129929	0.049676392
1115	low_pain	0.007589072	0.71251434	0.27989662
1116	no_pain	0.9185384	0.031865444	0.049596217
1117	no_pain	0.9147033	0.033824272	0.051472418
1118	low_pain	0.005133892	0.985156	0.009710111
1119	no_pain	0.9171712	0.03269579	0.050133023
1120	high_pain	0.00025395365	0.0017894187	0.99795663
1121	no_pain	0.9070984	0.03357447	0.059327077
1122	high_pain	0.25710177	0.014599843	0.72829837
1123	no_pain	0.9132124	0.034500245	0.05228734
1124	no_pain	0.91823244	0.03141946	0.050348092
1125	no_pain	0.9184331	0.032233164	0.04933369
1126	no_pain	0.91542864	0.03474771	0.04982366
1127	low_pain	0.00054896326	0.993527	0.005924013
1128	no_pain	0.91632277	0.03306411	0.0506131
1129	no_pain	0.72945404	0.21133849	0.059207506
1130	no_pain	0.91821593	0.032471593	0.049312454
1131	no_pain	0.9142348	0.033414423	0.052350763
1132	no_pain	0.9141497	0.03389418	0.051956143
1133	no_pain	0.91524374	0.03374545	0.051010836
1134	low_pain	0.0005323657	0.9931844	0.0062832437
1135	no_pain	0.7810639	0.030378891	0.18855727
1136	no_pain	0.9178565	0.03255115	0.049592387
1137	no_pain	0.91713464	0.032628316	0.050237052
1138	no_pain	0.9169837	0.03219654	0.050819743
1139	no_pain	0.9079775	0.040990986	0.05103153
1140	high_pain	0.00027190888	0.0017863283	0.99794185
1141	no_pain	0.910604	0.034211297	0.055184722
1142	no_pain	0.9117771	0.03364652	0.054576423
1143	no_pain	0.9179893	0.032658465	0.049352158
1144	no_pain	0.91157955	0.034394722	0.054025788
1145	no_pain	0.9113309	0.034935232	0.053733837
1146	no_pain	0.41630226	0.25072023	0.33297747
1147	no_pain	0.9140715	0.03431906	0.051609475
1148	no_pain	0.91123486	0.037566237	0.05119892
1149	no_pain	0.9165159	0.033059124	0.050425
1150	no_pain	0.6716622	0.25877643	0.06956136
1151	low_pain	0.0005612304	0.99329144	0.0061473236
1152	no_pain	0.52214104	0.39586526	0.08199368
1153	no_pain	0.915068	0.03292175	0.052010305
1154	no_pain	0.91602105	0.033586945	0.05039193
1155	low_pain	0.32335138	0.62886924	0.04777937
1156	high_pain	0.00027499563	0.0018327723	0.99789226
1157	no_pain	0.9185397	0.031485684	0.049974535
1158	no_pain	0.9176291	0.032575436	0.0497955
1159	low_pain	0.00038562188	0.9937129	0.0059014363
1160	no_pain	0.9010665	0.034062453	0.06487106
1161	no_pain	0.91720736	0.03240591	0.05038673
1162	no_pain	0.9143221	0.03314841	0.05252943
1163	no_pain	0.9190459	0.031335652	0.04961845
1164	low_pain	0.0004963481	0.99341613	0.006087548
1165	no_pain	0.8480538	0.096681975	0.055264205
1166	low_pain	0.00042993785	0.9936757	0.0058943448
1167	no_pain	0.918449	0.032300822	0.049250234
1168	low_pain	0.00041092085	0.993648	0.005941056
1169	no_pain	0.9128433	0.033993904	0.053162783
1170	no_pain	0.91445524	0.034369975	0.051174812
1171	no_pain	0.915073	0.033096578	0.051830444
1172	no_pain	0.9144688	0.03571989	0.049811278
1173	no_pain	0.87975085	0.033462312	0.08678688
1174	low_pain	0.03208616	0.95566416	0.0122496765
1175	no_pain	0.91562766	0.03416028	0.050212026
1176	no_pain	0.91426057	0.03320978	0.052529633
1177	no_pain	0.9125098	0.03518728	0.052302927
1178	no_pain	0.9151164	0.035291713	0.04959181
1179	low_pain	0.000768653	0.9853835	0.013847857
1180	no_pain	0.9145294	0.03388175	0.05158888
1181	no_pain	0.91641897	0.032739453	0.050841577
1182	no_pain	0.63457125	0.03092876	0.33449993
1183	no_pain	0.91182816	0.037144605	0.051027212
1184	no_pain	0.9068519	0.042903066	0.05024504
1185	high_pain	0.00092287007	0.0030056431	0.99607146
1186	high_pain	0.00028217738	0.0018172147	0.9979006
1187	no_pain	0.9168649	0.032983102	0.050152
1188	no_pain	0.9149357	0.03504209	0.050022222
1189	no_pain	0.5388287	0.41331986	0.047851484
1190	no_pain	0.7979158	0.13832058	0.06376364
1191	no_pain	0.91716015	0.03187675	0.05096305
1192	no_pain	0.9096281	0.035724435	0.054647487
1193	no_pain	0.91434175	0.035454117	0.05020412
1194	no_pain	0.88950336	0.057510953	0.05298572
1195	no_pain	0.9122373	0.037880626	0.049882073
1196	no_pain	0.918235	0.031799287	0.04996566
1197	low_pain	0.2842466	0.67748886	0.03826454
1198	no_pain	0.91226023	0.03451889	0.053220864
1199	no_pain	0.91376936	0.03414685	0.05208379
1200	no_pain	0.6269854	0.31800774	0.05500697
1201	no_pain	0.9146436	0.034115393	0.051241048
1202	no_pain	0.8601494	0.032952268	0.106898345
1203	no_pain	0.9174343	0.032784604	0.049781147
1204	no_pain	0.91841775	0.03232911	0.04925314
1205	no_pain	0.9175528	0.032856297	0.04959092
1206	no_pain	0.91706353	0.033773206	0.04916324
1207	no_pain	0.9167552	0.03226007	0.050984737
1208	no_pain	0.9163976	0.033711962	0.049890492
1209	low_pain	0.0003498172	0.99376935	0.005880788
1210	low_pain	0.05085492	0.9287153	0.020429786
1211	low_pain	0.0005652995	0.9933739	0.006060861
1212	no_pain	0.9118614	0.033485383	0.054653175
1213	no_pain	0.9174711	0.032502178	0.050026674
1214	no_pain	0.907256	0.04207424	0.050669786
1215	no_pain	0.9107365	0.037015166	0.052248385
1216	no_pain	0.91859114	0.031334054	0.050074823
1217	no_pain	0.914205	0.034127288	0.05166772
1218	no_pain	0.6194578	0.03109197	0.3494503
1219	no_pain	0.9150133	0.031555355	0.053431276
1220	high_pain	0.025442585	0.006497378	0.96806
1221	no_pain	0.91615325	0.033410452	0.050436337
1222	no_pain	0.9089901	0.040520795	0.050489046
1223	low_pain	0.0004179024	0.9937582	0.005823894
1224	no_pain	0.91119564	0.037722472	0.051081907
1225	no_pain	0.9115438	0.033778097	0.05467815
1226	low_pain	0.00036623064	0.9940552	0.005578559
1227	no_pain	0.917848	0.03277434	0.049377657
1228	no_pain	0.9168776	0.033604972	0.04951747
1229	no_pain	0.91530716	0.034381248	0.050311577
1230	no_pain	0.91444576	0.034158386	0.051395923
1231	high_pain	0.00036426872	0.0019853387	0.99765044
1232	high_pain	0.12151042	0.009393309	0.8690962
1233	no_pain	0.91964036	0.030707253	0.049652457
1234	low_pain	0.06296991	0.50831974	0.4287103
1235	low_pain	0.0008011347	0.9929629	0.0062359185
1236	no_pain	0.55649316	0.287884	0.15562283
1237	no_pain	0.77881545	0.04664778	0.17453673
1238	high_pain	0.0041019316	0.06921116	0.9266869
1239	no_pain	0.9149646	0.03395841	0.05107702
1240	high_pain	0.40401477	0.020921024	0.5750642
1241	no_pain	0.9131591	0.031822175	0.055018753
1242	no_pain	0.9152294	0.034622457	0.05014818
1243	no_pain	0.91796696	0.031547785	0.0504852
1244	low_pain	0.0010501177	0.99123126	0.0077186497
1245	no_pain	0.91269106	0.03316473	0.054144256
1246	low_pain	0.000434396	0.99366194	0.005903635
1247	low_pain	0.001398834	0.9903534	0.008247837
1248	high_pain	0.036005013	0.008613403	0.9553815
1249	no_pain	0.88466305	0.033944942	0.08139199
1250	no_pain	0.9143545	0.033504076	0.052141417
1251	no_pain	0.916978	0.032674666	0.050347354
1252	high_pain	0.00025314846	0.0017527329	0.9979941
1253	no_pain	0.91519576	0.034795813	0.05000845
1254	low_pain	0.00038161338	0.9935214	0.006096966
1255	no_pain	0.90188396	0.03385957	0.06425651
1256	no_pain	0.91927284	0.031010961	0.049716208
1257	no_pain	0.9076026	0.03330202	0.059095375
1258	no_pain	0.91557235	0.032979067	0.051448554
1259	no_pain	0.91116416	0.038562994	0.050272875
1260	low_pain	0.0004245104	0.9937164	0.005859044
1261	no_pain	0.9154014	0.033815864	0.05078277
1262	high_pain	0.44683075	0.02206214	0.5311071
1263	no_pain	0.9086023	0.04068964	0.050708033
1264	no_pain	0.91212183	0.031902652	0.055975467
1265	no_pain	0.91716063	0.032769483	0.050069828
1266	high_pain	0.13772513	0.01714	0.84513485
1267	no_pain	0.9075633	0.04110975	0.05132689
1268	low_pain	0.00038978521	0.99366325	0.005946979
1269	no_pain	0.9179822	0.031521317	0.050496418
1270	no_pain	0.91638756	0.032368723	0.05124372
1271	no_pain	0.9138803	0.03460834	0.051511385
1272	no_pain	0.9141108	0.035220195	0.05066901
1273	no_pain	0.9120311	0.034990426	0.052978475
1274	no_pain	0.9169158	0.032946866	0.050137382
1275	no_pain	0.7196155	0.22214083	0.058243636
1276	no_pain	0.9162597	0.033548355	0.050191913
1277	no_pain	0.82941085	0.11393292	0.056656253
1278	no_pain	0.9142827	0.03450619	0.05121118
1279	no_pain	0.9159394	0.033586267	0.050474353
1280	no_pain	0.91202873	0.036940996	0.05103027
1281	no_pain	0.9147541	0.03475977	0.050486106
1282	high_pain	0.0002714114	0.0018460888	0.9978825
1283	no_pain	0.8019446	0.034119274	0.16393614
1284	high_pain	0.33590847	0.01821209	0.6458794
1285	no_pain	0.9004815	0.04840705	0.051111404
1286	no_pain	0.9189657	0.031400405	0.04963392
1287	no_pain	0.9147516	0.033481214	0.0517672
1288	high_pain	0.00026643768	0.0017392667	0.9979943
1289	no_pain	0.9168791	0.032956153	0.05016475
1290	no_pain	0.9148712	0.03322695	0.051901847
1291	no_pain	0.87202847	0.033185203	0.09478632
1292	no_pain	0.9185212	0.032008126	0.04947066
1293	low_pain	0.0005202393	0.9927828	0.0066969693
1294	no_pain	0.91638666	0.03295458	0.050658736
1295	low_pain	0.00045224503	0.99347	0.0060777776
1296	no_pain	0.91822803	0.03237244	0.049399562
1297	no_pain	0.67311126	0.030574217	0.29631454
1298	no_pain	0.91814435	0.033925794	0.047929823
1299	no_pain	0.91695076	0.033266965	0.049782272
1300	low_pain	0.00045794362	0.9936967	0.0058453553
1301	no_pain	0.9179507	0.031981684	0.050067604
1302	no_pain	0.91342074	0.035527725	0.051051527
1303	no_pain	0.9164101	0.033335906	0.050254006
1304	no_pain	0.9124216	0.034091886	0.053486552
1305	no_pain	0.919146	0.03122721	0.049626756
1306	no_pain	0.91526014	0.03404579	0.050694086
1307	no_pain	0.90904903	0.0405918	0.050359134
1308	no_pain	0.87067413	0.07214265	0.057183214
1309	low_pain	0.0004295597	0.99352896	0.0060414714
1310	no_pain	0.91664153	0.032303564	0.051054973
1311	high_pain	0.0004887574	0.0020912325	0.99742
1312	no_pain	0.9081461	0.04041997	0.05143388
1313	no_pain	0.9145147	0.03463955	0.050845686
1314	no_pain	0.9147401	0.034626063	0.05063384
1315	low_pain	0.0003800311	0.9936785	0.005941441
1316	no_pain	0.9073598	0.034422494	0.058217704
1317	no_pain	0.9172926	0.03310611	0.04960128
1318	low_pain	0.0003709491	0.9936857	0.00594334
1319	no_pain	0.91223925	0.03612457	0.051636156
1320	no_pain	0.90178156	0.033403818	0.064814575
1321	no_pain	0.9155388	0.034571085	0.04989012
1322	no_pain	0.9176987	0.032676615	0.049624745
1323	no_pain	0.9119734	0.035976548	0.052050054
