sample_index	label	no_pain	low_pain	high_pain
000	no_pain	0.6897567	0.24192221	0.06832109
001	no_pain	0.70039076	0.2765575	0.023051752
002	no_pain	0.875657	0.045305293	0.07903769
003	no_pain	0.8615367	0.09430783	0.044155452
004	no_pain	0.8248811	0.07929758	0.095821284
005	no_pain	0.6658644	0.30297711	0.031158473
006	no_pain	0.8480948	0.10523983	0.046665404
007	no_pain	0.82400763	0.15776142	0.018230958
008	no_pain	0.88227016	0.06304393	0.054685887
009	no_pain	0.7035795	0.2679567	0.028463772
010	no_pain	0.82463825	0.15416242	0.021199355
011	no_pain	0.88641226	0.0955644	0.018023327
012	no_pain	0.6563713	0.32059866	0.023030015
013	no_pain	0.852191	0.038374174	0.10943483
014	no_pain	0.7006091	0.2742574	0.02513349
015	no_pain	0.8989934	0.0487077	0.052298903
016	low_pain	0.012199064	0.954354	0.0334469
017	no_pain	0.8370387	0.05783877	0.105122514
018	low_pain	0.025668481	0.88484573	0.08948582
019	no_pain	0.83829176	0.12678042	0.034927834
020	no_pain	0.82144976	0.14138877	0.03716141
021	no_pain	0.6459783	0.33214298	0.02187883
022	no_pain	0.85773647	0.028870052	0.11339346
023	low_pain	0.018703269	0.8702135	0.11108323
024	no_pain	0.85689646	0.08957743	0.053526096
025	no_pain	0.8042526	0.16845034	0.027297
026	low_pain	0.007324078	0.92168885	0.07098706
027	no_pain	0.864824	0.110766426	0.024409544
028	no_pain	0.6401368	0.34617558	0.013687631
029	no_pain	0.66157544	0.31744608	0.020978438
030	no_pain	0.9173351	0.05433374	0.028331164
031	no_pain	0.6595292	0.32488418	0.015586593
032	no_pain	0.7557517	0.22466977	0.01957847
033	low_pain	0.4418788	0.5098186	0.04830258
034	no_pain	0.6572758	0.31968546	0.023038736
035	no_pain	0.69706124	0.28335994	0.019578831
036	low_pain	0.017850649	0.8809558	0.10119355
037	no_pain	0.8645915	0.06631139	0.069097124
038	no_pain	0.74916947	0.17058663	0.08024389
039	no_pain	0.646529	0.3381999	0.015271089
040	no_pain	0.8790696	0.05506732	0.065863036
041	low_pain	0.0050461395	0.9523544	0.042599488
042	low_pain	0.02182561	0.94977057	0.028403768
043	low_pain	0.23986928	0.6551576	0.104973115
044	no_pain	0.6078542	0.37566242	0.016483445
045	low_pain	0.003770395	0.96930456	0.026925042
046	low_pain	0.020427568	0.86813194	0.11144056
047	no_pain	0.64369106	0.34431186	0.011997043
048	no_pain	0.83582085	0.13159014	0.032589015
049	low_pain	0.0351218	0.85086155	0.114016645
050	no_pain	0.8432056	0.07659304	0.08020135
051	no_pain	0.8450327	0.11665195	0.038315404
052	low_pain	0.020671036	0.8814238	0.09790522
053	low_pain	0.053876657	0.9072165	0.03890687
054	no_pain	0.8201936	0.15988025	0.01992618
055	no_pain	0.52824813	0.4074192	0.064332694
056	no_pain	0.65945166	0.3288035	0.011744781
057	no_pain	0.6516477	0.28299594	0.06535634
058	no_pain	0.6594529	0.32382664	0.016720451
059	no_pain	0.66842085	0.307502	0.024077121
060	no_pain	0.9051653	0.02357629	0.07125841
061	no_pain	0.6784296	0.3009161	0.020654324
062	no_pain	0.76877445	0.16813652	0.06308907
063	no_pain	0.70796245	0.26486313	0.027174443
064	no_pain	0.8136373	0.15500967	0.031353
065	no_pain	0.82885075	0.1509348	0.020214496
066	no_pain	0.78577054	0.18391395	0.030315533
067	no_pain	0.7664302	0.17641951	0.057150297
068	no_pain	0.9041539	0.022410976	0.073435165
069	no_pain	0.8071461	0.17074244	0.022111502
070	no_pain	0.8329226	0.14772344	0.019354006
071	low_pain	0.0052051474	0.93144596	0.06334888
072	no_pain	0.88051766	0.09265183	0.026830481
073	no_pain	0.88362944	0.049303263	0.067067266
074	no_pain	0.86251694	0.067612834	0.069870256
075	no_pain	0.6579441	0.31866008	0.02339581
076	no_pain	0.7772562	0.15017387	0.07256992
077	no_pain	0.79876095	0.17590423	0.025334848
078	no_pain	0.66348696	0.31656075	0.019952307
079	no_pain	0.7653288	0.21338531	0.021285858
080	low_pain	0.074865595	0.7407872	0.18434723
081	low_pain	0.0060556186	0.9454026	0.048541762
082	low_pain	0.011488973	0.87787825	0.110632814
083	no_pain	0.8488175	0.045773868	0.10540859
084	low_pain	0.45858723	0.52583665	0.015576103
085	no_pain	0.66013193	0.3170316	0.02283651
086	no_pain	0.8102762	0.16955209	0.020171674
087	low_pain	0.010920445	0.9706745	0.018405035
088	no_pain	0.654771	0.32569647	0.019532558
089	no_pain	0.9163922	0.048174266	0.03543358
090	no_pain	0.88947093	0.031507593	0.07902149
091	no_pain	0.6506926	0.33631888	0.01298854
092	no_pain	0.82511586	0.15529585	0.019588279
093	low_pain	0.10148309	0.8884207	0.010096238
094	no_pain	0.7998222	0.17677811	0.023399739
095	no_pain	0.84819883	0.09986545	0.051935706
096	no_pain	0.6856003	0.2952048	0.019194903
097	low_pain	0.17405207	0.5841337	0.24181423
098	no_pain	0.77877146	0.104615845	0.11661269
099	low_pain	0.06484149	0.85085064	0.08430787
100	no_pain	0.87976295	0.09429301	0.02594406
101	no_pain	0.8396615	0.14065316	0.019685348
102	low_pain	0.14747928	0.80800164	0.04451912
103	low_pain	0.016264858	0.9551368	0.028598348
104	no_pain	0.86649007	0.11409497	0.019414958
105	no_pain	0.63441247	0.30031532	0.06527217
106	no_pain	0.8114575	0.06294883	0.12559374
107	no_pain	0.6790363	0.29815206	0.022811534
108	no_pain	0.8139678	0.1638998	0.022132356
109	no_pain	0.80448407	0.16990216	0.025613753
110	no_pain	0.6507343	0.3303744	0.018891346
111	no_pain	0.6594163	0.3255001	0.015083549
112	no_pain	0.8398066	0.120983995	0.03920936
113	no_pain	0.8860997	0.08948917	0.024411218
114	no_pain	0.69032586	0.30136347	0.008310624
115	no_pain	0.79778355	0.10750548	0.09471094
116	no_pain	0.84588826	0.04722927	0.10688246
117	low_pain	0.013672714	0.70360094	0.28272632
118	low_pain	0.24539058	0.5141507	0.24045873
119	no_pain	0.6770309	0.30367896	0.01929017
120	no_pain	0.8735731	0.07919214	0.04723478
121	no_pain	0.7881269	0.1956489	0.016224232
122	no_pain	0.88906956	0.060816534	0.05011391
123	no_pain	0.81205493	0.17323847	0.014706667
124	no_pain	0.9677259	0.0008716416	0.03140249
125	no_pain	0.7606048	0.2058736	0.033521574
126	no_pain	0.7052494	0.27008888	0.024661692
127	no_pain	0.68619716	0.29414418	0.019658674
128	no_pain	0.84760135	0.12229169	0.030107021
129	no_pain	0.8114843	0.17167945	0.016836261
130	no_pain	0.8220579	0.15976737	0.018174712
131	no_pain	0.8110015	0.17163154	0.017366927
132	no_pain	0.70793694	0.26358017	0.028482791
133	no_pain	0.83137405	0.14977512	0.018850839
134	no_pain	0.8970261	0.060624965	0.04234896
135	no_pain	0.7701674	0.19578202	0.03405055
136	low_pain	0.007961775	0.96445453	0.027583677
137	no_pain	0.7944889	0.10852081	0.09699023
138	no_pain	0.7078573	0.2831919	0.008950791
139	no_pain	0.663794	0.317373	0.018833017
140	no_pain	0.5819017	0.38763604	0.030462187
141	no_pain	0.83267677	0.15198824	0.015335017
142	no_pain	0.87115765	0.08140973	0.047432683
143	no_pain	0.8454189	0.123573594	0.03100753
144	no_pain	0.78363305	0.12708806	0.08927892
145	no_pain	0.8211089	0.16062328	0.018267836
146	low_pain	0.022993574	0.8906105	0.08639596
147	no_pain	0.88797987	0.08063463	0.03138552
148	low_pain	0.0045598964	0.9771005	0.018339619
149	no_pain	0.6534358	0.3291519	0.01741232
150	no_pain	0.87343156	0.085649155	0.040919323
151	no_pain	0.8426239	0.044339437	0.11303664
152	no_pain	0.8568395	0.11041897	0.032741584
153	no_pain	0.755282	0.21446344	0.030254543
154	no_pain	0.8874093	0.06254775	0.05004289
155	no_pain	0.8468334	0.100967884	0.052198656
156	no_pain	0.870189	0.06770684	0.06210423
157	no_pain	0.7725024	0.13680974	0.09068781
158	no_pain	0.70931876	0.25987566	0.030805532
159	no_pain	0.8215757	0.11677208	0.061652265
160	no_pain	0.67914253	0.30437526	0.016482148
161	no_pain	0.7985654	0.09163666	0.10979793
162	no_pain	0.92802906	0.025342625	0.046628285
163	no_pain	0.5825561	0.39428583	0.023158072
164	no_pain	0.76449263	0.16195539	0.07355191
165	low_pain	0.09888087	0.7760105	0.1251086
166	no_pain	0.82156867	0.08260658	0.0958247
167	no_pain	0.80766875	0.16427973	0.028051551
168	no_pain	0.86242753	0.09200936	0.04556316
169	no_pain	0.7846361	0.20257054	0.012793356
170	no_pain	0.5441883	0.33977333	0.11603845
171	low_pain	0.022333799	0.8177001	0.15996608
172	no_pain	0.66863173	0.3152805	0.016087702
173	no_pain	0.83096033	0.07841432	0.09062536
174	no_pain	0.8171302	0.14643833	0.036431473
175	low_pain	0.005035198	0.95751476	0.03745007
176	no_pain	0.837408	0.057982504	0.104609475
177	no_pain	0.6787281	0.30364916	0.017622752
178	no_pain	0.75722104	0.21081887	0.031960152
179	no_pain	0.79672104	0.16240324	0.04087571
180	no_pain	0.5682898	0.41222778	0.019482387
181	no_pain	0.82942545	0.14377849	0.026796043
182	no_pain	0.86764324	0.040176895	0.092179894
183	no_pain	0.8053377	0.15220307	0.04245917
184	no_pain	0.7875681	0.18055955	0.031872343
185	no_pain	0.752168	0.14767022	0.10016179
186	no_pain	0.6070791	0.10268562	0.29023528
187	no_pain	0.66553485	0.32354498	0.010920205
188	no_pain	0.86784	0.053034823	0.079125166
189	low_pain	0.0057832035	0.9401774	0.054039415
190	no_pain	0.8718718	0.10722506	0.020903142
191	no_pain	0.83289224	0.07643092	0.090676896
192	no_pain	0.8419619	0.08914641	0.06889167
193	no_pain	0.575509	0.40623587	0.018255144
194	no_pain	0.82195777	0.15828994	0.019752247
195	no_pain	0.8113345	0.17472248	0.013943082
196	no_pain	0.8523445	0.12052919	0.027126295
197	no_pain	0.6854892	0.30175734	0.012753506
198	low_pain	0.010883657	0.962519	0.026597383
199	no_pain	0.84286404	0.124680564	0.03245539
200	no_pain	0.90786064	0.052221425	0.039917927
201	low_pain	0.06605417	0.74411166	0.18983413
202	low_pain	0.007996651	0.9649587	0.027044598
203	low_pain	0.027102562	0.81858194	0.1543155
204	no_pain	0.6479082	0.33951926	0.012572522
205	no_pain	0.8840419	0.09273388	0.023224173
206	low_pain	0.16952765	0.7291254	0.10134697
207	no_pain	0.8992473	0.05507152	0.045681152
208	no_pain	0.8324057	0.070738845	0.096855454
209	no_pain	0.65569717	0.32731938	0.016983476
210	low_pain	0.36077332	0.57056606	0.068660595
211	no_pain	0.81936586	0.16294725	0.017686902
212	no_pain	0.8558002	0.12452747	0.019672304
213	no_pain	0.65170205	0.33525094	0.013046973
214	low_pain	0.0123218065	0.9547501	0.032928076
215	no_pain	0.7010717	0.27216387	0.026764456
216	no_pain	0.87151676	0.10442166	0.024061574
217	no_pain	0.6662883	0.31763145	0.016080234
218	no_pain	0.83721036	0.10341917	0.059370436
219	no_pain	0.8371868	0.05925734	0.10355581
220	low_pain	0.0038085727	0.9756349	0.020556584
221	no_pain	0.79526	0.16670217	0.03803775
222	low_pain	0.00614843	0.9019513	0.09190024
223	no_pain	0.71802014	0.16260993	0.11936988
224	no_pain	0.8824223	0.07500788	0.042569824
225	no_pain	0.8287679	0.15099607	0.020236058
226	no_pain	0.79073584	0.16492109	0.044343036
227	no_pain	0.68194675	0.29820946	0.019843746
228	no_pain	0.6811691	0.2941317	0.024699226
229	no_pain	0.83334345	0.14201272	0.02464383
230	no_pain	0.69575053	0.27314308	0.031106371
231	no_pain	0.832714	0.1273968	0.039889216
232	no_pain	0.8006591	0.1816158	0.017725093
233	no_pain	0.83293194	0.13496628	0.032101743
234	no_pain	0.68951267	0.2711129	0.03937443
235	no_pain	0.86642057	0.07675868	0.056820773
236	no_pain	0.8363448	0.06338703	0.10026818
237	no_pain	0.81266624	0.08669261	0.10064115
238	low_pain	0.015639678	0.9484187	0.035941638
239	no_pain	0.8229602	0.078285076	0.09875475
240	no_pain	0.8293266	0.14762497	0.023048414
241	no_pain	0.78691214	0.1806284	0.0324594
242	no_pain	0.7821966	0.20296226	0.014841201
243	no_pain	0.6609629	0.3145156	0.02452153
244	no_pain	0.77854353	0.18731382	0.034142654
245	no_pain	0.83833057	0.14240327	0.01926617
246	no_pain	0.8393281	0.13147965	0.029192265
247	no_pain	0.82838124	0.14562647	0.025992298
248	no_pain	0.859474	0.10912316	0.031402882
249	no_pain	0.64252776	0.34329328	0.014178967
250	no_pain	0.6670303	0.29911795	0.033851787
251	low_pain	0.009535021	0.95952463	0.030940369
252	no_pain	0.72935915	0.24395646	0.02668437
253	no_pain	0.7179058	0.25763616	0.024458027
254	no_pain	0.8066206	0.11397619	0.079403214
255	no_pain	0.8721093	0.07860273	0.049288
256	no_pain	0.7988391	0.17330207	0.027858844
257	no_pain	0.8048175	0.099097535	0.096084975
258	no_pain	0.8769649	0.052256834	0.07077824
259	no_pain	0.84741	0.101768576	0.050821446
260	no_pain	0.6920695	0.27205133	0.035879232
261	low_pain	0.013957744	0.6872295	0.29881278
262	no_pain	0.8480329	0.053972952	0.09799417
263	no_pain	0.8000402	0.17905028	0.020909516
264	no_pain	0.77800655	0.12842834	0.09356516
265	no_pain	0.83114487	0.14046106	0.028394034
266	no_pain	0.47747496	0.36175352	0.16077149
267	no_pain	0.80160636	0.1826772	0.015716428
268	no_pain	0.794792	0.07512502	0.13008304
269	no_pain	0.82180816	0.11947293	0.058718912
270	low_pain	0.026968446	0.8960446	0.076986946
271	no_pain	0.6605376	0.31998295	0.019479493
272	low_pain	0.028394742	0.9372814	0.034323897
273	low_pain	0.28649002	0.6561154	0.057394605
274	no_pain	0.80050534	0.0867877	0.11270695
275	no_pain	0.75138235	0.2164447	0.032172944
276	low_pain	0.4649346	0.4934164	0.041649025
277	low_pain	0.32234615	0.6348222	0.042831652
278	no_pain	0.66782457	0.31535742	0.016818108
279	no_pain	0.83503574	0.14171816	0.023246076
280	no_pain	0.672214	0.29708466	0.030701382
281	no_pain	0.78949654	0.13167976	0.0788237
282	no_pain	0.8827495	0.07149737	0.045753174
283	no_pain	0.8008543	0.15719764	0.04194801
284	no_pain	0.78676116	0.19763562	0.015603216
285	no_pain	0.82421	0.15962747	0.01616251
286	no_pain	0.822834	0.15469535	0.022470662
287	low_pain	0.0071182596	0.97240365	0.020478101
288	no_pain	0.67656285	0.29942742	0.024009705
289	no_pain	0.72332793	0.25113952	0.025532547
290	no_pain	0.7904444	0.18182887	0.02772672
291	low_pain	0.009102797	0.8940023	0.096894875
292	low_pain	0.42171797	0.5245549	0.053727098
293	no_pain	0.8002806	0.18303254	0.016686881
294	low_pain	0.19105509	0.7826207	0.026324203
295	no_pain	0.7958584	0.18823636	0.015905261
296	no_pain	0.8356529	0.044821955	0.11952516
297	no_pain	0.76995534	0.19726203	0.032782633
298	no_pain	0.7747113	0.15554716	0.069741495
299	no_pain	0.79065937	0.15786102	0.0514796
300	low_pain	0.025185782	0.88998	0.0848342
301	no_pain	0.803888	0.17787275	0.018239217
302	low_pain	0.008608776	0.95929855	0.032092664
303	no_pain	0.6343152	0.27130052	0.09438427
304	no_pain	0.8549781	0.11851043	0.026511477
305	no_pain	0.73018557	0.24330534	0.02650911
306	no_pain	0.86066514	0.12050954	0.018825354
307	no_pain	0.64470184	0.3401174	0.015180741
308	low_pain	0.089923434	0.815185	0.09489156
309	no_pain	0.6601917	0.31828877	0.021519465
310	no_pain	0.83260804	0.13753738	0.029854594
311	no_pain	0.664883	0.31273943	0.02237755
312	no_pain	0.84040886	0.10862899	0.050962064
313	no_pain	0.70579827	0.24521688	0.04898482
314	no_pain	0.7091149	0.25836128	0.032523904
315	no_pain	0.848699	0.13822123	0.013079816
316	no_pain	0.66794693	0.27818638	0.053866617
317	no_pain	0.7763371	0.18162307	0.042039834
318	no_pain	0.71961296	0.25295898	0.027428089
319	low_pain	0.020994956	0.86227524	0.11672979
320	no_pain	0.8271423	0.081397496	0.09146021
321	low_pain	0.00358065	0.9776403	0.018779078
322	low_pain	0.020127898	0.81951374	0.16035834
323	no_pain	0.73764855	0.23010156	0.03224987
324	no_pain	0.8349561	0.14731885	0.017725015
325	low_pain	0.055423073	0.88875663	0.055820346
326	no_pain	0.69649017	0.15202108	0.15148877
327	no_pain	0.7884135	0.15708272	0.05450376
328	no_pain	0.6445465	0.3409693	0.014484185
329	no_pain	0.8092957	0.1715305	0.019173807
330	low_pain	0.009850002	0.87794	0.11221
331	no_pain	0.7854918	0.19188312	0.0226251
332	no_pain	0.81262976	0.16180532	0.0255649
333	no_pain	0.82823	0.15073983	0.021030126
334	no_pain	0.8244348	0.075498335	0.10006686
335	no_pain	0.7768922	0.1870886	0.036019225
336	no_pain	0.84638005	0.078244604	0.07537532
337	no_pain	0.767012	0.16260733	0.070380665
338	no_pain	0.8664846	0.08642303	0.04709241
339	no_pain	0.68930477	0.2890962	0.021599013
340	low_pain	0.0029843752	0.98447263	0.012543029
341	no_pain	0.6670183	0.30918974	0.02379203
342	no_pain	0.824483	0.14148094	0.03403611
343	no_pain	0.64219725	0.34435973	0.013443003
344	no_pain	0.808529	0.16418436	0.027286619
345	no_pain	0.83612484	0.13743925	0.026435912
346	no_pain	0.5106701	0.47580227	0.013527557
347	no_pain	0.77077657	0.15862942	0.070594035
348	no_pain	0.75122136	0.21019311	0.038585547
349	no_pain	0.6742086	0.30199972	0.023791717
350	no_pain	0.8457299	0.077330604	0.07693948
351	no_pain	0.7932015	0.15682566	0.0499728
352	low_pain	0.008110908	0.9092723	0.0826168
353	no_pain	0.86785144	0.10385891	0.02828966
354	no_pain	0.6709654	0.31254318	0.01649144
355	no_pain	0.847441	0.1123333	0.040225692
356	no_pain	0.84139556	0.11917763	0.039426826
357	no_pain	0.7618908	0.21871911	0.01939002
358	no_pain	0.78614867	0.18206051	0.031790793
359	no_pain	0.7929493	0.17591862	0.031132024
360	no_pain	0.66363364	0.32392755	0.012438846
361	no_pain	0.7481537	0.21782242	0.034023907
362	no_pain	0.86208516	0.06666218	0.071252696
363	no_pain	0.82526916	0.14479275	0.029938148
364	no_pain	0.8132103	0.08253962	0.10425011
365	no_pain	0.8002377	0.072979115	0.12678318
366	no_pain	0.91930014	0.07031696	0.0103828525
367	no_pain	0.7626265	0.20681831	0.030555172
368	no_pain	0.7841669	0.19181113	0.024021987
369	no_pain	0.7795188	0.1759129	0.044568267
370	no_pain	0.65560484	0.32981887	0.014576319
371	low_pain	0.022395834	0.90638894	0.07121515
372	low_pain	0.008248949	0.9611396	0.03061145
373	no_pain	0.63876665	0.34258148	0.0186519
374	no_pain	0.7590213	0.20662503	0.034353737
375	low_pain	0.0075978786	0.9656748	0.02672728
376	no_pain	0.89969766	0.08309562	0.017206816
377	no_pain	0.85053694	0.12068628	0.028776735
378	no_pain	0.5719251	0.40928435	0.018790573
379	low_pain	0.049007267	0.82491636	0.12607637
380	no_pain	0.6574292	0.32159224	0.020978585
381	low_pain	0.052271128	0.8998481	0.04788077
382	no_pain	0.8199569	0.1616729	0.018370153
383	no_pain	0.81384915	0.16873649	0.017414358
384	no_pain	0.83945996	0.08404828	0.07649182
385	no_pain	0.847748	0.08699055	0.06526144
386	low_pain	0.4328589	0.5247128	0.042428304
387	no_pain	0.64342433	0.34215635	0.014419347
388	no_pain	0.9103241	0.061494965	0.028180936
389	no_pain	0.568973	0.41123804	0.019788956
390	no_pain	0.85289186	0.1020307	0.04507749
391	no_pain	0.6455746	0.3390338	0.015391535
392	low_pain	0.022455122	0.9484014	0.029143438
393	no_pain	0.84811294	0.035215523	0.11667152
394	no_pain	0.8187565	0.1631943	0.01804917
395	no_pain	0.90966827	0.061152373	0.02917934
396	no_pain	0.689159	0.2829187	0.027922327
397	no_pain	0.6653923	0.3019354	0.032672387
398	low_pain	0.10197385	0.78622454	0.11180157
399	low_pain	0.0090142405	0.88147414	0.10951158
400	low_pain	0.023392828	0.81574184	0.16086535
401	low_pain	0.005210509	0.98197573	0.012813735
402	no_pain	0.8092803	0.16411713	0.026602639
403	no_pain	0.90373135	0.024306512	0.071962155
404	no_pain	0.82909334	0.15609995	0.014806773
405	no_pain	0.90680826	0.044293635	0.04889812
406	no_pain	0.5688508	0.41262278	0.018526401
407	no_pain	0.69476265	0.28681248	0.01842488
408	no_pain	0.81640977	0.1643045	0.019285683
409	no_pain	0.71577865	0.2591732	0.0250482
410	no_pain	0.84409094	0.107717834	0.048191186
411	no_pain	0.82583827	0.05013711	0.12402456
412	no_pain	0.7985157	0.16758792	0.033896428
413	low_pain	0.068148255	0.8849358	0.04691594
414	low_pain	0.1395392	0.843911	0.016549846
415	no_pain	0.7596234	0.139658	0.10071858
416	low_pain	0.030580822	0.93998927	0.029429909
417	no_pain	0.68391144	0.29671016	0.019378394
418	low_pain	0.0073345685	0.96610624	0.026559195
419	no_pain	0.8680628	0.09577761	0.036159668
420	no_pain	0.8082159	0.104987	0.0867971
421	low_pain	0.017836627	0.882448	0.099715374
422	no_pain	0.6743954	0.26837626	0.057228412
423	no_pain	0.7586387	0.22705261	0.014308751
424	no_pain	0.6686102	0.3143329	0.017056847
425	no_pain	0.48262137	0.44486114	0.07251745
426	low_pain	0.012947626	0.95173055	0.035321888
427	low_pain	0.0073252725	0.9295135	0.06316121
428	no_pain	0.48812407	0.32265678	0.18921916
429	no_pain	0.48907584	0.3682399	0.14268424
430	no_pain	0.787577	0.18941681	0.023006234
431	no_pain	0.82019055	0.1468762	0.032933217
432	no_pain	0.8238304	0.091837905	0.0843317
433	no_pain	0.8822066	0.052488305	0.06530508
434	no_pain	0.89984137	0.030153658	0.07000495
435	no_pain	0.6691342	0.31471643	0.01614937
436	no_pain	0.90080297	0.040474016	0.05872304
437	no_pain	0.87212527	0.043582626	0.08429211
438	no_pain	0.7507213	0.22051688	0.028761877
439	no_pain	0.79830456	0.1898826	0.011812821
440	no_pain	0.82879275	0.15190005	0.019307205
441	no_pain	0.68520695	0.28672847	0.028064579
442	no_pain	0.85242885	0.124303825	0.023267342
443	no_pain	0.7506767	0.22221585	0.027107427
444	no_pain	0.82268566	0.14542075	0.031893607
445	no_pain	0.8183598	0.14974628	0.031893943
446	no_pain	0.7613701	0.15075673	0.087873146
447	no_pain	0.59351254	0.36241525	0.04407217
448	no_pain	0.84482306	0.1263037	0.028873201
449	no_pain	0.820457	0.08913241	0.09041057
450	low_pain	0.03282752	0.8836364	0.08353608
451	no_pain	0.6960264	0.28574702	0.018226592
452	no_pain	0.88795674	0.04329696	0.06874626
453	no_pain	0.79881155	0.06926243	0.131926
454	low_pain	0.040546324	0.835775	0.123678625
455	no_pain	0.7692619	0.19741432	0.033323742
456	no_pain	0.7136205	0.26420918	0.022170363
457	no_pain	0.81774855	0.08706126	0.09519022
458	no_pain	0.7381896	0.19617851	0.06563192
459	no_pain	0.8516275	0.12337462	0.024997836
460	no_pain	0.8938522	0.037756376	0.068391465
461	no_pain	0.86285204	0.12071555	0.016432391
462	low_pain	0.009169402	0.9554036	0.035427053
463	no_pain	0.7925844	0.119666524	0.08774904
464	no_pain	0.7028309	0.25210935	0.04505973
465	low_pain	0.03741753	0.8527764	0.10980605
466	no_pain	0.83524364	0.12680054	0.03795585
467	no_pain	0.68880796	0.29060474	0.020587295
468	no_pain	0.6428782	0.26444173	0.09268008
469	no_pain	0.8169063	0.15606308	0.027030637
470	no_pain	0.7024991	0.23957634	0.057924543
471	no_pain	0.8509583	0.084293544	0.06474813
472	no_pain	0.7620338	0.20226452	0.03570169
473	no_pain	0.8557455	0.049813475	0.09444101
474	no_pain	0.8366375	0.031968	0.13139449
475	low_pain	0.06163668	0.8478985	0.09046487
476	no_pain	0.58324975	0.396327	0.020423237
477	no_pain	0.8129857	0.16371462	0.023299694
478	low_pain	0.39529595	0.41665405	0.18804999
479	no_pain	0.8623435	0.08357745	0.054079045
480	no_pain	0.79161453	0.18028249	0.02810296
481	no_pain	0.72148854	0.24845502	0.030056413
482	no_pain	0.7811355	0.1814119	0.03745264
483	low_pain	0.025744477	0.8947826	0.07947289
484	no_pain	0.7104468	0.25886226	0.030690998
485	no_pain	0.8477689	0.059880115	0.09235102
486	no_pain	0.7514333	0.21954615	0.029020522
487	no_pain	0.898033	0.048299197	0.053667784
488	no_pain	0.8765699	0.07986194	0.04356814
489	low_pain	0.16309735	0.82057744	0.016325248
490	low_pain	0.00347786	0.97555786	0.020964304
491	no_pain	0.6571706	0.32059106	0.022238338
492	no_pain	0.59425455	0.29224518	0.113500215
493	no_pain	0.8363442	0.13852026	0.025135543
494	low_pain	0.28240252	0.6761007	0.04149684
495	no_pain	0.78293115	0.14275849	0.07431037
496	no_pain	0.89462215	0.07600073	0.029377153
497	no_pain	0.8880245	0.046342295	0.06563313
498	no_pain	0.6657206	0.3117502	0.022529194
499	no_pain	0.8804149	0.04420838	0.075376704
500	no_pain	0.8834966	0.066938505	0.04956495
501	no_pain	0.89109737	0.068026714	0.04087593
502	no_pain	0.78898305	0.19458242	0.016434504
503	no_pain	0.82917184	0.15362464	0.017203495
504	no_pain	0.6564728	0.3287007	0.014826543
505	no_pain	0.76558435	0.16789946	0.06651619
506	no_pain	0.65840876	0.31816706	0.023424147
507	no_pain	0.7622174	0.18924536	0.048537277
508	low_pain	0.020304287	0.91335535	0.066340365
509	no_pain	0.6673194	0.3113766	0.021303993
510	low_pain	0.008890551	0.91586876	0.07524065
511	no_pain	0.81598943	0.16772735	0.016283248
512	no_pain	0.6976818	0.26768723	0.03463094
513	no_pain	0.697405	0.2502211	0.052373867
514	no_pain	0.7352273	0.24040811	0.02436454
515	no_pain	0.85523224	0.06652636	0.078241415
516	low_pain	0.25553754	0.7275334	0.016929075
517	no_pain	0.68767345	0.29172406	0.020602452
518	no_pain	0.8444633	0.052820463	0.10271629
519	no_pain	0.8332276	0.13882759	0.027944833
520	no_pain	0.8017246	0.11338831	0.084887095
521	no_pain	0.8753391	0.092774324	0.031886585
522	no_pain	0.70236295	0.28593272	0.011704309
523	no_pain	0.88514715	0.035462048	0.07939081
524	no_pain	0.84295994	0.06393867	0.0931014
525	no_pain	0.8500908	0.11857784	0.031331368
526	no_pain	0.8402378	0.1402602	0.019501997
527	no_pain	0.7793279	0.16913222	0.051539812
528	no_pain	0.8352374	0.14404316	0.020719465
529	low_pain	0.030014947	0.93850243	0.031482637
530	no_pain	0.7109736	0.25192517	0.037101246
531	low_pain	0.011308809	0.8663905	0.122300684
532	low_pain	0.13974099	0.6801729	0.18008606
533	no_pain	0.7737506	0.06885262	0.15739682
534	low_pain	0.1296827	0.709289	0.16102831
535	no_pain	0.8580416	0.092972554	0.048985932
536	low_pain	0.036362503	0.92282295	0.040814538
537	no_pain	0.8602361	0.06641989	0.07334401
538	no_pain	0.65853894	0.31956318	0.021897862
539	no_pain	0.85952455	0.074736945	0.06573855
540	low_pain	0.0025543459	0.98841715	0.009028519
541	no_pain	0.65163994	0.3312929	0.017067209
542	no_pain	0.5877256	0.4004149	0.0118595045
543	no_pain	0.9268023	0.042096984	0.031100705
544	low_pain	0.022376144	0.9443941	0.03322973
545	no_pain	0.8756071	0.03638609	0.08800684
546	no_pain	0.74296623	0.16683398	0.090199776
547	low_pain	0.20268121	0.7551289	0.042189863
548	no_pain	0.8694944	0.090631805	0.03987383
549	low_pain	0.015328887	0.8759459	0.108725235
550	low_pain	0.01514165	0.93559617	0.04926216
551	no_pain	0.57075447	0.4097192	0.019526294
552	no_pain	0.8085362	0.17007034	0.021393431
553	no_pain	0.7514297	0.19043602	0.05813428
554	no_pain	0.6514645	0.3337577	0.01477777
555	no_pain	0.81525034	0.0659052	0.11884445
556	no_pain	0.881877	0.072970875	0.0451521
557	no_pain	0.79615134	0.12471443	0.07913421
558	low_pain	0.019411022	0.8628898	0.11769913
559	no_pain	0.86243826	0.10113899	0.036422748
560	low_pain	0.027640939	0.9354357	0.036923375
561	no_pain	0.80414784	0.16187921	0.033972938
562	no_pain	0.54821694	0.2864027	0.16538037
563	no_pain	0.8553563	0.045299955	0.09934379
564	no_pain	0.65744644	0.31474712	0.027806425
565	low_pain	0.01871849	0.9531843	0.028097212
566	no_pain	0.7904879	0.13027762	0.079234466
567	no_pain	0.8036808	0.17887877	0.017440481
568	no_pain	0.648421	0.33927494	0.012304006
569	low_pain	0.37627816	0.54202473	0.08169712
570	no_pain	0.4925577	0.31951332	0.187929
571	no_pain	0.8020896	0.18073945	0.01717097
572	no_pain	0.69626707	0.29571936	0.008013604
573	no_pain	0.8069855	0.09859686	0.09441762
574	no_pain	0.8333376	0.06300717	0.10365523
575	no_pain	0.79457825	0.18838143	0.017040268
576	no_pain	0.73224145	0.21791339	0.049845207
577	low_pain	0.00845618	0.90818053	0.0833633
578	no_pain	0.6619364	0.31832266	0.019740893
579	no_pain	0.75983053	0.1580437	0.08212577
580	low_pain	0.008114755	0.97390145	0.01798376
581	no_pain	0.6449577	0.34078974	0.014252548
582	low_pain	0.028908473	0.8636889	0.10740267
583	no_pain	0.73544806	0.23788524	0.026666645
584	low_pain	0.032190613	0.8515496	0.11625976
585	no_pain	0.8585466	0.12562428	0.015829103
586	no_pain	0.802563	0.103352174	0.094084844
587	no_pain	0.7067649	0.27154467	0.021690441
588	no_pain	0.7677837	0.16528416	0.06693212
589	no_pain	0.8579124	0.10755808	0.034529496
590	no_pain	0.86864007	0.099008396	0.032351546
591	no_pain	0.81404144	0.16659804	0.019360539
592	no_pain	0.6294941	0.35594597	0.014560004
593	no_pain	0.7241184	0.2645051	0.011376479
594	no_pain	0.8611637	0.08884878	0.049987532
595	no_pain	0.8362793	0.1356876	0.028033148
596	no_pain	0.7007999	0.27899823	0.020201897
597	low_pain	0.0073501044	0.9185714	0.07407851
598	no_pain	0.68138134	0.29431346	0.02430516
599	no_pain	0.65310544	0.33361408	0.013280444
600	no_pain	0.8384272	0.14484493	0.016727868
601	no_pain	0.8303715	0.15290271	0.016725734
602	no_pain	0.6584645	0.31767303	0.023862481
603	no_pain	0.7085048	0.2603539	0.031141268
604	no_pain	0.86186016	0.059018876	0.07912103
605	no_pain	0.8233614	0.042651903	0.13398667
606	no_pain	0.6512588	0.33408013	0.014661098
607	no_pain	0.7915963	0.16430494	0.044098735
608	no_pain	0.695593	0.2801109	0.024296107
609	no_pain	0.7575293	0.21195821	0.030512463
610	no_pain	0.64338076	0.34354046	0.013078789
611	no_pain	0.6901059	0.27195197	0.03794213
612	low_pain	0.008840627	0.9612078	0.029951524
613	low_pain	0.327056	0.33692327	0.3360207
614	no_pain	0.6577929	0.31943458	0.02277253
615	no_pain	0.8599234	0.080120504	0.059956133
616	low_pain	0.016418312	0.90648395	0.07709782
617	no_pain	0.8752885	0.03002253	0.09468903
618	no_pain	0.74099094	0.2256218	0.033387277
619	no_pain	0.83247524	0.14856315	0.018961605
620	no_pain	0.8718482	0.12073897	0.0074127945
621	no_pain	0.69038904	0.27130222	0.03830875
622	low_pain	0.42171404	0.52049905	0.05778691
623	no_pain	0.8188189	0.09607928	0.085101806
624	low_pain	0.08341677	0.80803096	0.10855228
625	no_pain	0.8417797	0.12063002	0.037590247
626	no_pain	0.683849	0.29290196	0.023249064
627	no_pain	0.8549999	0.06932168	0.07567839
628	no_pain	0.7896322	0.11437986	0.09598798
629	no_pain	0.5373728	0.4221333	0.040493898
630	no_pain	0.8553628	0.120956495	0.023680763
631	no_pain	0.81816196	0.15831974	0.023518264
632	no_pain	0.8028701	0.118419826	0.07871007
633	no_pain	0.8339961	0.14137574	0.024628159
634	no_pain	0.8713992	0.054662995	0.073937796
635	no_pain	0.69970036	0.26223984	0.038059827
636	no_pain	0.64236945	0.3453715	0.012259008
637	low_pain	0.0044068526	0.97763306	0.017960068
638	no_pain	0.80386543	0.16854922	0.027585346
639	low_pain	0.0077209277	0.9651147	0.027164314
640	no_pain	0.8749046	0.10117614	0.023919305
641	no_pain	0.49810615	0.18790579	0.31398806
642	low_pain	0.0045192805	0.947126	0.048354685
643	no_pain	0.77335995	0.11107148	0.11556856
644	no_pain	0.5731052	0.4081784	0.018716434
645	no_pain	0.7604927	0.18549196	0.054015364
646	no_pain	0.8827504	0.050616857	0.06663277
647	low_pain	0.0029413444	0.98537475	0.011683919
648	no_pain	0.69309855	0.28234646	0.024554947
649	no_pain	0.71714455	0.22648525	0.056370206
650	no_pain	0.65145725	0.31811062	0.030432152
651	no_pain	0.82758844	0.11028315	0.0621284
652	no_pain	0.8253498	0.074851334	0.09979884
653	no_pain	0.86587375	0.10925519	0.024871109
654	no_pain	0.6711935	0.3131149	0.015691621
655	no_pain	0.84761184	0.13449255	0.017895639
656	no_pain	0.7486213	0.2243519	0.027026875
657	no_pain	0.8457424	0.068766825	0.08549077
658	low_pain	0.0076729083	0.9162444	0.07608271
659	low_pain	0.004123819	0.9642369	0.031639237
660	no_pain	0.67516726	0.3055284	0.019304369
661	low_pain	0.005673862	0.94060475	0.053721372
662	no_pain	0.7114089	0.2523395	0.036251653
663	no_pain	0.8463603	0.14128987	0.012349731
664	no_pain	0.7923228	0.18163633	0.02604085
665	no_pain	0.5919704	0.39537472	0.012654902
666	no_pain	0.6772645	0.29966742	0.023068046
667	no_pain	0.7029767	0.27112538	0.025897926
668	no_pain	0.8386003	0.06662985	0.09476989
669	no_pain	0.82282174	0.14094588	0.036232363
670	no_pain	0.78883845	0.1953047	0.015856909
671	no_pain	0.78845614	0.19987944	0.011664392
672	no_pain	0.83275276	0.14426081	0.022986433
673	no_pain	0.57800144	0.3523344	0.06966417
674	no_pain	0.699398	0.2748712	0.025730852
675	no_pain	0.81660116	0.16357085	0.019827992
676	low_pain	0.0055724564	0.9443858	0.050041754
677	no_pain	0.7515626	0.22992966	0.018507725
678	low_pain	0.0070810127	0.9377217	0.055197243
679	no_pain	0.8054142	0.17382501	0.020760836
680	no_pain	0.6846772	0.28844187	0.026880944
681	no_pain	0.7931596	0.15629108	0.050549306
682	no_pain	0.8366399	0.06433015	0.09902995
683	no_pain	0.8728923	0.059040315	0.06806738
684	no_pain	0.6745086	0.305327	0.02016442
685	no_pain	0.9168443	0.018916298	0.06423944
686	low_pain	0.013722926	0.70389265	0.28238443
687	no_pain	0.78720903	0.12331528	0.08947571
688	no_pain	0.7210698	0.22633484	0.052595314
689	no_pain	0.8670822	0.074347295	0.058570523
690	no_pain	0.68352133	0.23760775	0.07887089
691	low_pain	0.025011575	0.9481384	0.026849942
692	no_pain	0.79002136	0.19454323	0.015435396
693	no_pain	0.6520975	0.33364385	0.014258621
694	no_pain	0.8216441	0.15964207	0.018713811
695	no_pain	0.55817455	0.382016	0.059809383
696	no_pain	0.60128707	0.38228884	0.016424064
697	no_pain	0.7958008	0.17460482	0.029594392
698	low_pain	0.003223499	0.98415947	0.012617073
699	no_pain	0.8303992	0.14938952	0.020211216
700	no_pain	0.6634134	0.30704477	0.029541865
701	no_pain	0.66349685	0.3153484	0.02115476
702	no_pain	0.80663717	0.065439	0.12792383
703	no_pain	0.8373149	0.13797264	0.024712456
704	no_pain	0.66199666	0.31748518	0.020518135
705	no_pain	0.65913886	0.31753463	0.023326438
706	no_pain	0.80092293	0.18971777	0.009359278
707	no_pain	0.6552512	0.27581853	0.06893029
708	low_pain	0.013226346	0.890484	0.09628964
709	no_pain	0.85569805	0.07541477	0.06888722
710	no_pain	0.65796274	0.32018378	0.021853441
711	no_pain	0.8095034	0.17296593	0.017530698
712	no_pain	0.8214674	0.16408272	0.014449923
713	no_pain	0.8284083	0.06619302	0.10539866
714	low_pain	0.028185127	0.83545476	0.13636014
715	no_pain	0.7023097	0.27181086	0.025879374
716	no_pain	0.7001749	0.2581784	0.04164661
717	low_pain	0.0074848034	0.9182391	0.07427611
718	low_pain	0.061936025	0.8788029	0.059261028
719	no_pain	0.82814664	0.15380916	0.01804416
720	no_pain	0.88330424	0.049916036	0.06677969
721	low_pain	0.020485077	0.8840483	0.09546665
722	low_pain	0.18889005	0.7249505	0.086159445
723	no_pain	0.82544076	0.14709057	0.027468693
724	no_pain	0.8689615	0.08614599	0.04489249
725	low_pain	0.16124713	0.68822294	0.15052989
726	low_pain	0.30478707	0.6097413	0.085471645
727	no_pain	0.84104687	0.12942673	0.0295264
728	no_pain	0.8009691	0.18403506	0.014995822
729	no_pain	0.6862823	0.2461536	0.067564085
730	no_pain	0.8345214	0.13885248	0.026626064
731	low_pain	0.020284789	0.9507214	0.02899381
732	no_pain	0.75206524	0.22727898	0.020655725
733	no_pain	0.69858795	0.26817492	0.033237126
734	no_pain	0.7716498	0.20743112	0.020919103
735	no_pain	0.9102563	0.08392714	0.005816491
736	no_pain	0.83930624	0.0812264	0.07946739
737	no_pain	0.8323479	0.06724579	0.10040624
738	no_pain	0.67242014	0.27108282	0.05649706
739	no_pain	0.7218982	0.2525532	0.025548628
740	no_pain	0.86871237	0.08892239	0.04236529
741	no_pain	0.78760636	0.15616071	0.056232896
742	low_pain	0.022314066	0.8205949	0.15709098
743	no_pain	0.7553659	0.16122532	0.083408795
744	no_pain	0.83461034	0.15683801	0.008551675
745	no_pain	0.71037227	0.26378605	0.02584171
746	no_pain	0.5241468	0.4076816	0.06817161
747	no_pain	0.64388514	0.34292912	0.013185726
748	low_pain	0.004590296	0.9685078	0.02690187
749	low_pain	0.003261219	0.9804468	0.016291978
750	no_pain	0.84604895	0.10021477	0.05373625
751	no_pain	0.71953773	0.25575164	0.024710655
752	no_pain	0.84497005	0.04657306	0.10845692
753	no_pain	0.84194547	0.12728252	0.030772036
754	no_pain	0.6403846	0.21096885	0.1486465
755	no_pain	0.69685394	0.2762907	0.026855383
756	no_pain	0.8362861	0.08528733	0.07842653
757	low_pain	0.0055548334	0.94993246	0.04451279
758	low_pain	0.0030965582	0.9836807	0.013222716
759	low_pain	0.03283447	0.9488393	0.018326223
760	no_pain	0.81230444	0.16304629	0.024649296
761	no_pain	0.76386344	0.15490924	0.081227325
762	no_pain	0.9811695	0.008502369	0.010328153
763	no_pain	0.54738754	0.4259902	0.026622215
764	no_pain	0.64166224	0.34687856	0.011459178
765	no_pain	0.8354155	0.13202949	0.03255501
766	no_pain	0.76580757	0.219095	0.015097464
767	no_pain	0.74919254	0.1498407	0.10096675
768	low_pain	0.020044828	0.8506796	0.12927555
769	no_pain	0.6403933	0.32702234	0.03258429
770	no_pain	0.65505254	0.3275669	0.01738055
771	no_pain	0.8844198	0.107846	0.0077342065
772	no_pain	0.6759181	0.30713838	0.01694352
773	no_pain	0.80496234	0.08680075	0.10823686
774	no_pain	0.78689104	0.13201107	0.081097856
775	no_pain	0.6792126	0.21866377	0.10212358
776	no_pain	0.64714575	0.32941696	0.023437304
777	no_pain	0.83917207	0.058517274	0.10231062
778	no_pain	0.69721514	0.27131072	0.03147415
779	low_pain	0.010115808	0.95779604	0.032088157
780	no_pain	0.8837239	0.07950823	0.03676786
781	no_pain	0.8534082	0.12132226	0.025269514
782	no_pain	0.8548266	0.07926945	0.06590391
783	no_pain	0.66846484	0.3156354	0.015899692
784	no_pain	0.7439877	0.2222435	0.033768825
785	no_pain	0.69926935	0.26804063	0.03268999
786	low_pain	0.026864678	0.8891284	0.084006906
787	no_pain	0.770136	0.21141887	0.0184451
788	low_pain	0.28789517	0.5612722	0.15083262
789	no_pain	0.82283634	0.059088595	0.11807513
790	no_pain	0.8490384	0.12593797	0.025023658
791	no_pain	0.5057696	0.45443124	0.03979912
792	no_pain	0.85890514	0.06804784	0.07304703
793	no_pain	0.6426157	0.3443575	0.013026866
794	no_pain	0.8262741	0.09426769	0.07945819
795	low_pain	0.009014981	0.9067572	0.08422784
796	low_pain	0.0033075672	0.9803152	0.016377227
797	no_pain	0.8509902	0.038091805	0.110917985
798	no_pain	0.86041754	0.1064353	0.03314712
799	no_pain	0.7212896	0.2538	0.02491044
800	no_pain	0.8491005	0.10338344	0.04751609
801	no_pain	0.8351263	0.14472881	0.020144952
802	no_pain	0.69536287	0.27548382	0.029153358
803	no_pain	0.86657745	0.11151069	0.021911899
804	no_pain	0.6323184	0.26205665	0.10562499
805	no_pain	0.825698	0.054193407	0.1201086
806	no_pain	0.82627016	0.1406802	0.033049602
807	no_pain	0.7631044	0.13989975	0.09699587
808	no_pain	0.696384	0.2829933	0.020622695
809	no_pain	0.79808587	0.17539	0.02652407
810	low_pain	0.037128836	0.9402098	0.022661341
811	low_pain	0.14087549	0.67083544	0.18828909
812	no_pain	0.7300633	0.24702798	0.022908773
813	no_pain	0.66507053	0.31458965	0.020339826
814	low_pain	0.0071317	0.9657019	0.027166395
815	no_pain	0.77090734	0.16157158	0.06752108
816	no_pain	0.67430925	0.3027246	0.022966128
817	no_pain	0.7874098	0.18271865	0.029871587
818	no_pain	0.7976469	0.18236038	0.019992765
819	no_pain	0.6675907	0.3165922	0.015817102
820	no_pain	0.7925344	0.18400554	0.023460018
821	no_pain	0.7635236	0.15564087	0.08083556
822	no_pain	0.8284149	0.066603355	0.10498173
823	no_pain	0.8061891	0.17900984	0.014801009
824	no_pain	0.6565195	0.33408302	0.009397517
825	low_pain	0.20946868	0.5758006	0.21473071
826	no_pain	0.81877327	0.15252458	0.028702121
827	no_pain	0.83684176	0.061823305	0.10133488
828	no_pain	0.8232197	0.16152294	0.015257399
829	low_pain	0.0732862	0.88047457	0.046239235
830	no_pain	0.76755416	0.19536641	0.037079453
831	no_pain	0.8488966	0.04808006	0.103023246
832	no_pain	0.83681047	0.057473306	0.10571627
833	no_pain	0.67068815	0.30932513	0.019986715
834	no_pain	0.7717296	0.1503817	0.07788872
835	no_pain	0.7634164	0.16802934	0.068554245
836	no_pain	0.5626463	0.29625517	0.14109847
837	no_pain	0.67512715	0.2845095	0.040363282
838	no_pain	0.70255476	0.27793977	0.019505471
839	no_pain	0.8270237	0.1248775	0.048098754
840	no_pain	0.90300614	0.026427519	0.070566356
841	no_pain	0.85028976	0.041309364	0.10840087
842	no_pain	0.8421135	0.11215688	0.04572965
843	low_pain	0.23680937	0.5286754	0.23451526
844	no_pain	0.724423	0.2461379	0.029439088
845	no_pain	0.7855901	0.19722915	0.017180735
846	no_pain	0.5823766	0.39261717	0.025006248
847	no_pain	0.6935918	0.27839723	0.028011005
848	no_pain	0.7662793	0.17055047	0.06317023
849	no_pain	0.8283884	0.14606014	0.025551429
850	no_pain	0.86073214	0.10181661	0.03745121
851	no_pain	0.7930131	0.17380963	0.033177327
852	low_pain	0.050547767	0.7956887	0.15376356
853	no_pain	0.7792217	0.13308991	0.08768835
854	no_pain	0.8752154	0.081401214	0.0433834
855	no_pain	0.8029192	0.088158466	0.10892235
856	no_pain	0.65869486	0.317657	0.023648104
857	low_pain	0.008192425	0.89323854	0.09856905
858	low_pain	0.0068684337	0.9278942	0.06523738
859	no_pain	0.69332826	0.22883818	0.07783359
860	low_pain	0.03105201	0.918428	0.05052001
861	no_pain	0.7495767	0.20722835	0.043194942
862	no_pain	0.7463412	0.16591962	0.08773916
863	no_pain	0.67098856	0.31939092	0.009620511
864	no_pain	0.70732176	0.23525073	0.057427544
865	no_pain	0.85436565	0.09540214	0.05023223
866	no_pain	0.89689857	0.02936137	0.07374007
867	low_pain	0.24736181	0.70445144	0.048186798
868	low_pain	0.009429751	0.9565958	0.033974487
869	low_pain	0.011260821	0.9616824	0.02705681
870	low_pain	0.07400118	0.83279717	0.09320164
871	no_pain	0.8910089	0.03598031	0.07301082
872	no_pain	0.6570434	0.31977114	0.023185415
873	no_pain	0.7027505	0.2744259	0.022823645
874	low_pain	0.0071111927	0.95878	0.034108784
875	high_pain	0.34410992	0.29238763	0.3635025
876	no_pain	0.8025502	0.16055992	0.036889914
877	no_pain	0.7110833	0.25696367	0.031953074
878	no_pain	0.81315786	0.15982617	0.027015986
879	low_pain	0.030249298	0.90280205	0.066948615
880	no_pain	0.88706344	0.05194326	0.060993303
881	no_pain	0.8761123	0.07580919	0.048078567
882	no_pain	0.70121914	0.27282956	0.025951322
883	no_pain	0.6908528	0.28218904	0.026958108
884	low_pain	0.00931721	0.95431507	0.036367714
885	low_pain	0.004459282	0.9523402	0.043200556
886	no_pain	0.85147226	0.1292607	0.019267052
887	no_pain	0.6591005	0.29222414	0.048675388
888	low_pain	0.009940907	0.9520745	0.037984587
889	no_pain	0.84372854	0.121111915	0.03515956
890	no_pain	0.784123	0.19529414	0.020582806
891	low_pain	0.010093848	0.9570002	0.03290596
892	no_pain	0.8526587	0.12635225	0.020989044
893	low_pain	0.020720934	0.8769861	0.102292955
894	low_pain	0.024611652	0.8696464	0.10574203
895	no_pain	0.7032357	0.26946685	0.02729742
896	no_pain	0.5694775	0.41178054	0.018741945
897	no_pain	0.87710667	0.03865095	0.08424238
898	no_pain	0.7761627	0.15806577	0.06577158
899	no_pain	0.6635674	0.3097712	0.02666136
900	no_pain	0.846736	0.13341871	0.019845301
901	no_pain	0.6609759	0.3215711	0.017453024
902	low_pain	0.014690758	0.77804434	0.20726489
903	no_pain	0.6404189	0.3390619	0.020519266
904	no_pain	0.7967647	0.18443537	0.018799959
905	no_pain	0.6848625	0.2950193	0.020118264
906	no_pain	0.7856057	0.17990515	0.034489177
907	no_pain	0.76227343	0.20694812	0.03077848
908	no_pain	0.7913762	0.1291337	0.07949016
909	no_pain	0.8694576	0.06736139	0.06318103
910	no_pain	0.8332133	0.10992744	0.05685929
911	no_pain	0.6542573	0.33206388	0.013678889
912	no_pain	0.7339827	0.21559545	0.05042189
913	no_pain	0.838059	0.07748353	0.08445745
914	no_pain	0.65755445	0.33307147	0.009374066
915	no_pain	0.8503147	0.0636471	0.08603819
916	no_pain	0.7674282	0.19257586	0.039995994
917	no_pain	0.82025015	0.071009465	0.10874038
918	no_pain	0.7616543	0.17292272	0.06542298
919	no_pain	0.85004795	0.08964045	0.060311574
920	no_pain	0.754954	0.22510345	0.019942572
921	no_pain	0.7651442	0.22212434	0.012731453
922	no_pain	0.76594824	0.16753101	0.066520706
923	low_pain	0.18873803	0.597099	0.21416296
924	no_pain	0.89450777	0.055554904	0.04993729
925	no_pain	0.8615584	0.08857519	0.04986645
926	no_pain	0.8360187	0.06599425	0.097987056
927	no_pain	0.5454386	0.38661098	0.06795044
928	no_pain	0.69881743	0.29191145	0.0092710685
929	low_pain	0.030327577	0.92245066	0.04722176
930	low_pain	0.021848422	0.8839497	0.0942019
931	no_pain	0.8285848	0.15398104	0.01743418
932	no_pain	0.7804373	0.14503781	0.07452492
933	no_pain	0.7612437	0.21680348	0.021952847
934	no_pain	0.8391485	0.12500735	0.03584415
935	no_pain	0.66707426	0.18962519	0.14330055
936	no_pain	0.69359666	0.26593903	0.04046438
937	low_pain	0.024227876	0.88536626	0.09040588
938	no_pain	0.5366439	0.45169544	0.011660638
939	no_pain	0.570861	0.4098747	0.019264285
940	no_pain	0.84290373	0.12849928	0.028597001
941	no_pain	0.6505343	0.334909	0.014556711
942	no_pain	0.78622305	0.18522333	0.028553624
943	no_pain	0.68271595	0.20954636	0.10773766
944	no_pain	0.82963246	0.13865574	0.03171178
945	no_pain	0.6814837	0.29769447	0.02082181
946	low_pain	0.3358454	0.44389105	0.22026359
947	low_pain	0.08148648	0.8358916	0.082621895
948	no_pain	0.8908496	0.06569052	0.043459866
949	no_pain	0.7271675	0.22257257	0.050259948
950	no_pain	0.8429671	0.05732857	0.0997043
951	no_pain	0.77770174	0.14960603	0.07269223
952	no_pain	0.6515528	0.32461837	0.023828844
953	no_pain	0.7075555	0.2832931	0.009151419
954	no_pain	0.8451547	0.05542653	0.099418774
955	no_pain	0.80372953	0.17881289	0.01745757
956	no_pain	0.86984175	0.07830907	0.05184912
957	low_pain	0.28653798	0.6404668	0.07299513
958	no_pain	0.8646898	0.082284376	0.053025838
959	no_pain	0.6942927	0.26285893	0.042848293
960	no_pain	0.88939154	0.037071977	0.07353647
961	no_pain	0.6909386	0.26957637	0.03948499
962	no_pain	0.7157469	0.23993349	0.044319622
963	no_pain	0.89520085	0.038036298	0.06676284
964	no_pain	0.8896126	0.04681578	0.06357161
965	no_pain	0.65185356	0.3313195	0.016826909
966	no_pain	0.83480877	0.12960045	0.035590827
967	no_pain	0.7077851	0.26207593	0.030138982
968	no_pain	0.8182743	0.16590968	0.01581602
969	low_pain	0.109303884	0.6975037	0.19319245
970	no_pain	0.7881482	0.17709419	0.034757603
971	no_pain	0.8731621	0.09675487	0.030083047
972	no_pain	0.6975605	0.2923066	0.010132862
973	no_pain	0.6785658	0.29886395	0.022570288
974	no_pain	0.8651489	0.063866474	0.070984654
975	no_pain	0.67930955	0.29712626	0.023564218
976	low_pain	0.007696175	0.93096626	0.061337598
977	no_pain	0.7678687	0.16337414	0.06875718
978	no_pain	0.7354885	0.17856237	0.08594914
979	no_pain	0.8636784	0.043971326	0.09235029
980	no_pain	0.77771205	0.2097862	0.012501693
981	no_pain	0.8657673	0.11086436	0.023368342
982	no_pain	0.81397074	0.14601462	0.040014617
983	low_pain	0.010866655	0.85959285	0.12954052
984	no_pain	0.8115697	0.16086276	0.02756757
985	no_pain	0.7797926	0.14448735	0.075720035
986	low_pain	0.059657965	0.91327506	0.027067032
987	no_pain	0.90180004	0.06352838	0.034671567
988	no_pain	0.808437	0.17326559	0.0182974
989	no_pain	0.91342455	0.046686828	0.039888628
990	no_pain	0.47654575	0.4039978	0.119456455
991	low_pain	0.0035445185	0.97478974	0.021665718
992	no_pain	0.7525244	0.19998299	0.047492657
993	no_pain	0.862747	0.05689915	0.08035382
994	no_pain	0.80155736	0.18313661	0.015306011
995	low_pain	0.34539247	0.45805874	0.19654879
996	no_pain	0.6558482	0.3303686	0.0137831345
997	low_pain	0.008777232	0.91392356	0.077299245
998	no_pain	0.67554533	0.2821617	0.042292926
999	no_pain	0.88333505	0.08474048	0.031924445
1000	no_pain	0.85638416	0.10783856	0.035777304
1001	no_pain	0.82855713	0.15070343	0.02073944
1002	no_pain	0.68186206	0.28247282	0.03566507
1003	no_pain	0.8269189	0.08021494	0.092866145
1004	no_pain	0.6557435	0.32613543	0.018121094
1005	no_pain	0.8431417	0.12115642	0.035701893
1006	low_pain	0.24611631	0.49018058	0.2637031
1007	no_pain	0.84628165	0.07343316	0.08028518
1008	no_pain	0.69815296	0.26270455	0.039142493
1009	no_pain	0.8510256	0.10998779	0.038986616
1010	no_pain	0.82471955	0.06534677	0.10993367
1011	no_pain	0.79157406	0.13138628	0.07703966
1012	low_pain	0.021788213	0.846482	0.13172975
1013	no_pain	0.67842114	0.31369165	0.007887189
1014	no_pain	0.6799202	0.2961928	0.023886962
1015	no_pain	0.8249194	0.06826185	0.106818676
1016	no_pain	0.7870716	0.14681117	0.06611728
1017	no_pain	0.71093816	0.26719385	0.021867942
1018	no_pain	0.856531	0.110349484	0.033119585
1019	no_pain	0.8849691	0.07301123	0.04201966
1020	no_pain	0.8297769	0.14778206	0.022441024
1021	no_pain	0.90769273	0.042910222	0.04939705
1022	no_pain	0.70186657	0.27329466	0.024838781
1023	no_pain	0.5418434	0.43871465	0.019441942
1024	low_pain	0.024571117	0.90582085	0.06960799
1025	no_pain	0.8533575	0.11761027	0.029032197
1026	no_pain	0.77596915	0.13684343	0.087187394
1027	no_pain	0.807687	0.17238845	0.019924555
1028	no_pain	0.860736	0.057845164	0.08141882
1029	no_pain	0.6399709	0.34567374	0.014355372
1030	low_pain	0.0035497046	0.97945374	0.016996507
1031	no_pain	0.7380858	0.1803513	0.081562884
1032	no_pain	0.8378482	0.07465438	0.08749742
1033	low_pain	0.005851546	0.94041103	0.053737473
1034	no_pain	0.8696842	0.050691802	0.07962402
1035	no_pain	0.8514865	0.115784	0.032729484
1036	no_pain	0.6979138	0.29399657	0.008089599
1037	no_pain	0.8275991	0.06953814	0.102862716
1038	low_pain	0.020614322	0.88176256	0.09762306
1039	no_pain	0.82338244	0.0762879	0.10032962
1040	no_pain	0.89287263	0.032646436	0.07448091
1041	no_pain	0.78681666	0.17069118	0.04249219
1042	no_pain	0.6706504	0.30958533	0.019764217
1043	no_pain	0.83951104	0.13530879	0.025180185
1044	no_pain	0.78830224	0.19686182	0.014835945
1045	no_pain	0.71785897	0.2535606	0.028580412
1046	no_pain	0.91543686	0.051908076	0.032655068
1047	no_pain	0.7764802	0.14932068	0.07419909
1048	no_pain	0.830373	0.14156349	0.0280635
1049	no_pain	0.76158965	0.20300405	0.03540632
1050	no_pain	0.6719123	0.31014368	0.017943954
1051	no_pain	0.76476914	0.21507542	0.020155424
1052	no_pain	0.9313559	0.039859302	0.028784791
1053	no_pain	0.8288759	0.15132287	0.019801255
1054	no_pain	0.78478247	0.17445661	0.040760912
1055	no_pain	0.8409521	0.07516675	0.0838811
1056	no_pain	0.7839156	0.13906896	0.07701545
1057	low_pain	0.019170025	0.8857194	0.09511052
1058	no_pain	0.6727762	0.30413488	0.02308887
1059	low_pain	0.011837621	0.92583805	0.06232434
1060	no_pain	0.6625027	0.3215041	0.015993202
1061	low_pain	0.019994061	0.85855156	0.121454336
1062	low_pain	0.0077360054	0.9265313	0.0657327
1063	no_pain	0.8446182	0.06447939	0.09090246
1064	no_pain	0.7815453	0.18227199	0.036182735
1065	low_pain	0.09197269	0.85453635	0.053491
1066	no_pain	0.70692873	0.26908162	0.023989696
1067	no_pain	0.80882215	0.1820397	0.009138196
1068	no_pain	0.58514947	0.2704142	0.14443631
1069	no_pain	0.82045704	0.1554984	0.024044517
1070	no_pain	0.664096	0.31660077	0.01930322
1071	low_pain	0.24058616	0.70269424	0.05671963
1072	no_pain	0.6754908	0.30022404	0.024285136
1073	low_pain	0.13836266	0.8374461	0.024191288
1074	no_pain	0.8145546	0.16864598	0.016799476
1075	low_pain	0.018151062	0.87836266	0.10348629
1076	no_pain	0.67376786	0.3067446	0.019487554
1077	low_pain	0.025169909	0.9395192	0.035310905
1078	low_pain	0.005652034	0.93963397	0.054713957
1079	no_pain	0.7941199	0.17835963	0.027520478
1080	no_pain	0.63722897	0.34924322	0.01352778
1081	no_pain	0.88377714	0.04022062	0.076002225
1082	no_pain	0.87537163	0.0506632	0.073965155
1083	no_pain	0.75980425	0.22053072	0.019665068
1084	no_pain	0.86132485	0.11628844	0.022386657
1085	no_pain	0.71200055	0.23119389	0.056805573
1086	no_pain	0.75434554	0.22608803	0.019566448
1087	low_pain	0.012744953	0.80806625	0.17918885
1088	no_pain	0.8203746	0.13954273	0.040082626
1089	low_pain	0.0077752313	0.9142577	0.07796707
1090	no_pain	0.5676281	0.4118589	0.02051304
1091	no_pain	0.6898771	0.20938335	0.10073954
1092	no_pain	0.8443309	0.12286306	0.032805987
1093	no_pain	0.7035095	0.2702203	0.026270185
1094	no_pain	0.8444181	0.0800043	0.07557756
1095	no_pain	0.68338794	0.29457054	0.022041468
1096	no_pain	0.69028133	0.29763508	0.012083563
1097	no_pain	0.8629419	0.054754134	0.08230392
1098	low_pain	0.077538215	0.8993517	0.023110038
1099	no_pain	0.6582945	0.31368288	0.028022673
1100	no_pain	0.76140875	0.22044942	0.018141804
1101	no_pain	0.83062285	0.14830978	0.021067351
1102	no_pain	0.836109	0.12997934	0.033911757
1103	no_pain	0.6597447	0.29045716	0.04979814
1104	no_pain	0.8036204	0.17540903	0.020970581
1105	no_pain	0.79722595	0.14728944	0.05548468
1106	low_pain	0.15657057	0.5468262	0.2966032
1107	no_pain	0.8531026	0.050433915	0.096463494
1108	no_pain	0.8318004	0.11526804	0.05293156
1109	low_pain	0.0781176	0.7591409	0.1627415
1110	no_pain	0.83590704	0.14121735	0.022875603
1111	no_pain	0.86834055	0.05420009	0.0774593
1112	no_pain	0.7983709	0.18979947	0.011829615
1113	no_pain	0.56763613	0.41184783	0.020516094
1114	no_pain	0.7873079	0.19732857	0.015363535
1115	low_pain	0.029560775	0.84718275	0.12325648
1116	no_pain	0.7802423	0.18856563	0.031192048
1117	no_pain	0.7086619	0.2595935	0.03174456
1118	low_pain	0.016222421	0.9123117	0.07146592
1119	no_pain	0.7232866	0.25130862	0.025404753
1120	low_pain	0.021592168	0.8693127	0.10909514
1121	no_pain	0.8654318	0.084777616	0.049790595
1122	no_pain	0.63373417	0.26579803	0.100467846
1123	no_pain	0.8686207	0.10598118	0.025398115
1124	no_pain	0.7979098	0.18672085	0.015369396
1125	no_pain	0.7850461	0.19012126	0.024832666
1126	no_pain	0.8415723	0.12662928	0.031798426
1127	low_pain	0.0042382744	0.9736772	0.022084417
1128	no_pain	0.81029654	0.14856902	0.041134443
1129	no_pain	0.8301366	0.14508486	0.024778605
1130	no_pain	0.8079091	0.1655567	0.026534216
1131	no_pain	0.78950554	0.15474908	0.055745352
1132	no_pain	0.83077914	0.07743839	0.091782436
1133	no_pain	0.6707862	0.31254452	0.016669365
1134	low_pain	0.01350803	0.93896997	0.047522034
1135	no_pain	0.6455922	0.33590102	0.018506752
1136	no_pain	0.7701047	0.21198115	0.017914172
1137	no_pain	0.76823235	0.1622304	0.06953723
1138	no_pain	0.7514653	0.2320039	0.01653078
1139	no_pain	0.8376116	0.11043555	0.051952858
1140	low_pain	0.061082453	0.7872671	0.1516505
1141	no_pain	0.7386881	0.19375302	0.06755885
1142	no_pain	0.72706664	0.24995063	0.022982715
1143	no_pain	0.76394075	0.18432386	0.051735394
1144	no_pain	0.6877976	0.27546635	0.036736064
1145	no_pain	0.6929609	0.26959	0.03744907
1146	no_pain	0.5250594	0.23283474	0.24210586
1147	no_pain	0.7540371	0.21482475	0.031138131
1148	no_pain	0.81285584	0.08373376	0.10341038
1149	no_pain	0.6637849	0.31031236	0.02590273
1150	no_pain	0.76675946	0.14557077	0.087669775
1151	low_pain	0.021586234	0.90642947	0.07198428
1152	low_pain	0.2899158	0.4936444	0.21643984
1153	no_pain	0.8841056	0.10231634	0.013578073
1154	no_pain	0.82277864	0.14915624	0.028065145
1155	no_pain	0.56042206	0.3889485	0.050629396
1156	no_pain	0.80208313	0.10498097	0.0929359
1157	no_pain	0.79332894	0.18927754	0.017393468
1158	no_pain	0.76867944	0.16480084	0.06651978
1159	low_pain	0.018008325	0.883261	0.09873066
1160	no_pain	0.88408595	0.066052385	0.049861692
1161	no_pain	0.79139405	0.18364814	0.024957802
1162	no_pain	0.5545213	0.37270418	0.072774515
1163	no_pain	0.8345849	0.14444932	0.020965787
1164	low_pain	0.2375642	0.7324503	0.02998553
1165	no_pain	0.91030294	0.05101992	0.038677145
1166	low_pain	0.0132675255	0.95019823	0.036534272
1167	no_pain	0.8150415	0.16700515	0.017953383
1168	low_pain	0.018275319	0.8847894	0.096935295
1169	no_pain	0.68818486	0.27590463	0.03591046
1170	no_pain	0.6560164	0.32123592	0.02274767
1171	no_pain	0.7768268	0.12681854	0.09635468
1172	no_pain	0.81626445	0.15711352	0.026622074
1173	no_pain	0.8843927	0.06603349	0.04957389
1174	low_pain	0.011171006	0.9622916	0.026537405
1175	no_pain	0.70321333	0.28736624	0.009420415
1176	no_pain	0.864751	0.10203842	0.033210583
1177	no_pain	0.77712256	0.2091315	0.013745965
1178	no_pain	0.81456715	0.06415998	0.12127291
1179	low_pain	0.022675855	0.8201412	0.15718293
1180	low_pain	0.2064249	0.6954436	0.098131515
1181	no_pain	0.7140497	0.26236326	0.023587096
1182	no_pain	0.7769543	0.1473494	0.07569629
1183	no_pain	0.8686055	0.10474185	0.02665269
1184	no_pain	0.84837484	0.10166138	0.049963806
1185	low_pain	0.011341357	0.7941378	0.19452088
1186	no_pain	0.5976371	0.26116154	0.1412013
1187	no_pain	0.6649491	0.31229565	0.022755256
1188	no_pain	0.64738923	0.34082913	0.01178165
1189	no_pain	0.5504804	0.35574454	0.093775
1190	low_pain	0.025518699	0.866074	0.10840726
1191	no_pain	0.81887823	0.1630889	0.018032849
1192	no_pain	0.5428507	0.43324608	0.023903294
1193	no_pain	0.7365855	0.1986557	0.06475888
1194	low_pain	0.023874644	0.84779966	0.12832572
1195	no_pain	0.84361976	0.054702867	0.10167734
1196	low_pain	0.47685412	0.5131758	0.009970096
1197	low_pain	0.010675791	0.9522284	0.037095826
1198	no_pain	0.7145988	0.25893712	0.02646407
1199	no_pain	0.7914155	0.1712374	0.037347086
1200	low_pain	0.0167032	0.94671583	0.036580957
1201	no_pain	0.6559141	0.32687813	0.017207751
1202	no_pain	0.8780228	0.05508381	0.06689336
1203	no_pain	0.65382904	0.32736868	0.018802313
1204	no_pain	0.7562521	0.21887432	0.02487361
1205	no_pain	0.6637331	0.31275344	0.023513427
1206	no_pain	0.87713516	0.099611945	0.023252929
1207	no_pain	0.5730811	0.408484	0.01843487
1208	no_pain	0.6829447	0.30830863	0.008746688
1209	low_pain	0.023651883	0.9513797	0.024968427
1210	low_pain	0.02040397	0.8825148	0.09708129
1211	low_pain	0.0069171055	0.938629	0.05445392
1212	no_pain	0.7651511	0.15740457	0.077444315
1213	no_pain	0.718725	0.25704762	0.024227407
1214	no_pain	0.84004414	0.05957946	0.10037638
1215	no_pain	0.90445644	0.039003406	0.05654015
1216	no_pain	0.7786427	0.20675609	0.014601201
1217	no_pain	0.68748766	0.2883494	0.024162943
1218	no_pain	0.88216925	0.040653016	0.07717775
1219	no_pain	0.82776886	0.14272605	0.029505083
1220	no_pain	0.8266236	0.059809346	0.11356701
1221	no_pain	0.6646617	0.315591	0.019747252
1222	no_pain	0.80401194	0.12447739	0.071510635
1223	low_pain	0.012490327	0.9496845	0.037825186
1224	no_pain	0.8841511	0.0913793	0.024469575
1225	no_pain	0.8247822	0.14049537	0.034722414
1226	low_pain	0.0025362538	0.9884704	0.008993392
1227	no_pain	0.70654446	0.25171107	0.041744433
1228	no_pain	0.83743006	0.14200354	0.020566365
1229	no_pain	0.6519532	0.333328	0.014718747
1230	no_pain	0.6856143	0.2870613	0.027324393
1231	low_pain	0.27135184	0.43215257	0.29649562
1232	no_pain	0.8108554	0.092186235	0.096958384
1233	no_pain	0.7096593	0.26378992	0.026550783
1234	low_pain	0.051861178	0.87296635	0.07517241
1235	low_pain	0.008891023	0.9011411	0.08996787
1236	low_pain	0.02093204	0.85360795	0.12546003
1237	no_pain	0.54629165	0.32993275	0.12377561
1238	low_pain	0.0049591702	0.95559865	0.03944222
1239	no_pain	0.83690137	0.0724389	0.09065972
1240	no_pain	0.78673786	0.13544157	0.07782058
1241	no_pain	0.8255623	0.067565	0.106872715
1242	low_pain	0.04148085	0.9071943	0.05132479
1243	no_pain	0.79869896	0.18051706	0.02078399
1244	low_pain	0.024395142	0.85729235	0.118312515
1245	no_pain	0.8714906	0.0969832	0.031526163
1246	low_pain	0.010355845	0.957409	0.032235097
1247	low_pain	0.024673715	0.8490775	0.12624876
1248	no_pain	0.875343	0.055997245	0.06865967
1249	no_pain	0.8667403	0.06377264	0.06948709
1250	no_pain	0.8587231	0.118774496	0.022502443
1251	no_pain	0.72121125	0.2532957	0.025493056
1252	low_pain	0.013376922	0.69714135	0.28948173
1253	no_pain	0.6713109	0.31936407	0.009324978
1254	low_pain	0.018270215	0.8719576	0.10977223
1255	no_pain	0.85304976	0.08767972	0.059270527
1256	no_pain	0.5845994	0.40639535	0.009005298
1257	no_pain	0.7366789	0.23055819	0.03276299
1258	no_pain	0.7279407	0.2394193	0.032639977
1259	no_pain	0.82562387	0.10157143	0.072804704
1260	low_pain	0.011112116	0.9549866	0.033901323
1261	no_pain	0.6937467	0.2839877	0.02226564
1262	no_pain	0.7894577	0.13027067	0.08027165
1263	no_pain	0.83393824	0.057205886	0.10885583
1264	no_pain	0.81859857	0.08402978	0.09737168
1265	no_pain	0.7178562	0.2584005	0.023743335
1266	no_pain	0.43831095	0.2729562	0.28873283
1267	no_pain	0.8696623	0.07661482	0.053722866
1268	low_pain	0.011037589	0.96164674	0.027315615
1269	no_pain	0.8484408	0.13098575	0.020573346
1270	no_pain	0.5711865	0.40874583	0.020067643
1271	no_pain	0.6604169	0.3156752	0.023907956
1272	no_pain	0.64087945	0.3002021	0.058918487
1273	no_pain	0.69496393	0.27795866	0.02707742
1274	no_pain	0.69672585	0.27524844	0.028025733
1275	no_pain	0.7812517	0.19983968	0.018908616
1276	no_pain	0.680667	0.3016305	0.017702471
1277	low_pain	0.28368363	0.6859538	0.03036254
1278	no_pain	0.6944831	0.28316683	0.0223501
1279	no_pain	0.75805074	0.22271882	0.019230485
1280	no_pain	0.8805376	0.090813264	0.028649071
1281	no_pain	0.6475063	0.33800337	0.014490329
1282	no_pain	0.68589604	0.09404634	0.22005756
1283	no_pain	0.77670854	0.14989945	0.07339199
1284	no_pain	0.7932717	0.12469595	0.08203232
1285	no_pain	0.8307764	0.124906674	0.044316858
1286	no_pain	0.8077937	0.1728362	0.019370118
1287	no_pain	0.7999004	0.15566643	0.04443317
1288	no_pain	0.38961047	0.28604808	0.32434148
1289	no_pain	0.6991177	0.26738876	0.033493537
1290	no_pain	0.85682297	0.12057143	0.022605542
1291	no_pain	0.8724355	0.060306396	0.067258075
1292	no_pain	0.7746486	0.20017609	0.025175327
1293	low_pain	0.00526348	0.94338197	0.051354535
1294	no_pain	0.7706514	0.1473309	0.08201766
1295	low_pain	0.01625514	0.9435602	0.040184643
1296	no_pain	0.80925953	0.17109768	0.01964276
1297	no_pain	0.7486431	0.20889273	0.042464178
1298	no_pain	0.89631367	0.07027017	0.033416163
1299	no_pain	0.6445965	0.3355824	0.019821087
1300	low_pain	0.007072322	0.9417556	0.051172085
1301	no_pain	0.8420213	0.1286864	0.029292362
1302	low_pain	0.48848405	0.49010053	0.021415446
1303	no_pain	0.67857754	0.3043754	0.01704705
1304	no_pain	0.6870714	0.2786893	0.034239285
1305	no_pain	0.8103252	0.16500913	0.024665713
1306	no_pain	0.6665548	0.3172842	0.016161058
1307	no_pain	0.85721415	0.10899579	0.03379003
1308	no_pain	0.52991045	0.44988874	0.020200817
1309	low_pain	0.046568155	0.9212269	0.03220493
1310	no_pain	0.56962675	0.411731	0.01864225
1311	no_pain	0.86932987	0.03784116	0.092829
1312	no_pain	0.8057545	0.11564822	0.07859736
1313	no_pain	0.7927269	0.17005324	0.037219916
1314	no_pain	0.89195794	0.075736165	0.032305866
1315	low_pain	0.011072926	0.9624952	0.026431913
1316	no_pain	0.81773573	0.09363252	0.088631764
1317	no_pain	0.8307805	0.14019494	0.029024575
1318	low_pain	0.004852038	0.9793317	0.015816243
1319	no_pain	0.825984	0.062545665	0.11147033
1320	no_pain	0.7397109	0.22650896	0.03378009
1321	no_pain	0.7004716	0.2916111	0.007917336
1322	no_pain	0.6584698	0.32410434	0.01742585
1323	no_pain	0.8467645	0.0801187	0.0731168
