sample_index	label	no_pain	low_pain	high_pain
000	no_pain	0.7981137	0.19881275	0.0030735524
001	no_pain	0.7662429	0.21788876	0.015868276
002	no_pain	0.70251787	0.28549305	0.011989057
003	no_pain	0.7231623	0.2649209	0.011916767
004	no_pain	0.7256592	0.26575807	0.0085828155
005	high_pain	0.22647743	0.110619664	0.6629029
006	no_pain	0.6862206	0.28742364	0.026355794
007	no_pain	0.7063053	0.28938052	0.0043141684
008	no_pain	0.7030076	0.2759271	0.021065297
009	no_pain	0.7580749	0.23881827	0.0031068183
010	no_pain	0.71900415	0.27708194	0.0039139134
011	no_pain	0.7009432	0.2925742	0.0064826086
012	no_pain	0.757637	0.23922491	0.003138037
013	no_pain	0.76831484	0.22609043	0.005594713
014	no_pain	0.7123247	0.24962088	0.038054448
015	no_pain	0.6605646	0.31043762	0.028997736
016	low_pain	1.1038616e-05	0.9997448	0.00024422616
017	no_pain	0.73307663	0.25814685	0.008776515
018	low_pain	1.2211806e-05	0.9996739	0.00031387075
019	no_pain	0.72935736	0.26266223	0.007980367
020	no_pain	0.7473655	0.2486523	0.003982268
021	no_pain	0.7376631	0.25789273	0.0044442066
022	no_pain	0.67797405	0.29029492	0.031731
023	low_pain	5.2984956e-06	0.9998225	0.00017226946
024	no_pain	0.64823294	0.31483653	0.036930475
025	no_pain	0.56917745	0.42507407	0.0057485076
026	low_pain	6.723418e-06	0.99978256	0.00021073963
027	no_pain	0.6881093	0.30464292	0.0072477604
028	no_pain	0.7540738	0.24287167	0.0030544715
029	no_pain	0.7590062	0.2372271	0.0037666943
030	no_pain	0.8364546	0.16050807	0.0030373144
031	no_pain	0.4762995	0.06165496	0.4620456
032	no_pain	0.8413621	0.15588275	0.0027550873
033	low_pain	0.32376918	0.66585463	0.010376191
034	no_pain	0.7559228	0.24097738	0.0030998662
035	no_pain	0.7238916	0.2727137	0.003394727
036	low_pain	5.5160467e-06	0.99981827	0.00017622473
037	no_pain	0.6411652	0.30783823	0.05099657
038	high_pain	0.059627842	0.07038696	0.86998516
039	no_pain	0.68374205	0.31306228	0.0031956902
040	no_pain	0.6606652	0.30016038	0.039174322
041	low_pain	1.3616832e-05	0.9997118	0.00027462447
042	low_pain	9.706071e-06	0.99972695	0.0002632746
043	low_pain	0.00011315787	0.9991396	0.000747274
044	no_pain	0.7451006	0.2510671	0.00383227
045	high_pain	0.0038947768	0.41865784	0.57744735
046	high_pain	0.012430495	0.19477013	0.7927994
047	no_pain	0.75244933	0.24448025	0.0030704143
048	no_pain	0.77275133	0.22245051	0.0047981576
049	high_pain	0.007763628	0.093897834	0.8983385
050	no_pain	0.5181608	0.3243198	0.15751937
051	no_pain	0.6014293	0.38720727	0.011363469
052	high_pain	0.010436028	0.25676313	0.73280084
053	low_pain	0.07972399	0.9120712	0.008204779
054	no_pain	0.66343194	0.3317062	0.004861914
055	no_pain	0.6445009	0.22384892	0.13165013
056	no_pain	0.7245606	0.2722967	0.0031426717
057	no_pain	0.69032145	0.30536082	0.004317764
058	no_pain	0.741214	0.13194421	0.1268418
059	no_pain	0.6764836	0.31999382	0.0035225921
060	no_pain	0.6537042	0.2994437	0.046852063
061	no_pain	0.6395152	0.3563499	0.004134959
062	no_pain	0.7079887	0.2881894	0.0038219173
063	no_pain	0.7672468	0.22511983	0.0076333624
064	no_pain	0.70489556	0.29060146	0.004502999
065	no_pain	0.69927615	0.2920693	0.008654514
066	no_pain	0.75879914	0.23642696	0.004773862
067	no_pain	0.7031314	0.29311913	0.0037494954
068	no_pain	0.64090127	0.31269866	0.046399985
069	no_pain	0.76715994	0.22905143	0.0037886198
070	no_pain	0.70007056	0.29591915	0.004010248
071	low_pain	1.9922238e-05	0.9992997	0.0006803642
072	no_pain	0.7170691	0.27643967	0.0064912997
073	no_pain	0.6512751	0.30306	0.045664907
074	no_pain	0.7170164	0.27654034	0.0064432593
075	no_pain	0.7842582	0.21142627	0.0043155635
076	no_pain	0.73107636	0.25835153	0.01057211
077	no_pain	0.67208546	0.32138583	0.0065287054
078	no_pain	0.6128345	0.38435364	0.0028118643
079	no_pain	0.84858936	0.1487268	0.0026838144
080	high_pain	0.046040587	0.29537964	0.65857977
081	low_pain	0.0035576783	0.5328334	0.4636089
082	high_pain	0.0067225914	0.1733066	0.8199708
083	no_pain	0.7059301	0.28246978	0.01160014
084	no_pain	0.74671847	0.24951641	0.003765145
085	no_pain	0.8210204	0.17536303	0.0036165768
086	no_pain	0.66383654	0.33062693	0.0055365334
087	low_pain	0.03172409	0.95489466	0.013381244
088	no_pain	0.6214496	0.3756205	0.0029298926
089	no_pain	0.7978173	0.19704291	0.005139793
090	no_pain	0.65906936	0.30305126	0.037879374
091	no_pain	0.7397226	0.25715953	0.0031178447
092	no_pain	0.71640307	0.27959594	0.004000973
093	low_pain	0.13963869	0.85752016	0.0028411727
094	no_pain	0.6417629	0.35275793	0.005479116
095	low_pain	0.14276166	0.8568339	0.0004044312
096	no_pain	0.7647876	0.23173788	0.0034744698
097	high_pain	0.056030337	0.2529378	0.6910319
098	high_pain	0.009676983	0.06157412	0.9287489
099	low_pain	0.00015621354	0.9988932	0.00095055613
100	no_pain	0.74686044	0.24920157	0.0039379685
101	no_pain	0.7009981	0.29466102	0.0043408577
102	low_pain	1.073579e-05	0.9997109	0.00027838015
103	low_pain	0.01245404	0.9836188	0.0039271517
104	no_pain	0.69773334	0.29504728	0.007219433
105	high_pain	0.20416312	0.12720333	0.6686335
106	no_pain	0.58424133	0.32953867	0.08621998
107	no_pain	0.75572294	0.24085124	0.0034257856
108	no_pain	0.7124377	0.2833117	0.0042505953
109	no_pain	0.76295805	0.23312113	0.0039207833
110	no_pain	0.6192627	0.37784323	0.0028940826
111	no_pain	0.7193681	0.27728817	0.0033437335
112	no_pain	0.59910446	0.3807427	0.020152833
113	no_pain	0.72923696	0.26675114	0.00401191
114	no_pain	0.74195206	0.2543631	0.0036847969
115	no_pain	0.59178317	0.34866005	0.059556745
116	no_pain	0.7023659	0.28346625	0.014167904
117	high_pain	0.011111713	0.1834397	0.8054486
118	high_pain	0.005129237	0.46841335	0.52645737
119	no_pain	0.7365983	0.2598851	0.0035165977
120	no_pain	0.73015994	0.2572449	0.012595102
121	no_pain	0.7116545	0.28423095	0.0041146115
122	no_pain	0.6979701	0.293287	0.008742857
123	no_pain	0.71121114	0.28459865	0.0041902075
124	no_pain	0.36790887	0.30181938	0.33027175
125	no_pain	0.7327505	0.2619943	0.005255188
126	no_pain	0.7519765	0.23706385	0.010959725
127	no_pain	0.75866395	0.23765595	0.0036801442
128	no_pain	0.7465381	0.24951342	0.0039485176
129	no_pain	0.7059697	0.2898846	0.004145767
130	no_pain	0.7021519	0.29350397	0.004344123
131	no_pain	0.7104413	0.28531006	0.0042486596
132	no_pain	0.76704395	0.22995026	0.0030057714
133	no_pain	0.6720678	0.3226537	0.005278507
134	no_pain	0.6978203	0.2947525	0.0074272533
135	no_pain	0.71932954	0.27682453	0.0038458614
136	low_pain	8.718019e-06	0.9997648	0.00022647818
137	high_pain	0.009991874	0.102653995	0.8873542
138	no_pain	0.74830097	0.24808526	0.0036138
139	no_pain	0.5939816	0.4005793	0.005439116
140	no_pain	0.7066098	0.28838897	0.0050012693
141	no_pain	0.6983284	0.29741398	0.0042576846
142	no_pain	0.6948557	0.2887403	0.016403992
143	no_pain	0.7141369	0.27869442	0.007168653
144	no_pain	0.64867884	0.31142452	0.039896596
145	no_pain	0.7790658	0.21703182	0.0039023687
146	low_pain	4.25443e-05	0.99958706	0.00037038964
147	no_pain	0.67514503	0.31722975	0.007625244
148	low_pain	7.690407e-06	0.9997906	0.00020174266
149	no_pain	0.72644204	0.27029783	0.0032600842
150	no_pain	0.75168306	0.24247883	0.0058381525
151	no_pain	0.7537465	0.23991163	0.0063419016
152	no_pain	0.6966516	0.29552898	0.007819439
153	no_pain	0.84440994	0.15283549	0.0027545302
154	no_pain	0.5995456	0.38540456	0.01504985
155	no_pain	0.6883598	0.2940362	0.017604012
156	no_pain	0.6426746	0.31708595	0.04023942
157	no_pain	0.7244333	0.26802036	0.0075463713
158	no_pain	0.7878132	0.2091656	0.0030211997
159	no_pain	0.6583675	0.28588256	0.05574996
160	low_pain	0.011958034	0.98566	0.0023819166
161	no_pain	0.7527033	0.2421457	0.00515102
162	no_pain	0.69575447	0.29526827	0.008977324
163	no_pain	0.69647896	0.29847473	0.005046319
164	no_pain	0.70335805	0.29225203	0.0043899165
165	low_pain	2.516028e-05	0.9995062	0.00046868535
166	no_pain	0.7591931	0.2356383	0.0051685744
167	no_pain	0.70418346	0.2913817	0.00443486
168	no_pain	0.62320197	0.25050765	0.12629041
169	no_pain	0.7456258	0.2497578	0.0046164333
170	low_pain	0.04545517	0.93737	0.01717479
171	low_pain	1.9273424e-05	0.999595	0.00038578993
172	no_pain	0.53093296	0.08951338	0.3795537
173	no_pain	0.7108627	0.280445	0.008692284
174	no_pain	0.7726072	0.22365965	0.00373311
175	low_pain	0.0020635496	0.81307477	0.18486162
176	no_pain	0.7092511	0.27972552	0.011023387
177	no_pain	0.7251741	0.27087027	0.0039555384
178	no_pain	0.8563587	0.14091995	0.0027213192
179	no_pain	0.8309618	0.16603495	0.0030031928
180	no_pain	0.7658991	0.22927935	0.0048215315
181	no_pain	0.70962393	0.28393355	0.006442502
182	high_pain	0.29730535	0.16857617	0.53411853
183	no_pain	0.67124146	0.31945294	0.0093055675
184	no_pain	0.6737302	0.31949493	0.0067748716
185	no_pain	0.7501607	0.23234531	0.017493937
186	high_pain	0.023665035	0.18650314	0.7898318
187	no_pain	0.7281366	0.26755166	0.0043117516
188	no_pain	0.6728468	0.2852153	0.04193788
189	high_pain	0.0066360645	0.07786156	0.9155024
190	no_pain	0.7115361	0.28128058	0.007183285
191	high_pain	0.0077544353	0.08544912	0.90679646
192	no_pain	0.7172122	0.27644637	0.0063414327
193	no_pain	0.77788055	0.21777895	0.0043405322
194	no_pain	0.7073367	0.28863382	0.004029432
195	no_pain	0.6866852	0.30746463	0.0058501707
196	no_pain	0.69529563	0.29743692	0.007267457
197	no_pain	0.6519304	0.32105175	0.027017843
198	low_pain	1.5015103e-05	0.9997215	0.00026344607
199	no_pain	0.7646945	0.22895087	0.006354609
200	no_pain	0.684601	0.3076813	0.007717666
201	high_pain	0.0045715347	0.21515667	0.7802718
202	low_pain	8.673963e-06	0.9997673	0.00022403174
203	high_pain	0.015264303	0.3237514	0.6609844
204	no_pain	0.7532305	0.24372377	0.0030457433
205	no_pain	0.63143975	0.35968882	0.008871411
206	low_pain	0.00021204226	0.9988993	0.0008887212
207	no_pain	0.6913644	0.2991502	0.009485398
208	no_pain	0.7095276	0.28192416	0.00854818
209	no_pain	0.613749	0.3835152	0.0027357698
210	no_pain	0.7598418	0.23306271	0.0070955255
211	no_pain	0.72663707	0.26945955	0.0039033608
212	no_pain	0.70544446	0.28963998	0.004915481
213	no_pain	0.72865134	0.26823384	0.0031148116
214	low_pain	1.0365946e-05	0.99974334	0.00024629748
215	no_pain	0.7832101	0.21380852	0.0029813938
216	no_pain	0.7360792	0.2575676	0.0063531287
217	no_pain	0.7926303	0.16910729	0.038262345
218	no_pain	0.6097848	0.37718922	0.013025963
219	no_pain	0.72110945	0.2678027	0.011087863
220	low_pain	1.3274917e-05	0.99968165	0.0003050115
221	no_pain	0.67416286	0.31984285	0.0059943045
222	low_pain	0.00018870224	0.9867622	0.013049046
223	no_pain	0.7226768	0.26895007	0.008373084
224	no_pain	0.73497474	0.2544945	0.010530769
225	no_pain	0.7033276	0.29263744	0.0040349313
226	low_pain	0.008475054	0.98765665	0.0038682849
227	no_pain	0.722318	0.27364296	0.0040390943
228	no_pain	0.7457627	0.25045085	0.0037864407
229	no_pain	0.71889585	0.27460307	0.0065010684
230	no_pain	0.7511753	0.24575897	0.003065714
231	no_pain	0.7277664	0.2682011	0.004032517
232	no_pain	0.6981158	0.2976814	0.0042027314
233	no_pain	0.63569087	0.35591587	0.008393269
234	no_pain	0.83197194	0.15731613	0.010711968
235	no_pain	0.6831481	0.30871242	0.008139478
236	no_pain	0.73756236	0.25240436	0.010033307
237	no_pain	0.7486666	0.24609931	0.005234127
238	low_pain	1.0497714e-05	0.9997195	0.00027002837
239	no_pain	0.7474769	0.24684994	0.005673212
240	no_pain	0.74784225	0.24666943	0.005488326
241	no_pain	0.68238324	0.31132737	0.0062893885
242	no_pain	0.73446214	0.26128033	0.0042575216
243	no_pain	0.74938214	0.2473998	0.0032180343
244	no_pain	0.507466	0.4847487	0.007785266
245	no_pain	0.6938055	0.30219752	0.003996958
246	no_pain	0.69056034	0.30198726	0.0074523664
247	no_pain	0.7773174	0.21792041	0.0047622146
248	no_pain	0.624146	0.36552653	0.010327472
249	no_pain	0.7382997	0.25863442	0.0030658604
250	no_pain	0.70280993	0.2893016	0.007888436
251	low_pain	8.724933e-06	0.99974185	0.00024943173
252	no_pain	0.7426947	0.2538742	0.0034311286
253	no_pain	0.7565542	0.23976283	0.0036829992
254	no_pain	0.74817383	0.24463572	0.007190418
255	no_pain	0.75595576	0.23029974	0.0137445135
256	no_pain	0.7636781	0.23236349	0.0039584376
257	high_pain	0.08185757	0.30134112	0.61680126
258	no_pain	0.64107025	0.31683186	0.04209792
259	no_pain	0.6338156	0.35540658	0.010777786
260	no_pain	0.8176893	0.17758584	0.004724868
261	high_pain	0.012038009	0.16268362	0.8252784
262	no_pain	0.7278385	0.26548392	0.0066775708
263	no_pain	0.7349157	0.26097447	0.0041098334
264	no_pain	0.7112609	0.28264305	0.0060960436
265	no_pain	0.7358564	0.2601636	0.0039799735
266	high_pain	0.007967032	0.24462451	0.74740845
267	no_pain	0.704781	0.29094714	0.004271843
268	no_pain	0.5611652	0.34156838	0.09726641
269	no_pain	0.5975327	0.34550047	0.056966893
270	low_pain	1.7139613e-05	0.9996057	0.00037717793
271	no_pain	0.56540763	0.43204576	0.0025465803
272	low_pain	1.1233576e-05	0.99974257	0.00024620714
273	no_pain	0.5266546	0.4688306	0.004514784
274	no_pain	0.74883765	0.24557488	0.005587425
275	no_pain	0.6796025	0.31203717	0.008360373
276	no_pain	0.65619856	0.33036783	0.013433632
277	no_pain	0.65770036	0.30994472	0.03235492
278	no_pain	0.75154215	0.22928248	0.019175371
279	no_pain	0.68490225	0.31116182	0.003935907
280	no_pain	0.66130507	0.33211547	0.006579445
281	high_pain	0.45315126	0.035087734	0.511761
282	no_pain	0.83068407	0.16616738	0.0031485674
283	no_pain	0.7428947	0.25278202	0.0043233135
284	no_pain	0.70697916	0.28879198	0.0042288587
285	no_pain	0.69838923	0.2972423	0.004368435
286	no_pain	0.7005304	0.2954333	0.0040362957
287	low_pain	0.0001130522	0.9994747	0.00041225433
288	no_pain	0.8021685	0.19447123	0.0033603034
289	no_pain	0.74525154	0.2505029	0.004245563
290	low_pain	0.29536673	0.700169	0.0044642417
291	low_pain	5.6840317e-06	0.9998132	0.000181123
292	no_pain	0.7224111	0.2728925	0.0046964185
293	no_pain	0.70448524	0.2912913	0.0042234687
294	low_pain	7.3510714e-06	0.9997503	0.00024228243
295	no_pain	0.70382535	0.2920982	0.0040764804
296	no_pain	0.74552613	0.24833004	0.0061438545
297	no_pain	0.77831846	0.21743181	0.0042496747
298	no_pain	0.7336894	0.25909072	0.00721983
299	no_pain	0.71873045	0.27204433	0.009225215
300	low_pain	3.4783658e-05	0.99945337	0.00051186275
301	no_pain	0.7009444	0.29479453	0.004261025
302	low_pain	1.0226731e-05	0.9997242	0.0002655841
303	no_pain	0.7784535	0.21812403	0.0034224018
304	no_pain	0.73488766	0.26119632	0.0039160107
305	no_pain	0.71896636	0.27638307	0.004650577
306	no_pain	0.71362674	0.2805963	0.0057770056
307	no_pain	0.6884745	0.30787826	0.0036472965
308	low_pain	0.0040794616	0.9875987	0.008321873
309	no_pain	0.63642645	0.3601088	0.00346476
310	no_pain	0.7438556	0.2522337	0.003910654
311	no_pain	0.61543494	0.38168922	0.0028758906
312	no_pain	0.60678494	0.37993482	0.01328018
313	no_pain	0.6855094	0.30627748	0.008213075
314	no_pain	0.7635852	0.23321748	0.0031973342
315	no_pain	0.6948624	0.29857445	0.006563131
316	no_pain	0.7155671	0.27734497	0.0070879315
317	low_pain	0.2867101	0.7108496	0.0024402926
318	no_pain	0.72819227	0.26718032	0.004627419
319	high_pain	0.011257558	0.20414735	0.7845951
320	no_pain	0.71851414	0.26865026	0.0128355445
321	low_pain	0.00010432024	0.9990148	0.00088088325
322	low_pain	5.4758775e-06	0.9998172	0.00017734175
323	no_pain	0.73317415	0.2619072	0.004918707
324	no_pain	0.7152075	0.28076532	0.004027216
325	low_pain	7.438782e-05	0.9992553	0.0006702735
326	low_pain	0.21680723	0.7073599	0.07583283
327	no_pain	0.77949136	0.17000382	0.050504792
328	no_pain	0.7337804	0.26313177	0.0030878137
329	no_pain	0.6883092	0.3074287	0.004262153
330	low_pain	6.6901407e-06	0.99978906	0.0002043055
331	no_pain	0.70794255	0.2858431	0.0062143207
332	no_pain	0.7104856	0.28519693	0.004317494
333	no_pain	0.7368563	0.25893566	0.004208059
334	no_pain	0.55642915	0.36225954	0.081311345
335	high_pain	0.4391488	0.03760602	0.52324516
336	no_pain	0.7251002	0.26855096	0.0063488046
337	no_pain	0.70419466	0.2915619	0.004243425
338	no_pain	0.70424217	0.2735905	0.022167338
339	no_pain	0.76305825	0.23333542	0.0036063006
340	low_pain	6.050974e-06	0.99977684	0.0002171054
341	no_pain	0.6187677	0.3780137	0.0032186706
342	no_pain	0.67349225	0.3196504	0.006857339
343	no_pain	0.72794586	0.26893514	0.0031189923
344	no_pain	0.74451905	0.25154296	0.0039380677
345	no_pain	0.7302675	0.2637076	0.0060248813
346	no_pain	0.656498	0.33751258	0.005989342
347	no_pain	0.6997942	0.2961714	0.0040343865
348	no_pain	0.7136207	0.28029102	0.0060882377
349	no_pain	0.741834	0.2547783	0.003387716
350	no_pain	0.7294097	0.25681776	0.013772513
351	no_pain	0.7306017	0.2638197	0.005578636
352	low_pain	5.6139843e-06	0.999815	0.00017942047
353	no_pain	0.71995085	0.27619982	0.0038492908
354	no_pain	0.47150493	0.07278495	0.4557101
355	no_pain	0.6064046	0.38490477	0.008690647
356	no_pain	0.74439204	0.25144038	0.004167558
357	no_pain	0.85249615	0.14490545	0.0025984135
358	no_pain	0.6959992	0.29751012	0.0064906776
359	no_pain	0.73987025	0.24633864	0.013791109
360	no_pain	0.7242609	0.27179495	0.0039441786
361	no_pain	0.73316574	0.25840744	0.00842681
362	no_pain	0.71692616	0.2713558	0.011718003
363	no_pain	0.7678879	0.22816607	0.0039460184
364	no_pain	0.7466586	0.24691434	0.0064270827
365	no_pain	0.7431873	0.25015217	0.006660559
366	no_pain	0.7080318	0.2858873	0.0060809
367	no_pain	0.85382074	0.14340425	0.0027750053
368	no_pain	0.7838198	0.21294536	0.0032348034
369	low_pain	0.42868218	0.57022315	0.0010946597
370	no_pain	0.7630957	0.23277341	0.004130923
371	low_pain	1.664345e-05	0.999623	0.00036030004
372	low_pain	8.825198e-06	0.9997429	0.00024827078
373	no_pain	0.5143332	0.48243335	0.0032334423
374	no_pain	0.82812554	0.16887978	0.0029946961
375	low_pain	9.259363e-06	0.9997651	0.00022565751
376	no_pain	0.6934978	0.2984516	0.008050551
377	no_pain	0.70608944	0.28693852	0.006972022
378	no_pain	0.77370566	0.22176187	0.00453242
379	low_pain	1.0964447e-05	0.9996294	0.00035965437
380	no_pain	0.5880483	0.40957046	0.0023813148
381	low_pain	0.0032211773	0.9925116	0.004267271
382	no_pain	0.70703566	0.28886312	0.0041012457
383	no_pain	0.6926195	0.30190638	0.0054741194
384	no_pain	0.7196521	0.27420923	0.006138682
385	no_pain	0.68130714	0.2937922	0.024900714
386	no_pain	0.5926351	0.29594284	0.11142211
387	no_pain	0.7285902	0.26830763	0.0031021487
388	no_pain	0.6919707	0.29919425	0.00883507
389	no_pain	0.76156235	0.23345573	0.004981913
390	no_pain	0.7641806	0.22420643	0.011612998
391	no_pain	0.7288079	0.26795933	0.00323272
392	low_pain	7.746801e-05	0.99921894	0.0007035791
393	no_pain	0.754319	0.23941302	0.0062680147
394	no_pain	0.7170703	0.27914545	0.0037842642
395	no_pain	0.7093242	0.28297344	0.00770238
396	no_pain	0.7401698	0.256648	0.0031821716
397	no_pain	0.68817705	0.3035248	0.008298169
398	no_pain	0.69218445	0.30393916	0.0038764048
399	low_pain	6.3604384e-06	0.99979967	0.00019397044
400	low_pain	1.6845848e-05	0.9996053	0.00037779476
401	low_pain	0.0014493944	0.9957047	0.0028459025
402	no_pain	0.6679507	0.32670808	0.00534121
403	no_pain	0.6225837	0.31355926	0.06385703
404	no_pain	0.74828345	0.24726571	0.0044507883
405	no_pain	0.69729793	0.28278568	0.019916428
406	no_pain	0.76881367	0.22672965	0.0044566686
407	low_pain	0.4696991	0.52469164	0.0056092106
408	no_pain	0.7328382	0.263208	0.00395375
409	no_pain	0.7517738	0.24419662	0.0040295864
410	no_pain	0.72255135	0.26615492	0.011293745
411	no_pain	0.75528675	0.2390398	0.0056734574
412	no_pain	0.8165545	0.18032107	0.0031244415
413	low_pain	0.05840952	0.9324646	0.00912589
414	low_pain	1.2153957e-05	0.9996609	0.0003268951
415	no_pain	0.68301356	0.30598325	0.011003188
416	low_pain	8.996508e-06	0.99973905	0.00025198053
417	no_pain	0.78973454	0.20672162	0.0035438477
418	low_pain	8.445201e-06	0.99977076	0.00022083281
419	no_pain	0.6180267	0.3715024	0.010470961
420	no_pain	0.6871138	0.26083043	0.052055724
421	high_pain	0.01514705	0.17090037	0.81395257
422	no_pain	0.67404455	0.31983137	0.006124079
423	low_pain	0.048495345	0.94578725	0.0057174196
424	no_pain	0.734057	0.26206416	0.003878834
425	low_pain	0.34183416	0.61601514	0.04215067
426	low_pain	1.1088219e-05	0.99971586	0.00027302201
427	high_pain	0.007971547	0.18813476	0.8038937
428	no_pain	0.46103233	0.3906596	0.14830805
429	high_pain	0.03540832	0.22614524	0.7384464
430	no_pain	0.67304385	0.3211783	0.005777826
431	no_pain	0.72362095	0.27172005	0.0046589845
432	no_pain	0.7256523	0.2676538	0.006693968
433	no_pain	0.6526681	0.30731255	0.040019304
434	no_pain	0.68833584	0.29794988	0.0137142325
435	no_pain	0.7964474	0.18997653	0.013576065
436	no_pain	0.6258569	0.32639343	0.047749672
437	no_pain	0.61651844	0.3183467	0.06513486
438	no_pain	0.8500676	0.1472365	0.0026958708
439	no_pain	0.6989049	0.2962927	0.004802488
440	no_pain	0.7627385	0.23315358	0.0041079368
441	no_pain	0.6417866	0.3505558	0.007657647
442	no_pain	0.71112984	0.28462723	0.004242887
443	no_pain	0.8741024	0.12340391	0.0024936926
444	no_pain	0.78451955	0.21110757	0.004372904
445	no_pain	0.7136286	0.2817463	0.004625172
446	no_pain	0.7310199	0.25779653	0.011183576
447	no_pain	0.70406467	0.28983873	0.0060966015
448	no_pain	0.7438876	0.24921362	0.006898788
449	no_pain	0.7132142	0.27999327	0.0067925504
450	low_pain	1.8384502e-05	0.9995784	0.00040318602
451	no_pain	0.7017665	0.2899749	0.008258549
452	no_pain	0.6663369	0.29939625	0.03426687
453	no_pain	0.7392923	0.2539766	0.0067310343
454	high_pain	0.0069874367	0.11673443	0.8762781
455	no_pain	0.7707362	0.22244085	0.0068229223
456	no_pain	0.75697935	0.23936877	0.0036519126
457	no_pain	0.7310565	0.26046988	0.008473614
458	no_pain	0.77457875	0.22165474	0.0037664683
459	no_pain	0.767096	0.22901317	0.003890824
460	no_pain	0.6132199	0.3187217	0.06805836
461	no_pain	0.70907307	0.28518695	0.0057400097
462	low_pain	1.21491985e-05	0.9996871	0.00030080127
463	no_pain	0.6298338	0.31373373	0.056432437
464	no_pain	0.6992708	0.28640935	0.014319873
465	high_pain	0.0063828304	0.11978967	0.8738275
466	no_pain	0.6168634	0.371757	0.0113795465
467	no_pain	0.7957162	0.20084763	0.0034362029
468	no_pain	0.8185295	0.17838652	0.0030840172
469	no_pain	0.74254924	0.25343576	0.004015042
470	no_pain	0.6905943	0.23372711	0.07567855
471	no_pain	0.5325934	0.3425963	0.12481027
472	no_pain	0.75705636	0.23799369	0.004949954
473	low_pain	0.4325295	0.47702315	0.090447344
474	no_pain	0.76960313	0.22424236	0.0061544953
475	low_pain	3.7538248e-05	0.99938977	0.0005727125
476	no_pain	0.7326031	0.26186603	0.0055308873
477	no_pain	0.7140104	0.2817267	0.004262852
478	high_pain	0.01388708	0.10866171	0.87745124
479	no_pain	0.6667925	0.32344416	0.009763305
480	no_pain	0.7681747	0.22747076	0.004354531
481	no_pain	0.7781916	0.21850316	0.0033052473
482	no_pain	0.75697047	0.2386787	0.0043508494
483	low_pain	1.5915992e-05	0.99963003	0.0003540464
484	no_pain	0.7499066	0.2468195	0.003273919
485	no_pain	0.78542423	0.20980231	0.0047734757
486	no_pain	0.8819443	0.11561906	0.0024365785
487	no_pain	0.6927856	0.2890034	0.018211007
488	no_pain	0.65729374	0.3284149	0.014291374
489	no_pain	0.5921847	0.40379962	0.004015661
490	low_pain	6.6747066e-06	0.9997534	0.00023991028
491	no_pain	0.7737378	0.2223625	0.0038997536
492	high_pain	0.031582914	0.23916139	0.72925574
493	no_pain	0.5941585	0.39710373	0.008737802
494	low_pain	0.025170663	0.9710999	0.0037294142
495	no_pain	0.6864963	0.30564553	0.007858178
496	no_pain	0.6591636	0.33095765	0.00987879
497	no_pain	0.7063102	0.2832903	0.010399529
498	no_pain	0.6600599	0.3365932	0.0033468418
499	no_pain	0.63675076	0.31073418	0.05251509
500	no_pain	0.7492415	0.24574685	0.0050116493
501	no_pain	0.6874548	0.29906392	0.013481252
502	no_pain	0.71185267	0.28392795	0.0042193867
503	no_pain	0.71922773	0.27651188	0.0042603584
504	no_pain	0.8112207	0.17576508	0.013014208
505	no_pain	0.69741213	0.2980823	0.0045055663
506	no_pain	0.7587481	0.23810184	0.0031500037
507	no_pain	0.70687246	0.2857525	0.007375054
508	low_pain	1.4950953e-05	0.9996411	0.00034393766
509	no_pain	0.8114196	0.18507674	0.0035036115
510	low_pain	1.0339786e-05	0.9996961	0.0002936176
511	no_pain	0.6848179	0.3091677	0.006014328
512	no_pain	0.7419607	0.25490454	0.0031347093
513	no_pain	0.6921655	0.2997275	0.008106922
514	no_pain	0.7235402	0.27212694	0.0043328763
515	no_pain	0.5816464	0.326189	0.09216458
516	low_pain	0.32637367	0.6669299	0.0066963513
517	no_pain	0.72476286	0.27136806	0.0038691203
518	no_pain	0.73874396	0.2504478	0.010808221
519	no_pain	0.7405076	0.25549597	0.0039965
520	no_pain	0.74962044	0.24305129	0.0073282854
521	no_pain	0.6963874	0.29628447	0.007328087
522	no_pain	0.7381061	0.2584007	0.0034932506
523	no_pain	0.68197006	0.2837215	0.034308467
524	no_pain	0.71048373	0.27885506	0.0106611755
525	no_pain	0.64174193	0.34917012	0.00908791
526	no_pain	0.7761835	0.21938436	0.004432203
527	no_pain	0.66875327	0.32623821	0.0050085224
528	no_pain	0.739168	0.2563176	0.0045144632
529	low_pain	1.1103789e-05	0.9997443	0.00024462046
530	no_pain	0.77750933	0.21936645	0.003124224
531	low_pain	0.0012820369	0.9934454	0.0052725812
532	high_pain	0.012839993	0.18740104	0.7997589
533	no_pain	0.59086615	0.3198835	0.08925038
534	high_pain	0.0059972377	0.11732519	0.8766776
535	no_pain	0.7008599	0.2827988	0.016341334
536	low_pain	1.17869e-05	0.99969107	0.00029715296
537	no_pain	0.72518736	0.2687071	0.0061054896
538	no_pain	0.8213578	0.17506477	0.0035774284
539	low_pain	0.14272985	0.8568751	0.00039496997
540	low_pain	6.3301272e-06	0.9997691	0.00022463911
541	no_pain	0.48227638	0.056589507	0.46113417
542	no_pain	0.6946439	0.30218133	0.0031747352
543	no_pain	0.68806934	0.3002232	0.011707411
544	low_pain	1.1033657e-05	0.9997157	0.00027326078
545	no_pain	0.58492714	0.331992	0.083080836
546	no_pain	0.5582138	0.4165217	0.025264572
547	no_pain	0.5282274	0.43908045	0.03269218
548	no_pain	0.7674604	0.22725467	0.005284887
549	low_pain	6.689929e-06	0.9997904	0.00020290932
550	low_pain	1.0209163e-05	0.9997057	0.00028416567
551	no_pain	0.77371794	0.22157605	0.004706009
552	no_pain	0.68650776	0.30906433	0.004427912
553	high_pain	0.16269027	0.19085442	0.6464553
554	no_pain	0.7041651	0.29281	0.0030248521
555	no_pain	0.7545458	0.24021149	0.005242698
556	no_pain	0.6640459	0.32631072	0.009643391
557	high_pain	0.4412748	0.03673417	0.5219911
558	low_pain	6.389455e-06	0.9997997	0.00019389833
559	no_pain	0.74419636	0.25169006	0.0041136174
560	low_pain	7.568049e-05	0.9993183	0.0006060324
561	no_pain	0.5637153	0.43170792	0.004576787
562	high_pain	0.117710315	0.2932661	0.5890236
563	no_pain	0.7415348	0.25215107	0.006314017
564	no_pain	0.79712087	0.19868098	0.0041981754
565	low_pain	8.566612e-06	0.9997492	0.00024227027
566	high_pain	0.4520758	0.039525535	0.50839865
567	no_pain	0.69131374	0.30432266	0.0043635783
568	no_pain	0.73684865	0.26005122	0.0031001295
569	no_pain	0.68419033	0.30525145	0.010558149
570	low_pain	0.013808734	0.97573394	0.010457301
571	no_pain	0.699359	0.2964336	0.00420739
572	no_pain	0.7397766	0.25656405	0.0036594018
573	no_pain	0.7495448	0.2418807	0.008574468
574	no_pain	0.7419875	0.2526319	0.005380587
575	no_pain	0.7070142	0.2887878	0.0041979933
576	no_pain	0.71212715	0.14709462	0.14077826
577	low_pain	7.193176e-06	0.9997781	0.00021476406
578	no_pain	0.7669622	0.22822478	0.004812982
579	no_pain	0.72318316	0.27069876	0.006118066
580	low_pain	2.003011e-05	0.9996409	0.00033912034
581	no_pain	0.70226365	0.29473034	0.0030060061
582	high_pain	0.01022689	0.33147654	0.6582966
583	no_pain	0.7218934	0.2738603	0.0042462177
584	low_pain	8.638678e-06	0.99974346	0.00024789607
585	no_pain	0.68737745	0.3059375	0.006685038
586	no_pain	0.7020388	0.2915359	0.0064252843
587	no_pain	0.7371665	0.25628895	0.006544527
588	no_pain	0.6930843	0.30293173	0.003983964
589	no_pain	0.6944822	0.29813537	0.007382466
590	no_pain	0.7493291	0.24671961	0.0039513237
591	no_pain	0.69602054	0.29954877	0.0044306996
592	no_pain	0.70364267	0.29305437	0.0033029537
593	no_pain	0.7416069	0.254733	0.0036601014
594	no_pain	0.63026065	0.3561532	0.0135861235
595	no_pain	0.6933323	0.30290273	0.0037649677
596	no_pain	0.7374162	0.25933367	0.003250165
597	low_pain	6.2353733e-06	0.9997962	0.00019755634
598	no_pain	0.58332354	0.41134623	0.00533024
599	no_pain	0.7237126	0.2731855	0.00310181
600	no_pain	0.75004023	0.24614061	0.003819103
601	no_pain	0.712183	0.283536	0.004281023
602	no_pain	0.7449599	0.25189096	0.0031490563
603	no_pain	0.790692	0.20629108	0.0030169352
604	no_pain	0.7472099	0.24569945	0.007090606
605	no_pain	0.4227791	0.24003008	0.3371908
606	no_pain	0.7130584	0.28381276	0.0031288178
607	no_pain	0.80394375	0.19177549	0.0042807334
608	no_pain	0.7343864	0.2091385	0.05647512
609	no_pain	0.8543983	0.14292322	0.002678511
610	no_pain	0.748323	0.24860837	0.0030685945
611	no_pain	0.81941366	0.17497624	0.0056101093
612	low_pain	8.479989e-06	0.9997473	0.00024424694
613	high_pain	0.007496773	0.17028424	0.82221895
614	no_pain	0.7782259	0.21786053	0.0039135697
615	no_pain	0.62566364	0.36238256	0.01195381
616	high_pain	0.009494508	0.3269779	0.6635276
617	no_pain	0.729095	0.26298305	0.007921977
618	no_pain	0.710928	0.28557348	0.0034984734
619	no_pain	0.7549424	0.24097712	0.0040804567
620	no_pain	0.69727224	0.2989394	0.0037883793
621	no_pain	0.7850233	0.20651522	0.008461507
622	no_pain	0.6279437	0.3637175	0.008338764
623	no_pain	0.73688215	0.25718048	0.0059373593
624	low_pain	0.37027732	0.57528335	0.054439362
625	no_pain	0.7745919	0.22150993	0.0038981852
626	no_pain	0.6757937	0.32049832	0.003707988
627	no_pain	0.71424866	0.2794913	0.006260035
628	no_pain	0.7329583	0.2602244	0.0068172356
629	no_pain	0.7139996	0.2808585	0.0051418575
630	no_pain	0.75350845	0.24257268	0.003918862
631	no_pain	0.7161662	0.27936527	0.0044684825
632	high_pain	0.007100996	0.11108858	0.8818105
633	no_pain	0.55028003	0.4449838	0.0047362237
634	no_pain	0.6663572	0.29963154	0.03401124
635	low_pain	0.31876084	0.67455685	0.0066823037
636	no_pain	0.7497507	0.24717845	0.003070807
637	low_pain	7.0226947e-06	0.99979836	0.00019460847
638	no_pain	0.7126812	0.28297868	0.00434016
639	low_pain	8.46302e-06	0.9997691	0.0002225275
640	no_pain	0.69433254	0.29899654	0.006670903
641	high_pain	0.24543186	0.28107503	0.4734931
642	low_pain	7.3200963e-06	0.9997145	0.00027817133
643	no_pain	0.74770737	0.24615255	0.0061400225
644	no_pain	0.7708077	0.2247595	0.004432795
645	no_pain	0.72185177	0.2746135	0.0035347377
646	no_pain	0.663812	0.29880163	0.03738638
647	low_pain	0.00020527455	0.998978	0.00081676955
648	no_pain	0.7177119	0.27823466	0.00405343
649	high_pain	0.06238496	0.3112065	0.6264086
650	no_pain	0.66029626	0.3337621	0.0059416764
651	no_pain	0.5810011	0.40332964	0.01566927
652	no_pain	0.7001175	0.29373488	0.006147596
653	no_pain	0.6963002	0.29660004	0.007099717
654	no_pain	0.5422478	0.10783364	0.3499186
655	no_pain	0.72679317	0.26729456	0.005912259
656	no_pain	0.8577665	0.13961919	0.0026142916
657	no_pain	0.65477407	0.3170471	0.028178837
658	low_pain	1.4861558e-05	0.99956214	0.0004229758
659	high_pain	0.008630808	0.03557281	0.95579636
660	no_pain	0.73391724	0.26282567	0.0032570702
661	high_pain	0.0069590774	0.07191748	0.9211234
662	no_pain	0.74786997	0.24888325	0.0032467605
663	no_pain	0.70438755	0.2917311	0.0038814198
664	no_pain	0.7103947	0.2854504	0.004154976
665	low_pain	0.46385056	0.47488168	0.061267752
666	no_pain	0.7568343	0.23972228	0.0034433678
667	no_pain	0.7300943	0.26531762	0.0045881383
668	no_pain	0.7116751	0.27919543	0.009129466
669	no_pain	0.6939952	0.30005017	0.0059546395
670	no_pain	0.71125257	0.2845943	0.004153096
671	no_pain	0.73976046	0.25581792	0.004421644
672	no_pain	0.76237017	0.23374026	0.0038895463
673	no_pain	0.6906656	0.30418712	0.005147289
674	no_pain	0.75463295	0.23677312	0.008593897
675	no_pain	0.73108727	0.26494747	0.003965266
676	low_pain	9.02372e-06	0.9996581	0.0003328698
677	no_pain	0.69687444	0.29917234	0.0039532525
678	high_pain	0.008769884	0.06622798	0.92500216
679	no_pain	0.6882934	0.30744666	0.0042599784
680	no_pain	0.7491843	0.24769105	0.003124617
681	no_pain	0.8032199	0.19324996	0.0035301032
682	no_pain	0.7244964	0.26602608	0.009477531
683	no_pain	0.53070253	0.3452789	0.12401857
684	no_pain	0.73884076	0.2576426	0.0035165953
685	no_pain	0.7205959	0.2563885	0.023015587
686	high_pain	0.011792867	0.17585881	0.81234837
687	high_pain	0.007727905	0.11211807	0.880154
688	no_pain	0.7101373	0.17184779	0.11801489
689	no_pain	0.8259774	0.17089412	0.0031285111
690	no_pain	0.7806274	0.21602562	0.003346909
691	low_pain	1.0533275e-05	0.999722	0.00026745774
692	no_pain	0.75378644	0.24190593	0.0043076156
693	no_pain	0.7242327	0.2726726	0.0030947588
694	no_pain	0.74723905	0.24866232	0.004098641
695	high_pain	0.09772372	0.20655091	0.6957254
696	no_pain	0.65025467	0.34576008	0.0039852685
697	no_pain	0.6072153	0.3858063	0.006978472
698	low_pain	0.006879403	0.9879028	0.005217787
699	no_pain	0.6993653	0.29684883	0.0037857678
700	no_pain	0.8228428	0.16024256	0.01691464
701	no_pain	0.7608682	0.23515368	0.0039780964
702	no_pain	0.76336235	0.23045984	0.006177845
703	no_pain	0.71344274	0.28201112	0.0045461617
704	no_pain	0.62894046	0.36810693	0.00295263
705	no_pain	0.64137703	0.35503292	0.0035900357
706	no_pain	0.6967543	0.29813522	0.005110513
707	low_pain	0.15907523	0.8340022	0.006922549
708	low_pain	0.45204479	0.52071923	0.027235955
709	no_pain	0.68113935	0.30785108	0.011009612
710	no_pain	0.8076772	0.18863599	0.0036867787
711	no_pain	0.7125867	0.2833801	0.0040331655
712	no_pain	0.7121991	0.28376105	0.0040398827
713	no_pain	0.7397607	0.25469476	0.0055445847
714	low_pain	8.069985e-06	0.99976486	0.00022707996
715	no_pain	0.7826725	0.21434832	0.0029791195
716	no_pain	0.81950957	0.17459288	0.0058975434
717	low_pain	1.4932392e-05	0.9995812	0.00040386192
718	low_pain	0.14810038	0.8417816	0.01011794
719	no_pain	0.7044775	0.29135343	0.004169057
720	no_pain	0.6709005	0.300759	0.02834048
721	low_pain	1.0441748e-05	0.9997238	0.00026580284
722	low_pain	0.025192613	0.5359555	0.43885186
723	no_pain	0.75981367	0.23635258	0.00383378
724	no_pain	0.760435	0.22986571	0.009699275
725	high_pain	0.012549231	0.17778635	0.80966437
726	no_pain	0.7004987	0.2944221	0.0050792587
727	low_pain	0.4288041	0.56986076	0.0013351192
728	no_pain	0.72184575	0.2740896	0.0040646354
729	no_pain	0.7394023	0.25553146	0.0050662807
730	no_pain	0.73230773	0.2615795	0.006112741
731	low_pain	0.00023598816	0.9988908	0.000873218
732	no_pain	0.6830622	0.19441935	0.12251847
733	no_pain	0.7530697	0.24368294	0.0032474336
734	no_pain	0.7515183	0.24282633	0.0056553376
735	no_pain	0.7163487	0.27983612	0.0038151687
736	no_pain	0.7180529	0.27470237	0.0072447113
737	no_pain	0.73312616	0.26140624	0.0054675885
738	no_pain	0.78272676	0.20950341	0.007769787
739	no_pain	0.7394904	0.25647992	0.0040296963
740	no_pain	0.55479085	0.4390397	0.006169441
741	high_pain	0.29121706	0.102154374	0.60662854
742	low_pain	1.5280739e-05	0.99962586	0.0003588106
743	no_pain	0.62827045	0.36019412	0.011535478
744	no_pain	0.68985146	0.3044905	0.0056580123
745	no_pain	0.75606006	0.22637393	0.017566023
746	no_pain	0.57302094	0.41959733	0.0073817964
747	no_pain	0.7339638	0.2629588	0.0030774805
748	low_pain	1.06332745e-05	0.99966526	0.00032408882
749	low_pain	5.6046783e-06	0.99978215	0.0002123015
750	no_pain	0.7972765	0.18060562	0.022117823
751	no_pain	0.74685943	0.24922535	0.0039152307
752	no_pain	0.7613544	0.23342575	0.0052198404
753	no_pain	0.6192209	0.36850643	0.012272584
754	no_pain	0.49788332	0.37364584	0.12847082
755	no_pain	0.6805081	0.14250202	0.1769899
756	no_pain	0.62043864	0.3619431	0.017618295
757	high_pain	0.0061686216	0.1037971	0.8900342
758	low_pain	6.348192e-06	0.9997721	0.00022157996
759	low_pain	0.120428845	0.87204534	0.0075258487
760	no_pain	0.6964504	0.29899344	0.004556117
761	no_pain	0.7308693	0.26284775	0.0062829866
762	no_pain	0.7135587	0.28212628	0.0043150405
763	low_pain	0.0148217585	0.9818055	0.0033727544
764	low_pain	0.008349597	0.9867277	0.004922681
765	no_pain	0.7487153	0.24727365	0.0040111053
766	no_pain	0.7156232	0.27988052	0.0044963104
767	no_pain	0.7381174	0.23471737	0.0271652
768	low_pain	6.159736e-06	0.9998058	0.00018804923
769	no_pain	0.64402115	0.3484742	0.0075046234
770	no_pain	0.7161971	0.28046113	0.0033417325
771	no_pain	0.5792016	0.41665882	0.0041396
772	no_pain	0.77364767	0.22289774	0.003454599
773	no_pain	0.7080213	0.28518012	0.0067985877
774	high_pain	0.4659575	0.04198097	0.49206147
775	high_pain	0.010164367	0.14225958	0.847576
776	no_pain	0.69399947	0.29980168	0.0061988407
777	no_pain	0.7353225	0.24823152	0.01644601
778	no_pain	0.7607134	0.23623767	0.0030488987
779	low_pain	1.44920405e-05	0.9997024	0.00028314863
780	no_pain	0.6997228	0.29345387	0.0068232743
781	no_pain	0.72537386	0.2686309	0.005995249
782	no_pain	0.6652848	0.30018303	0.034532197
783	high_pain	0.46505538	0.05715532	0.47778934
784	no_pain	0.7352782	0.25921914	0.005502633
785	no_pain	0.7502808	0.24664846	0.0030707468
786	low_pain	1.6432557e-05	0.9996161	0.00036752905
787	no_pain	0.68942446	0.30266374	0.0079117995
788	no_pain	0.5130636	0.2835351	0.20340125
789	no_pain	0.75008494	0.24368532	0.006229753
790	no_pain	0.74486464	0.2513056	0.0038297153
791	low_pain	1.2445709e-05	0.9997134	0.00027413678
792	no_pain	0.69932455	0.29420662	0.0064688274
793	no_pain	0.74759805	0.24936812	0.0030338578
794	no_pain	0.7240295	0.2702427	0.0057278494
795	low_pain	0.0049598217	0.9857663	0.0092738895
796	low_pain	5.798907e-06	0.9997798	0.0002144115
797	no_pain	0.6826792	0.3049245	0.01239635
798	no_pain	0.7550508	0.24108091	0.0038682802
799	no_pain	0.7484884	0.24759237	0.0039191744
800	no_pain	0.81778854	0.17903695	0.003174554
801	no_pain	0.7123763	0.28364533	0.003978342
802	no_pain	0.7448272	0.25214487	0.0030279246
803	no_pain	0.7452694	0.24880181	0.0059287497
804	no_pain	0.75390613	0.24249111	0.0036027974
805	no_pain	0.75384176	0.240292	0.0058662477
806	no_pain	0.591907	0.40128246	0.0068105054
807	no_pain	0.8590936	0.13542946	0.0054769195
808	no_pain	0.7302627	0.26503754	0.004699792
809	no_pain	0.72387534	0.27175537	0.0043692878
810	low_pain	1.3338022e-05	0.99967164	0.00031498872
811	high_pain	0.008023938	0.09156782	0.9004082
812	no_pain	0.7251765	0.27064797	0.004175469
813	no_pain	0.605142	0.39210796	0.0027500822
814	low_pain	8.9402965e-06	0.99976456	0.00022648161
815	no_pain	0.6970514	0.29877952	0.0041691125
816	no_pain	0.75236577	0.24418266	0.0034515637
817	no_pain	0.6887923	0.30474064	0.0064671063
818	no_pain	0.70447904	0.28848055	0.0070404173
819	no_pain	0.54174614	0.092832446	0.36542144
820	no_pain	0.7658778	0.23022868	0.0038934841
821	no_pain	0.67813164	0.2577727	0.06409564
822	no_pain	0.7521142	0.24260394	0.005281902
823	no_pain	0.7155889	0.28035018	0.004060938
824	no_pain	0.71534044	0.28105155	0.003608013
825	low_pain	0.23528157	0.65256023	0.11215819
826	no_pain	0.72303534	0.271605	0.0053596613
827	no_pain	0.7145938	0.27534395	0.010062257
828	no_pain	0.7112136	0.28460225	0.0041841194
829	low_pain	1.4562755e-05	0.99969435	0.00029112885
830	no_pain	0.80707645	0.1896777	0.0032458582
831	no_pain	0.6166946	0.3140351	0.06927024
832	no_pain	0.70743996	0.2811248	0.011435228
833	no_pain	0.77688503	0.21885195	0.004263045
834	no_pain	0.7217411	0.27154443	0.006714483
835	no_pain	0.68424463	0.31155625	0.0041991295
836	no_pain	0.60505825	0.36799785	0.02694389
837	no_pain	0.70014495	0.29466724	0.005187758
838	no_pain	0.73318297	0.26352	0.0032970351
839	no_pain	0.77925396	0.21591282	0.004833233
840	no_pain	0.65663564	0.30122194	0.04214241
841	no_pain	0.65706587	0.31587982	0.027054293
842	no_pain	0.7368493	0.25779957	0.005351136
843	high_pain	0.081542306	0.26509935	0.65335834
844	no_pain	0.7732619	0.2234884	0.0032497388
845	no_pain	0.5947704	0.4009478	0.0042817746
846	no_pain	0.72244316	0.2732167	0.004340108
847	no_pain	0.7366536	0.26028433	0.0030620142
848	no_pain	0.70131505	0.29449394	0.004190999
849	no_pain	0.69124746	0.30316994	0.005582606
850	no_pain	0.75806373	0.23652828	0.0054080365
851	no_pain	0.8186231	0.17826359	0.0031132721
852	high_pain	0.0071017435	0.1096438	0.88325447
853	no_pain	0.7091679	0.28366643	0.0071656383
854	low_pain	0.42861202	0.5705286	0.00085929595
855	no_pain	0.7330777	0.26104507	0.0058771903
856	no_pain	0.7495262	0.2473245	0.0031492547
857	low_pain	5.7873194e-06	0.99980897	0.00018528235
858	low_pain	5.7011616e-06	0.999811	0.00018332723
859	no_pain	0.7494416	0.24709149	0.0034669223
860	low_pain	2.7516324e-05	0.9995607	0.00041173925
861	no_pain	0.62745893	0.14545166	0.22708942
862	low_pain	0.31873575	0.62887764	0.052386653
863	no_pain	0.72627985	0.27010217	0.0036179258
864	no_pain	0.83882457	0.15802225	0.0031532082
865	no_pain	0.70446074	0.27487662	0.020662619
866	no_pain	0.6133813	0.3121906	0.07442809
867	high_pain	0.08546653	0.08284954	0.83168393
868	low_pain	1.2625874e-05	0.9996921	0.00029528342
869	low_pain	1.258826e-05	0.99974203	0.0002453997
870	low_pain	1.4326907e-05	0.9996894	0.00029627577
871	no_pain	0.6242885	0.30815086	0.06756062
872	no_pain	0.7587466	0.23811673	0.0031366642
873	no_pain	0.6922112	0.304077	0.0037117307
874	low_pain	3.782989e-05	0.9992846	0.00067760504
875	no_pain	0.642062	0.3002655	0.057672523
876	no_pain	0.67312	0.32297587	0.0039040677
877	no_pain	0.7479157	0.24864915	0.003435164
878	no_pain	0.75289184	0.24318726	0.0039209197
879	low_pain	1.809581e-05	0.99960995	0.00037195857
880	no_pain	0.6463357	0.31250647	0.0411578
881	no_pain	0.70605725	0.286997	0.006945795
882	no_pain	0.74586344	0.2412689	0.01286765
883	no_pain	0.7487536	0.2482466	0.0029997865
884	low_pain	7.603431e-06	0.99974954	0.00024285233
885	low_pain	6.968829e-06	0.9997317	0.00026126902
886	no_pain	0.696191	0.2997354	0.004073539
887	no_pain	0.6727001	0.32036978	0.006930106
888	low_pain	1.0021199e-05	0.99972504	0.00026490857
889	no_pain	0.71321243	0.2824468	0.0043408107
890	no_pain	0.5741063	0.4180698	0.007823923
891	low_pain	1.059965e-05	0.9997481	0.0002412662
892	no_pain	0.74510556	0.24864005	0.0062544565
893	low_pain	0.23623137	0.7502096	0.013559064
894	high_pain	0.009282251	0.4391017	0.5516161
895	no_pain	0.69298464	0.30095163	0.0060637193
896	no_pain	0.7677334	0.2278198	0.004446838
897	no_pain	0.5942146	0.33266148	0.07312383
898	no_pain	0.6960272	0.30003724	0.003935543
899	no_pain	0.7545366	0.24229111	0.0031722174
900	no_pain	0.7561758	0.23848529	0.00533892
901	no_pain	0.72484887	0.27109334	0.004057768
902	low_pain	7.5704124e-06	0.9997627	0.0002296837
903	no_pain	0.663864	0.33249956	0.003636419
904	no_pain	0.68885386	0.3069479	0.004198258
905	no_pain	0.7292228	0.2675417	0.0032355222
906	no_pain	0.8134979	0.18234865	0.004153452
907	no_pain	0.8417583	0.1554225	0.0028191668
908	high_pain	0.4438729	0.038832705	0.5172944
909	no_pain	0.6093731	0.34429246	0.04633442
910	no_pain	0.60042965	0.38663504	0.012935332
911	no_pain	0.7250942	0.2717983	0.0031075065
912	no_pain	0.6992348	0.29231325	0.008452
913	no_pain	0.72788715	0.26385424	0.008258608
914	no_pain	0.7336082	0.26274365	0.0036481395
915	no_pain	0.7234592	0.2687177	0.007823113
916	low_pain	0.47458884	0.5153321	0.010079053
917	no_pain	0.75371593	0.24099256	0.005291513
918	no_pain	0.70553917	0.29039493	0.0040659155
919	no_pain	0.68828773	0.28931347	0.022398796
920	no_pain	0.84796435	0.14932218	0.0027134824
921	no_pain	0.7095572	0.2862862	0.0041566067
922	no_pain	0.7282869	0.26705176	0.0046612793
923	low_pain	0.35483724	0.5623021	0.082860656
924	no_pain	0.6886977	0.30136225	0.00994007
925	no_pain	0.84260905	0.15438543	0.0030054846
926	no_pain	0.7142581	0.27474257	0.010999388
927	no_pain	0.6350994	0.21702978	0.14787082
928	no_pain	0.73561674	0.26068434	0.0036988626
929	low_pain	0.000116553485	0.999296	0.0005875208
930	low_pain	9.34262e-06	0.9997388	0.00025181318
931	no_pain	0.7037705	0.2918537	0.004375846
932	no_pain	0.6808916	0.20883368	0.11027474
933	no_pain	0.85323864	0.14409137	0.0026699586
934	low_pain	0.42599759	0.568044	0.0059584244
935	high_pain	0.012664956	0.176448	0.810887
936	no_pain	0.81727463	0.17705731	0.0056680674
937	low_pain	1.1300096e-05	0.999656	0.0003326971
938	no_pain	0.6700678	0.32557684	0.004355369
939	no_pain	0.7726382	0.22269127	0.004670582
940	no_pain	0.73873425	0.25437778	0.0068879537
941	no_pain	0.72525394	0.27165806	0.0030880389
942	no_pain	0.6889687	0.30552593	0.0055054207
943	no_pain	0.6682078	0.32172924	0.010062865
944	no_pain	0.723938	0.2701151	0.0059468816
945	no_pain	0.7005372	0.29559693	0.003865835
946	high_pain	0.03066622	0.23904705	0.7302867
947	no_pain	0.5595912	0.43620634	0.004202472
948	no_pain	0.77377397	0.21388586	0.012340206
949	high_pain	0.288007	0.24565747	0.46633556
950	no_pain	0.7487547	0.24587205	0.0053732134
951	no_pain	0.7275395	0.23933356	0.03312698
952	low_pain	0.42713335	0.5704947	0.00237192
953	no_pain	0.73991686	0.25647137	0.0036117234
954	no_pain	0.7284341	0.261859	0.009706949
955	no_pain	0.70652235	0.28921098	0.004266711
956	no_pain	0.68575877	0.3056121	0.008629156
957	no_pain	0.45400915	0.31831494	0.2276759
958	no_pain	0.69671017	0.28509465	0.018195212
959	no_pain	0.7997932	0.18200162	0.018205224
960	no_pain	0.5725054	0.32195836	0.10553626
961	no_pain	0.8325192	0.15800902	0.009471809
962	no_pain	0.7544023	0.24195173	0.0036459586
963	no_pain	0.678372	0.297406	0.024221942
964	no_pain	0.68576556	0.3031852	0.011049277
965	no_pain	0.7308242	0.2659022	0.0032736077
966	no_pain	0.5700096	0.42916796	0.00082246336
967	no_pain	0.7581929	0.23869975	0.003107371
968	no_pain	0.71135503	0.28468913	0.003955915
969	high_pain	0.22203851	0.3784957	0.3994658
970	no_pain	0.6933322	0.30095285	0.005715015
971	no_pain	0.70998335	0.28245363	0.0075629805
972	no_pain	0.73300284	0.26328453	0.0037125142
973	no_pain	0.74596256	0.25064296	0.003394485
974	no_pain	0.6733324	0.31133392	0.015333676
975	no_pain	0.7542855	0.24223515	0.0034792677
976	low_pain	0.01809901	0.97029966	0.01160133
977	no_pain	0.7051595	0.29038286	0.004457724
978	no_pain	0.5434275	0.24894674	0.2076257
979	no_pain	0.7552501	0.23872267	0.0060272655
980	no_pain	0.7123931	0.28363317	0.0039737644
981	no_pain	0.71235126	0.28313082	0.004517927
982	no_pain	0.64767665	0.34253004	0.009793249
983	low_pain	5.6333033e-06	0.9998151	0.00017924569
984	no_pain	0.8008215	0.19511192	0.004066557
985	no_pain	0.6822074	0.14764503	0.17014758
986	low_pain	1.2465906e-05	0.9996524	0.00033512243
987	no_pain	0.69869864	0.29185948	0.009441842
988	no_pain	0.6932443	0.30233744	0.004418355
989	no_pain	0.6981736	0.29489574	0.006930702
990	high_pain	0.010567546	0.12302147	0.8664109
991	low_pain	7.1484837e-06	0.9997431	0.00024969436
992	low_pain	0.28906676	0.70733106	0.0036021776
993	no_pain	0.63216335	0.3122181	0.05561858
994	no_pain	0.7111411	0.28467268	0.004186199
995	high_pain	0.017861497	0.24313627	0.7390022
996	no_pain	0.7181039	0.2784004	0.0034956809
997	low_pain	1.224374e-05	0.9995814	0.00040632204
998	no_pain	0.7497185	0.24625881	0.004022692
999	no_pain	0.78150225	0.21405827	0.0044395127
1000	no_pain	0.7396369	0.2522457	0.008117394
1001	no_pain	0.7152544	0.2808126	0.0039329636
1002	no_pain	0.749361	0.24552403	0.005115013
1003	no_pain	0.6921379	0.29629827	0.011563813
1004	no_pain	0.7233023	0.27339745	0.0033002666
1005	low_pain	0.43318018	0.5637928	0.0030269695
1006	high_pain	0.04438757	0.17220323	0.7834092
1007	no_pain	0.69996625	0.2932541	0.006779646
1008	no_pain	0.7663966	0.23039126	0.0032121371
1009	no_pain	0.62398285	0.3652617	0.010755511
1010	no_pain	0.7255331	0.26469848	0.009768394
1011	high_pain	0.0075305165	0.08494084	0.9075287
1012	low_pain	9.284251e-06	0.9997382	0.00025253795
1013	no_pain	0.7408854	0.25543278	0.0036818576
1014	no_pain	0.5748108	0.4225792	0.0026100357
1015	no_pain	0.72204596	0.2720787	0.0058753383
1016	high_pain	0.009465358	0.09403479	0.8964998
1017	no_pain	0.74959886	0.24664791	0.003753252
1018	no_pain	0.7415579	0.25310388	0.00533829
1019	no_pain	0.7036444	0.288145	0.008210562
1020	no_pain	0.73934466	0.25492606	0.005729272
1021	no_pain	0.747499	0.24844156	0.004059427
1022	no_pain	0.7685647	0.22195564	0.009479662
1023	no_pain	0.7116834	0.2828091	0.005507468
1024	low_pain	0.0019122168	0.99351215	0.00457564
1025	no_pain	0.7721036	0.22293271	0.0049636373
1026	high_pain	0.027961133	0.047861855	0.92417705
1027	no_pain	0.70156187	0.2941475	0.004290692
1028	no_pain	0.68757623	0.28629404	0.02612968
1029	no_pain	0.7433797	0.25353673	0.0030835408
1030	low_pain	0.00020882135	0.9992018	0.00058941386
1031	high_pain	0.26325935	0.25907794	0.4776627
1032	no_pain	0.7092158	0.28236464	0.008419516
1033	low_pain	7.88152e-06	0.99968183	0.00031029194
1034	no_pain	0.6405994	0.33953524	0.019865314
1035	no_pain	0.73758596	0.25855798	0.0038560927
1036	no_pain	0.74017537	0.25620204	0.003622546
1037	no_pain	0.73959666	0.25289157	0.007511723
1038	low_pain	9.262881e-06	0.9997395	0.00025126126
1039	no_pain	0.7361064	0.25860316	0.005290466
1040	no_pain	0.63935316	0.31496343	0.045683376
1041	no_pain	0.78387356	0.21282506	0.0033013816
1042	no_pain	0.73805064	0.2584534	0.003495917
1043	no_pain	0.6734438	0.3206305	0.005925747
1044	no_pain	0.7093379	0.28649735	0.0041647344
1045	no_pain	0.83603317	0.16080639	0.0031605028
1046	no_pain	0.7095402	0.27988464	0.010575162
1047	no_pain	0.7109313	0.25886422	0.030204505
1048	no_pain	0.71889263	0.27481797	0.0062893545
1049	no_pain	0.85715574	0.14005063	0.0027936583
1050	no_pain	0.7243393	0.2704861	0.005174606
1051	no_pain	0.72282845	0.27304813	0.0041233636
1052	no_pain	0.686969	0.30564782	0.0073831524
1053	no_pain	0.71567714	0.2802105	0.004112378
1054	no_pain	0.8071216	0.189658	0.0032204115
1055	no_pain	0.69105685	0.30183038	0.0071126996
1056	no_pain	0.6537409	0.1085708	0.23768838
1057	low_pain	7.955069e-06	0.9997579	0.0002341471
1058	no_pain	0.7514309	0.24506225	0.0035068728
1059	no_pain	0.6094704	0.35926944	0.03126009
1060	high_pain	0.46606287	0.06684198	0.4670951
1061	low_pain	6.521547e-06	0.9997969	0.00019658575
1062	low_pain	2.579604e-05	0.9994336	0.00054061215
1063	no_pain	0.6971403	0.29366174	0.00919803
1064	low_pain	0.42956638	0.5682677	0.0021659161
1065	low_pain	0.0011828215	0.94480807	0.054009143
1066	no_pain	0.730907	0.2653082	0.0037847727
1067	no_pain	0.7690819	0.22666243	0.004255696
1068	low_pain	0.015803443	0.6195582	0.36463836
1069	no_pain	0.7326744	0.26143634	0.0058892877
1070	no_pain	0.80746156	0.18871102	0.0038274333
1071	low_pain	0.01573731	0.98073095	0.003531724
1072	no_pain	0.7520947	0.24453208	0.0033733076
1073	low_pain	0.06771792	0.928719	0.0035630835
1074	no_pain	0.7121373	0.28373298	0.00412966
1075	low_pain	5.69724e-06	0.9998156	0.00017869225
1076	no_pain	0.743734	0.2527538	0.0035121378
1077	low_pain	9.952101e-06	0.9997144	0.0002756371
1078	low_pain	0.0031960516	0.83317834	0.16362563
1079	no_pain	0.7138278	0.28155544	0.0046167662
1080	no_pain	0.7301969	0.26675114	0.003051965
1081	no_pain	0.6654486	0.29039636	0.04415509
1082	no_pain	0.6648422	0.29613143	0.03902636
1083	no_pain	0.84634066	0.150985	0.0026743305
1084	no_pain	0.7796849	0.21575178	0.0045633162
1085	no_pain	0.82594234	0.17082201	0.0032356365
1086	no_pain	0.8558925	0.14151463	0.002592894
1087	low_pain	5.639624e-06	0.9998159	0.00017849395
1088	low_pain	0.4434883	0.5520376	0.0044741365
1089	low_pain	2.4019526e-05	0.9990263	0.00094971806
1090	no_pain	0.7700516	0.22502592	0.0049224016
1091	no_pain	0.6371126	0.34330815	0.019579183
1092	no_pain	0.6653065	0.3296361	0.0050574136
1093	no_pain	0.73047316	0.2590748	0.010452025
1094	no_pain	0.7353553	0.25863966	0.0060050166
1095	no_pain	0.72618353	0.2699252	0.003891244
1096	no_pain	0.69516236	0.30081502	0.0040225973
1097	no_pain	0.7314242	0.26046947	0.00810635
1098	low_pain	6.12511e-06	0.9997574	0.00023644521
1099	no_pain	0.7936638	0.1996711	0.006665122
1100	no_pain	0.6993148	0.29500908	0.0056761014
1101	no_pain	0.72795165	0.26788497	0.0041633523
1102	no_pain	0.7498926	0.24612682	0.0039806226
1103	high_pain	0.13756289	0.06803052	0.7944066
1104	no_pain	0.7696058	0.22666773	0.0037264177
1105	no_pain	0.61870754	0.34668198	0.0346105
1106	high_pain	0.044505328	0.23972794	0.7157667
1107	no_pain	0.7185895	0.27403125	0.007379185
1108	no_pain	0.72037584	0.2733055	0.0063186246
1109	high_pain	0.006857407	0.14287387	0.8502688
1110	no_pain	0.7264291	0.26923034	0.004340566
1111	no_pain	0.6399606	0.30871227	0.051327195
1112	no_pain	0.69794375	0.2972054	0.00485091
1113	no_pain	0.7471711	0.24789068	0.0049381875
1114	no_pain	0.6975189	0.29825407	0.004226986
1115	low_pain	1.183375e-05	0.99965566	0.00033250722
1116	no_pain	0.67747706	0.31685513	0.005667758
1117	no_pain	0.77511185	0.22180198	0.0030861294
1118	high_pain	0.01645295	0.2626647	0.72088236
1119	no_pain	0.7487916	0.24733843	0.0038699938
1120	high_pain	0.012439649	0.2112315	0.7763289
1121	no_pain	0.73566234	0.24990991	0.014427747
1122	high_pain	0.05988025	0.28684643	0.6532733
1123	no_pain	0.7247874	0.26943785	0.005774694
1124	no_pain	0.7110575	0.28485322	0.004089345
1125	no_pain	0.71904844	0.27606234	0.0048892135
1126	no_pain	0.74166423	0.25446093	0.0038748984
1127	low_pain	5.9381787e-06	0.9997615	0.0002325077
1128	no_pain	0.75146526	0.24353357	0.0050011864
1129	no_pain	0.6916761	0.30213577	0.0061881705
1130	no_pain	0.6061001	0.3885245	0.0053753858
1131	no_pain	0.57648534	0.089201175	0.33431342
1132	no_pain	0.7240459	0.26888213	0.0070719277
1133	no_pain	0.7693253	0.22674868	0.003925998
1134	low_pain	1.0464018e-05	0.99970275	0.00028677215
1135	no_pain	0.71306795	0.28356448	0.0033676082
1136	no_pain	0.73333424	0.262515	0.0041506533
1137	no_pain	0.71088284	0.28521857	0.0038985654
1138	no_pain	0.7106599	0.28543517	0.003904946
1139	no_pain	0.58527344	0.40372393	0.011002584
1140	high_pain	0.006808617	0.11399444	0.879197
1141	no_pain	0.7576269	0.2381848	0.0041883946
1142	no_pain	0.66277885	0.15722837	0.1799928
1143	no_pain	0.6990263	0.29726866	0.003705013
1144	no_pain	0.81739074	0.17583434	0.0067749177
1145	no_pain	0.82026905	0.15466617	0.025064776
1146	high_pain	0.02331339	0.22260812	0.7540785
1147	no_pain	0.8268862	0.17015572	0.0029581354
1148	no_pain	0.76778734	0.2258323	0.006380371
1149	no_pain	0.8388524	0.15735613	0.0037914568
1150	no_pain	0.56108594	0.42472246	0.014191582
1151	low_pain	1.6455242e-05	0.9996127	0.00037090408
1152	low_pain	0.113604434	0.47904363	0.40735194
1153	no_pain	0.7466927	0.24780035	0.005506914
1154	no_pain	0.7363507	0.25927973	0.0043695136
1155	low_pain	0.0011418938	0.9962424	0.002615697
1156	high_pain	0.0077003413	0.080211885	0.9120878
1157	no_pain	0.70755917	0.28827205	0.00416881
1158	no_pain	0.69756657	0.29802886	0.004404575
1159	low_pain	1.529134e-05	0.9996676	0.00031715335
1160	no_pain	0.68787944	0.2896135	0.02250715
1161	no_pain	0.7807284	0.21543935	0.003832214
1162	no_pain	0.6794521	0.3060703	0.014477559
1163	no_pain	0.6935297	0.30239716	0.0040731146
1164	low_pain	0.00047671935	0.99861985	0.00090342405
1165	no_pain	0.66858083	0.32021657	0.011202665
1166	low_pain	1.2388183e-05	0.9996948	0.0002927552
1167	no_pain	0.70719045	0.2886165	0.0041930233
1168	low_pain	0.00016936132	0.99879444	0.0010362257
1169	no_pain	0.82150316	0.1741767	0.004320119
1170	no_pain	0.7453329	0.25150028	0.0031668714
1171	no_pain	0.7216096	0.2706797	0.0077106846
1172	no_pain	0.7014927	0.29388413	0.0046231593
1173	no_pain	0.6551456	0.31340593	0.03144849
1174	low_pain	0.0012654793	0.99389803	0.0048364545
1175	no_pain	0.7370896	0.25923604	0.0036743965
1176	no_pain	0.7852001	0.21009214	0.004707738
1177	no_pain	0.6202882	0.3717442	0.007967607
1178	no_pain	0.7412699	0.25239822	0.006331913
1179	low_pain	2.0487392e-05	0.9995801	0.00039943005
1180	no_pain	0.80342305	0.19052485	0.006052077
1181	no_pain	0.7596226	0.23657036	0.0038070935
1182	no_pain	0.4351895	0.22777507	0.33703548
1183	no_pain	0.68798715	0.30416998	0.007842923
1184	no_pain	0.58761555	0.39831668	0.014067753
1185	low_pain	7.4577633e-06	0.99976665	0.00022591677
1186	high_pain	0.008177218	0.1710936	0.8207292
1187	no_pain	0.6304925	0.36643928	0.00306819
1188	no_pain	0.7225726	0.2738844	0.0035429657
1189	no_pain	0.6941058	0.29783252	0.008061706
1190	high_pain	0.009983645	0.339813	0.65020335
1191	no_pain	0.7467995	0.24913852	0.004061911
1192	no_pain	0.6252845	0.36718073	0.0075348513
1193	no_pain	0.61334336	0.37476322	0.011893414
1194	high_pain	0.011302377	0.3178104	0.6708873
1195	no_pain	0.72511005	0.26923156	0.005658383
1196	no_pain	0.5556625	0.44136554	0.0029719293
1197	low_pain	1.4363322e-05	0.9996618	0.0003238609
1198	no_pain	0.64470273	0.3471818	0.008115455
1199	no_pain	0.8243868	0.1725454	0.003067808
1200	low_pain	2.6474927e-05	0.9995585	0.0004149898
1201	no_pain	0.7164307	0.28024483	0.003324455
1202	no_pain	0.6362875	0.3141368	0.04957569
1203	no_pain	0.6030341	0.39425108	0.002714818
1204	no_pain	0.71798986	0.2765059	0.0055041886
1205	no_pain	0.66122967	0.3351388	0.0036315075
1206	no_pain	0.7524055	0.24372101	0.0038734723
1207	no_pain	0.77500474	0.22063446	0.004360829
1208	no_pain	0.74624056	0.2500903	0.0036691546
1209	low_pain	9.993149e-06	0.99975216	0.00023782536
1210	high_pain	0.011446965	0.25170925	0.73684376
1211	low_pain	0.0017949295	0.99571604	0.002489044
1212	no_pain	0.7192356	0.2748669	0.0058974037
1213	no_pain	0.74486506	0.25118193	0.0039529544
1214	no_pain	0.7525218	0.24200368	0.0054745614
1215	no_pain	0.70413256	0.285207	0.010660472
1216	no_pain	0.7108191	0.28523117	0.003949665
1217	no_pain	0.75423795	0.24239762	0.003364452
1218	no_pain	0.6191091	0.31156906	0.0693218
1219	no_pain	0.723032	0.27059603	0.0063719554
1220	no_pain	0.5935617	0.2676461	0.13879217
1221	no_pain	0.7892431	0.20698963	0.003767281
1222	no_pain	0.5906581	0.3924694	0.016872438
1223	low_pain	6.5522596e-05	0.9994146	0.00051985163
1224	no_pain	0.68164825	0.3100976	0.008254181
1225	no_pain	0.73300934	0.2597703	0.007220346
1226	low_pain	7.664729e-06	0.99974567	0.00024671477
1227	no_pain	0.7517094	0.24492489	0.0033656755
1228	no_pain	0.7236186	0.27234244	0.004038873
1229	no_pain	0.7247229	0.2722204	0.003056659
1230	no_pain	0.75783557	0.23864226	0.0035221241
1231	high_pain	0.06625037	0.3917237	0.5420259
1232	no_pain	0.61069345	0.29827842	0.091028154
1233	no_pain	0.7457291	0.23946044	0.01481046
1234	low_pain	0.0002042461	0.9983457	0.0014501063
1235	low_pain	4.557484e-05	0.9992546	0.00069987646
1236	low_pain	9.438013e-06	0.9997391	0.00025146457
1237	high_pain	0.19364205	0.12181187	0.68454605
1238	high_pain	0.005934709	0.15391293	0.8401523
1239	no_pain	0.7212199	0.27236852	0.0064115957
1240	high_pain	0.45386314	0.04326917	0.5028677
1241	no_pain	0.72171986	0.25481945	0.023460643
1242	no_pain	0.67664224	0.31623703	0.00712071
1243	no_pain	0.7943214	0.20206414	0.003614433
1244	low_pain	0.30797333	0.6850094	0.0070172725
1245	no_pain	0.73330796	0.25961718	0.0070748175
1246	low_pain	1.3594596e-05	0.9997123	0.0002741598
1247	low_pain	0.4845977	0.5032308	0.012171478
1248	no_pain	0.58311117	0.3272686	0.08962027
1249	no_pain	0.68210214	0.29335383	0.024543988
1250	no_pain	0.75655186	0.23858833	0.004859772
1251	no_pain	0.75246847	0.24359848	0.0039331014
1252	high_pain	0.011387062	0.1646667	0.8239463
1253	no_pain	0.7357798	0.26055554	0.003664667
1254	low_pain	5.2740784e-06	0.9998228	0.0001719323
1255	no_pain	0.65256673	0.33099872	0.016434606
1256	no_pain	0.63133156	0.3646658	0.0040025827
1257	no_pain	0.72742766	0.26763588	0.0049363836
1258	no_pain	0.7591872	0.23744638	0.0033663863
1259	no_pain	0.57994026	0.4025009	0.017558854
1260	low_pain	9.687664e-06	0.99975485	0.00023549354
1261	no_pain	0.71036947	0.15281768	0.1368129
1262	high_pain	0.4449717	0.035779275	0.519249
1263	no_pain	0.7506496	0.2438503	0.0055000884
1264	no_pain	0.7138771	0.2774048	0.008718132
1265	no_pain	0.7312501	0.2649251	0.0038247672
1266	no_pain	0.42031842	0.40164304	0.17803851
1267	no_pain	0.69367284	0.29735917	0.008967903
1268	low_pain	1.3609558e-05	0.9997329	0.00025350793
1269	no_pain	0.74889237	0.24696086	0.004146757
1270	no_pain	0.76585066	0.2294693	0.004680048
1271	no_pain	0.7609352	0.23593603	0.003128773
1272	no_pain	0.69446784	0.2992568	0.0062753567
1273	no_pain	0.73335236	0.26319247	0.00345509
1274	no_pain	0.75363845	0.24332939	0.0030321006
1275	no_pain	0.6941346	0.29987118	0.0059942836
1276	no_pain	0.7653645	0.23116204	0.003473452
1277	no_pain	0.573483	0.41050166	0.016015323
1278	no_pain	0.8575751	0.13982113	0.0026037202
1279	no_pain	0.8579494	0.13945861	0.0025919697
1280	no_pain	0.69509417	0.29748508	0.0074207718
1281	no_pain	0.73535484	0.26153293	0.0031122714
1282	high_pain	0.013608851	0.09144976	0.8949414
1283	no_pain	0.7227539	0.2555857	0.021660427
1284	high_pain	0.44083244	0.04287457	0.516293
1285	no_pain	0.6481829	0.33983	0.011986996
1286	no_pain	0.69055545	0.30515122	0.0042933193
1287	no_pain	0.8147237	0.18203081	0.0032455064
1288	high_pain	0.005754248	0.12419566	0.8700501
1289	no_pain	0.7512893	0.24562372	0.003086988
1290	no_pain	0.76696837	0.228341	0.004690575
1291	no_pain	0.6614083	0.2984067	0.040185034
1292	no_pain	0.6665224	0.32848278	0.0049948427
1293	low_pain	0.0014500788	0.66510254	0.33344737
1294	no_pain	0.7136539	0.28042176	0.0059242914
1295	low_pain	6.610871e-05	0.9994255	0.0005084153
1296	no_pain	0.7076964	0.288112	0.0041915947
1297	high_pain	0.24721375	0.25450352	0.49828273
1298	no_pain	0.82503587	0.17182691	0.0031372164
1299	no_pain	0.5660539	0.43170294	0.0022430776
1300	low_pain	3.3380595e-05	0.99945027	0.00051636953
1301	no_pain	0.7781816	0.21809404	0.0037243185
1302	no_pain	0.7563138	0.2388665	0.0048196567
1303	no_pain	0.7662214	0.23044069	0.0033378897
1304	no_pain	0.8295881	0.16573414	0.0046777725
1305	no_pain	0.6878706	0.30740258	0.0047267615
1306	no_pain	0.7535735	0.107798085	0.13862847
1307	no_pain	0.6592658	0.3312318	0.0095024025
1308	no_pain	0.7267558	0.26786464	0.0053795045
1309	low_pain	1.8081422e-05	0.9996863	0.00029560487
1310	no_pain	0.7686669	0.22688675	0.0044463114
1311	no_pain	0.5761791	0.33006784	0.09375308
1312	no_pain	0.58583987	0.3927997	0.021360397
1313	no_pain	0.8017478	0.19397004	0.00428216
1314	no_pain	0.6916266	0.30142435	0.006949
1315	low_pain	1.3766342e-05	0.99973327	0.00025295973
1316	no_pain	0.737122	0.25307983	0.009798168
1317	no_pain	0.6061011	0.38872847	0.0051704436
1318	low_pain	1.886365e-05	0.9996995	0.00028164507
1319	high_pain	0.15766063	0.14627126	0.69606817
1320	no_pain	0.72450703	0.2701641	0.0053288196
1321	no_pain	0.7496868	0.24668714	0.0036260537
1322	no_pain	0.6003672	0.3970631	0.0025696557
1323	no_pain	0.7139254	0.27965647	0.006418056
