sample_index	label	no_pain	low_pain	high_pain
000	no_pain	0.922392	0.076941796	0.0006662196
001	no_pain	0.903143	0.0962589	0.00059810095
002	no_pain	0.8857308	0.11013161	0.0041375784
003	no_pain	0.8586868	0.13836671	0.0029464602
004	no_pain	0.9182789	0.07943242	0.0022887439
005	low_pain	0.31520537	0.5828374	0.10195726
006	no_pain	0.88602006	0.10432784	0.009652144
007	no_pain	0.8638869	0.13524848	0.0008646129
008	no_pain	0.86553335	0.12988283	0.004583818
009	no_pain	0.91671944	0.082676016	0.00060452457
010	no_pain	0.83545166	0.16371815	0.00083017116
011	no_pain	0.81189716	0.18638805	0.0017147625
012	no_pain	0.9843351	0.015256651	0.000408211
013	no_pain	0.8949258	0.10217137	0.0029028724
014	no_pain	0.89555925	0.10378015	0.0006606128
015	no_pain	0.89155996	0.1000291	0.00841093
016	low_pain	3.4409673e-05	0.99935246	0.00061311014
017	no_pain	0.9139809	0.08008492	0.0059341607
018	low_pain	0.00046520674	0.95040095	0.049133826
019	no_pain	0.8615705	0.13539156	0.0030378986
020	no_pain	0.8451797	0.15408011	0.00074019254
021	no_pain	0.9024882	0.096568346	0.00094348367
022	no_pain	0.88181275	0.10102192	0.017165273
023	low_pain	2.4068163e-06	0.9999832	1.4412465e-05
024	no_pain	0.89241445	0.09660212	0.010983487
025	no_pain	0.8444195	0.152297	0.0032835365
026	low_pain	0.005580871	0.70043975	0.2939794
027	no_pain	0.8290494	0.16905321	0.0018974195
028	no_pain	0.9858838	0.013763472	0.000352707
029	no_pain	0.64694315	0.35263267	0.00042420215
030	no_pain	0.8516293	0.14773463	0.0006359941
031	no_pain	0.67225593	0.32731035	0.0004337183
032	no_pain	0.7021516	0.29740575	0.00044271915
033	no_pain	0.54768527	0.45113754	0.0011771201
034	no_pain	0.98204285	0.01753087	0.00042624705
035	no_pain	0.9750779	0.02442195	0.0005001456
036	low_pain	2.5920522e-06	0.9999825	1.4933947e-05
037	no_pain	0.87739456	0.106492534	0.016112873
038	no_pain	0.7687287	0.2287534	0.0025179363
039	no_pain	0.71410096	0.28541678	0.00048224363
040	no_pain	0.876434	0.11223068	0.011335291
041	low_pain	2.5844989e-05	0.9997582	0.00021596381
042	low_pain	3.9947454e-06	0.999967	2.9041601e-05
043	low_pain	3.0010258e-05	0.9995598	0.00041016788
044	no_pain	0.98173857	0.017802434	0.00045901045
045	high_pain	0.005004891	0.44615194	0.54884315
046	high_pain	0.0115701845	0.001873779	0.98655605
047	no_pain	0.9816181	0.017982634	0.00039922757
048	no_pain	0.845245	0.15286538	0.0018896336
049	high_pain	0.0053715026	0.0025770643	0.9920515
050	no_pain	0.8891209	0.0620096	0.04886959
051	no_pain	0.84884125	0.14532222	0.005836543
052	high_pain	0.01164424	0.0031105448	0.9852452
053	low_pain	0.013498048	0.9855483	0.0009536321
054	no_pain	0.8452514	0.15234317	0.0024054518
055	high_pain	0.014978925	0.001700334	0.9833208
056	no_pain	0.9694557	0.030037543	0.00050672644
057	no_pain	0.53319687	0.46612898	0.0006741481
058	no_pain	0.67990786	0.31965432	0.00043779946
059	no_pain	0.90522856	0.09415741	0.00061401847
060	no_pain	0.88534606	0.10145027	0.01320362
061	no_pain	0.8981934	0.10083612	0.0009704633
062	no_pain	0.9025269	0.09660687	0.0008661571
063	no_pain	0.9214775	0.077984884	0.00053758
064	no_pain	0.8499549	0.14909717	0.0009479495
065	no_pain	0.83511907	0.14702736	0.01785359
066	no_pain	0.8135909	0.18537815	0.0010310286
067	no_pain	0.9115634	0.08764333	0.00079323497
068	no_pain	0.8857378	0.099201	0.015061266
069	no_pain	0.8657544	0.1335768	0.0006688051
070	no_pain	0.820436	0.17869858	0.0008653858
071	low_pain	1.0092176e-05	0.999869	0.00012088276
072	no_pain	0.90473235	0.093336605	0.0019310211
073	no_pain	0.88575035	0.10059548	0.01365411
074	no_pain	0.87779397	0.118318446	0.0038876033
075	no_pain	0.87382036	0.12566718	0.00051247695
076	no_pain	0.9039267	0.09515746	0.00091590406
077	no_pain	0.87208134	0.1246206	0.003298076
078	no_pain	0.86915296	0.13034956	0.0004975004
079	no_pain	0.72024393	0.2792786	0.00047750474
080	high_pain	0.19780229	0.08289971	0.719298
081	low_pain	0.004338415	0.6177518	0.37790975
082	high_pain	0.009924206	0.0022658568	0.98780996
083	no_pain	0.9243928	0.07267769	0.0029294917
084	no_pain	0.7242414	0.27532685	0.00043174665
085	no_pain	0.87919205	0.120304264	0.00050367793
086	no_pain	0.8604401	0.13715625	0.0024036542
087	low_pain	0.00013964651	0.9995778	0.00028253783
088	no_pain	0.8526452	0.14676116	0.000593591
089	no_pain	0.8678037	0.13120113	0.000995146
090	no_pain	0.8900713	0.09727166	0.012657048
091	no_pain	0.9841327	0.015492516	0.0003747505
092	no_pain	0.86083096	0.13841017	0.0007588415
093	low_pain	0.13180897	0.8665377	0.0016533332
094	no_pain	0.8493069	0.14772758	0.0029656047
095	no_pain	0.70977557	0.28889686	0.0013275511
096	no_pain	0.74474865	0.2548283	0.0004230439
097	high_pain	0.010603492	0.0025327012	0.9868638
098	high_pain	0.04395653	0.027182754	0.9288607
099	high_pain	0.0021740892	0.4100738	0.58775216
100	no_pain	0.7773418	0.2219229	0.0007353073
101	no_pain	0.85656214	0.14255217	0.0008856783
102	low_pain	1.5271573e-05	0.99987465	0.000110052606
103	low_pain	0.00044920229	0.99938244	0.00016840597
104	no_pain	0.78361946	0.21413381	0.002246712
105	no_pain	0.6158991	0.14097023	0.2431307
106	no_pain	0.8708193	0.093171306	0.03600939
107	no_pain	0.87231624	0.12709004	0.0005937462
108	no_pain	0.82582855	0.17318693	0.0009844933
109	no_pain	0.851932	0.14738563	0.0006823364
110	no_pain	0.8335262	0.1658723	0.0006014811
111	no_pain	0.97088754	0.028591644	0.0005207995
112	no_pain	0.62666225	0.36742035	0.005917414
113	no_pain	0.7603484	0.23891856	0.00073308445
114	no_pain	0.74010485	0.25928035	0.0006147944
115	no_pain	0.8168784	0.077946655	0.105174996
116	no_pain	0.9080823	0.08679589	0.0051218444
117	high_pain	0.010529963	0.0012902897	0.98817974
118	high_pain	0.008011893	0.17718033	0.8148078
119	no_pain	0.9510775	0.048307423	0.00061507866
120	no_pain	0.8605791	0.13611297	0.0033079593
121	no_pain	0.884183	0.11504967	0.0007673691
122	no_pain	0.8786659	0.117980726	0.0033533312
123	no_pain	0.9038359	0.09527497	0.00088913314
124	high_pain	0.15996459	0.05972269	0.7803127
125	no_pain	0.8663006	0.13188128	0.0018181101
126	no_pain	0.7543639	0.24523482	0.00040127622
127	no_pain	0.88538927	0.11410952	0.00050119153
128	no_pain	0.79174846	0.2074567	0.0007949184
129	no_pain	0.8787622	0.12036489	0.00087295444
130	no_pain	0.8625535	0.13657574	0.0008707377
131	no_pain	0.8674258	0.13182053	0.0007537213
132	no_pain	0.93549925	0.06391289	0.0005878409
133	no_pain	0.85519874	0.1425343	0.0022669265
134	no_pain	0.8927645	0.10481046	0.0024250422
135	no_pain	0.81919175	0.18007202	0.00073626323
136	low_pain	4.1628177e-06	0.9999544	4.1392184e-05
137	high_pain	0.03386017	0.14124157	0.82489824
138	no_pain	0.7500703	0.24933298	0.00059670914
139	no_pain	0.7000457	0.29689392	0.0030603218
140	no_pain	0.88666767	0.11201375	0.001318569
141	no_pain	0.8580171	0.14119042	0.00079248985
142	no_pain	0.8771151	0.11910508	0.003779898
143	no_pain	0.86175334	0.13536763	0.00287905
144	no_pain	0.8409509	0.049785413	0.10926366
145	no_pain	0.8463515	0.15281983	0.0008287058
146	low_pain	2.7922402e-05	0.9998226	0.00014943
147	no_pain	0.883633	0.11474335	0.0016236231
148	low_pain	3.937913e-06	0.9999838	1.2273857e-05
149	no_pain	0.9657416	0.03373428	0.00052420195
150	no_pain	0.809043	0.17553496	0.015422021
151	no_pain	0.88477904	0.111279	0.0039419755
152	no_pain	0.86539	0.1326357	0.0019742697
153	no_pain	0.8676456	0.13179287	0.000561549
154	no_pain	0.8728961	0.1194063	0.0076976484
155	no_pain	0.85545427	0.14114739	0.0033983758
156	no_pain	0.88517386	0.1054231	0.009403052
157	no_pain	0.9074453	0.09084215	0.0017125524
158	no_pain	0.9275667	0.071824335	0.0006088968
159	no_pain	0.9091824	0.080834754	0.009982811
160	low_pain	0.0012360725	0.9983998	0.00036410516
161	no_pain	0.8946571	0.10210018	0.003242755
162	no_pain	0.90013367	0.09755773	0.0023085626
163	no_pain	0.89752686	0.101131655	0.0013414912
164	no_pain	0.9146215	0.084395684	0.0009828719
165	low_pain	0.009671469	0.88505137	0.10527717
166	no_pain	0.89727175	0.09913843	0.0035898332
167	no_pain	0.87454146	0.12402811	0.0014304391
168	no_pain	0.74597514	0.14536604	0.10865879
169	no_pain	0.9135949	0.085374855	0.0010301956
170	low_pain	0.015151391	0.9434376	0.04141102
171	low_pain	0.00011429984	0.9995263	0.00035935867
172	no_pain	0.6810346	0.31852603	0.0004393188
173	high_pain	0.4381935	0.02166118	0.54014534
174	no_pain	0.8240257	0.17527051	0.0007038045
175	low_pain	1.9844034e-05	0.99988526	9.486378e-05
176	no_pain	0.9256116	0.07085926	0.0035291289
177	no_pain	0.9547511	0.04459408	0.00065485045
178	no_pain	0.86661893	0.13281044	0.0005707073
179	no_pain	0.8624696	0.13686128	0.00066913187
180	no_pain	0.90402806	0.09486322	0.0011087224
181	no_pain	0.86147624	0.13637905	0.002144697
182	no_pain	0.86535674	0.12742144	0.0072218277
183	no_pain	0.8523566	0.14567642	0.0019669535
184	no_pain	0.74404913	0.25507957	0.0008713332
185	no_pain	0.93200207	0.06615914	0.0018388255
186	high_pain	0.011083452	0.0018086901	0.9871078
187	no_pain	0.94642127	0.052935604	0.000643118
188	no_pain	0.86656773	0.11993346	0.013498782
189	high_pain	0.010193965	0.0049816594	0.98482436
190	no_pain	0.89517194	0.102887206	0.0019408928
191	high_pain	0.018690465	0.0026690569	0.9786405
192	no_pain	0.8753117	0.121300474	0.0033879
193	no_pain	0.9229989	0.07602442	0.0009766709
194	no_pain	0.8489642	0.15026103	0.0007747602
195	no_pain	0.8823816	0.116300724	0.0013175833
196	no_pain	0.80372	0.19356577	0.002714232
197	no_pain	0.6013508	0.3964927	0.002156492
198	low_pain	7.1196673e-06	0.9999801	1.27918465e-05
199	no_pain	0.85905904	0.13821007	0.0027308676
200	no_pain	0.8892541	0.10899244	0.0017534826
201	high_pain	0.009531321	0.0025781698	0.98789054
202	low_pain	4.232769e-06	0.9999522	4.3587443e-05
203	high_pain	0.017879428	0.00330659	0.978814
204	no_pain	0.98637444	0.013277718	0.00034784788
205	no_pain	0.8604484	0.13688526	0.0026663276
206	low_pain	4.817912e-05	0.9991614	0.000790388
207	no_pain	0.8822259	0.11449545	0.0032786748
208	no_pain	0.905431	0.0917011	0.002867891
209	no_pain	0.8984766	0.1010133	0.0005100649
210	no_pain	0.91552395	0.083198495	0.0012775551
211	no_pain	0.8746606	0.12465228	0.0006870744
212	no_pain	0.8313867	0.16683854	0.0017748296
213	no_pain	0.9545299	0.0449544	0.00051571504
214	low_pain	8.2089255e-06	0.9999371	5.4684344e-05
215	no_pain	0.92494357	0.07444147	0.0006149795
216	no_pain	0.86025333	0.13753441	0.0022122115
217	no_pain	0.685402	0.31416765	0.00043038165
218	no_pain	0.86495084	0.12892923	0.006119918
219	no_pain	0.9223185	0.07488026	0.0028012332
220	low_pain	9.757294e-06	0.9998575	0.00013276533
221	no_pain	0.861084	0.13520603	0.0037099922
222	low_pain	1.1081882e-05	0.99984646	0.00014247184
223	no_pain	0.8901745	0.10674953	0.003075944
224	no_pain	0.85178894	0.1454324	0.002778642
225	no_pain	0.8548006	0.14447631	0.00072312093
226	low_pain	0.34896737	0.37768874	0.2733439
227	no_pain	0.9542633	0.045056265	0.0006804267
228	no_pain	0.88530046	0.11406256	0.0006369843
229	no_pain	0.8667811	0.13109921	0.002119702
230	no_pain	0.8794065	0.120044306	0.00054918317
231	no_pain	0.81167847	0.18756096	0.0007605451
232	no_pain	0.85028857	0.14867188	0.0010395523
233	no_pain	0.86416715	0.13424082	0.0015920805
234	no_pain	0.9652354	0.034164585	0.0006000115
235	no_pain	0.86379755	0.13444267	0.0017598114
236	no_pain	0.9071333	0.08978157	0.0030851136
237	no_pain	0.8937997	0.102041245	0.0041590403
238	low_pain	6.4044934e-06	0.99995273	4.0844887e-05
239	no_pain	0.89590484	0.100285865	0.0038093296
240	no_pain	0.84296846	0.15517354	0.001857914
241	no_pain	0.86764246	0.12945364	0.0029038931
242	no_pain	0.86092424	0.138261	0.0008147596
243	no_pain	0.9797823	0.019753385	0.00046433014
244	no_pain	0.850666	0.14545599	0.0038780465
245	no_pain	0.8079439	0.1911162	0.00093990756
246	no_pain	0.80152124	0.19603188	0.0024469283
247	no_pain	0.77991927	0.21720396	0.0028767716
248	no_pain	0.8648204	0.13248543	0.002694135
249	no_pain	0.9792883	0.020295577	0.00041611856
250	no_pain	0.93406993	0.06374578	0.0021843114
251	low_pain	3.8449493e-06	0.99997324	2.2911288e-05
252	no_pain	0.93381935	0.06539178	0.0007888875
253	no_pain	0.9097386	0.08971741	0.0005440012
254	no_pain	0.91809213	0.0800092	0.0018986503
255	no_pain	0.85357285	0.14248921	0.0039379736
256	no_pain	0.8567724	0.14253174	0.0006958176
257	high_pain	0.1602823	0.20914815	0.6305696
258	no_pain	0.881128	0.102285795	0.016586194
259	no_pain	0.86334646	0.1318333	0.0048202416
260	no_pain	0.9702104	0.02922461	0.0005649854
261	high_pain	0.010172795	0.0012839062	0.98854333
262	no_pain	0.8833	0.11051118	0.006188803
263	no_pain	0.8218074	0.17717288	0.0010197759
264	no_pain	0.8970086	0.09635893	0.006632422
265	no_pain	0.8334123	0.16587742	0.00071033166
266	high_pain	0.0271124	0.08015853	0.8927291
267	no_pain	0.873884	0.12528215	0.000833876
268	no_pain	0.8714945	0.093694784	0.034810778
269	no_pain	0.9166463	0.073228	0.01012575
270	low_pain	6.032234e-05	0.998896	0.0010436682
271	no_pain	0.6854059	0.31407255	0.00052154594
272	low_pain	1.45729655e-05	0.9998161	0.0001692901
273	low_pain	0.21708085	0.57491434	0.2080048
274	no_pain	0.8995986	0.096408464	0.003992946
275	no_pain	0.7911538	0.18217729	0.02666894
276	high_pain	0.22717723	0.0042012506	0.7686215
277	no_pain	0.85620946	0.120474495	0.02331601
278	no_pain	0.6906063	0.30894825	0.0004454214
279	no_pain	0.75457424	0.24454121	0.0008845783
280	no_pain	0.92238224	0.07662364	0.0009941066
281	no_pain	0.90883553	0.09005869	0.0011057416
282	no_pain	0.8488126	0.15059093	0.0005964839
283	no_pain	0.6139442	0.3850083	0.0010475136
284	no_pain	0.879292	0.11991083	0.00079720176
285	no_pain	0.8626814	0.13646637	0.00085226446
286	no_pain	0.80231273	0.19679627	0.0008910527
287	low_pain	8.072328e-06	0.99997807	1.3888089e-05
288	no_pain	0.9123578	0.08697934	0.0006628283
289	no_pain	0.93521225	0.064200975	0.0005867273
290	no_pain	0.7634664	0.23544945	0.001084149
291	low_pain	2.8578854e-06	0.9999817	1.5462054e-05
292	no_pain	0.8216457	0.17459987	0.0037544526
293	no_pain	0.8792596	0.119923174	0.0008172639
294	low_pain	1.9149584e-05	0.99985266	0.00012820569
295	no_pain	0.8793906	0.11985177	0.00075763994
296	no_pain	0.88294154	0.11334847	0.0037099961
297	no_pain	0.8173772	0.18171741	0.0009052966
298	no_pain	0.9106755	0.0884583	0.00086618226
299	no_pain	0.88597435	0.103931	0.010094647
300	high_pain	0.003161742	0.3840269	0.6128114
301	no_pain	0.8907816	0.10838242	0.0008359795
302	low_pain	3.9427505e-06	0.99996555	3.0531042e-05
303	no_pain	0.90737104	0.09185187	0.00077705894
304	no_pain	0.76655394	0.23270003	0.0007460419
305	no_pain	0.87272865	0.12575331	0.001518068
306	no_pain	0.82487726	0.17388956	0.0012331746
307	no_pain	0.7288551	0.27058253	0.00056240574
308	low_pain	0.004154721	0.95315695	0.042688303
309	no_pain	0.8972436	0.10215722	0.0005991366
310	no_pain	0.82529134	0.17399184	0.0007167303
311	no_pain	0.8066471	0.19278322	0.0005696557
312	no_pain	0.8738847	0.119887374	0.006227938
313	no_pain	0.93628377	0.06112095	0.0025952493
314	no_pain	0.91476244	0.084602095	0.0006354832
315	no_pain	0.86866176	0.12967564	0.0016626058
316	no_pain	0.9351708	0.06308284	0.0017462588
317	no_pain	0.74936306	0.24953988	0.0010970272
318	no_pain	0.94811684	0.051292855	0.00059033034
319	high_pain	0.011194863	0.001751304	0.9870538
320	no_pain	0.92079884	0.07651138	0.00268973
321	low_pain	4.4585126e-05	0.9997632	0.00019215573
322	low_pain	2.2682711e-06	0.99998367	1.4103054e-05
323	no_pain	0.87944764	0.118891776	0.0016605604
324	no_pain	0.84454805	0.15473418	0.0007177666
325	low_pain	4.429153e-05	0.9997043	0.0002514333
326	no_pain	0.7293294	0.04022643	0.23044416
327	no_pain	0.8804449	0.11869483	0.0008602866
328	no_pain	0.9637093	0.035794865	0.0004958737
329	no_pain	0.84411824	0.15477729	0.0011044388
330	low_pain	0.0030615386	0.81045586	0.1864826
331	no_pain	0.87223095	0.12573169	0.002037378
332	no_pain	0.8747244	0.12422098	0.0010546475
333	no_pain	0.849782	0.14929798	0.0009200754
334	no_pain	0.87334365	0.08262522	0.04403111
335	no_pain	0.84964186	0.14968361	0.00067452685
336	no_pain	0.88372076	0.1125534	0.0037258544
337	no_pain	0.91579646	0.08321484	0.0009886684
338	no_pain	0.86333996	0.13203147	0.0046285056
339	no_pain	0.8978425	0.10160034	0.00055713445
340	low_pain	9.488395e-06	0.9998628	0.00012769298
341	no_pain	0.8591135	0.14046553	0.0004209949
342	no_pain	0.7964241	0.19475341	0.008822476
343	no_pain	0.9489621	0.050502237	0.0005357095
344	no_pain	0.7666312	0.2326354	0.0007334376
345	no_pain	0.8506138	0.14728005	0.0021061732
346	low_pain	0.4195516	0.5789446	0.0015037346
347	no_pain	0.9161139	0.08291952	0.000966582
348	no_pain	0.8538205	0.14341761	0.0027618934
349	no_pain	0.8707026	0.1287537	0.00054369
350	no_pain	0.8962553	0.09711744	0.0066272393
351	no_pain	0.78594464	0.2127298	0.0013254948
352	low_pain	2.7720048e-06	0.99998283	1.4377339e-05
353	no_pain	0.72871786	0.27067944	0.00060268154
354	no_pain	0.66478336	0.33477527	0.00044138756
355	no_pain	0.79767245	0.20022406	0.0021034253
356	no_pain	0.843101	0.15615724	0.00074170437
357	no_pain	0.7151416	0.28436548	0.0004929074
358	no_pain	0.9066995	0.09160469	0.0016958825
359	no_pain	0.83064014	0.16699474	0.002365155
360	no_pain	0.8387763	0.16061816	0.0006055127
361	no_pain	0.862532	0.13518968	0.0022782634
362	no_pain	0.86758333	0.12709436	0.0053222734
363	no_pain	0.8542196	0.14510655	0.0006737591
364	no_pain	0.8844243	0.112134255	0.0034414253
365	no_pain	0.89365405	0.10269741	0.0036485163
366	no_pain	0.90108746	0.09737518	0.0015372906
367	no_pain	0.86585224	0.13357913	0.00056862197
368	no_pain	0.85206014	0.1473649	0.0005749903
369	no_pain	0.8084914	0.19042528	0.0010832974
370	no_pain	0.70705545	0.29250172	0.00044285244
371	low_pain	0.00046400685	0.97715473	0.022381248
372	low_pain	3.4346522e-06	0.9999701	2.6466976e-05
373	low_pain	0.28898057	0.71079314	0.00022627562
374	no_pain	0.86525875	0.13414802	0.00059321424
375	low_pain	3.772566e-06	0.99995744	3.880553e-05
376	no_pain	0.8444309	0.148029	0.0075400933
377	no_pain	0.85528845	0.14182751	0.0028840448
378	no_pain	0.91084856	0.088148944	0.0010024963
379	low_pain	0.00012362623	0.9904318	0.009444542
380	no_pain	0.7514159	0.24808216	0.0005018994
381	low_pain	2.1817828e-05	0.9999286	4.9535567e-05
382	no_pain	0.8465911	0.15260346	0.0008053611
383	no_pain	0.85253847	0.14601684	0.0014447477
384	no_pain	0.8868953	0.10982656	0.003278135
385	no_pain	0.89080733	0.10079634	0.008396342
386	no_pain	0.6829433	0.12639451	0.19066222
387	no_pain	0.96119016	0.038307346	0.0005025236
388	no_pain	0.820164	0.1761938	0.0036422426
389	no_pain	0.89434606	0.1045023	0.0011516616
390	no_pain	0.85386664	0.1428549	0.0032784657
391	no_pain	0.69810253	0.30145285	0.00044463115
392	low_pain	1.0360309e-05	0.9999493	4.0361927e-05
393	no_pain	0.8972155	0.09910297	0.0036815435
394	no_pain	0.86025757	0.1390456	0.00069683656
395	no_pain	0.85090095	0.14702621	0.0020728733
396	no_pain	0.8776075	0.12181548	0.0005769766
397	no_pain	0.9052681	0.09183381	0.0028981187
398	high_pain	0.34339622	0.19168247	0.4649213
399	low_pain	4.0390507e-05	0.99938637	0.000573279
400	low_pain	0.00013443377	0.99949753	0.00036800612
401	low_pain	2.2624676e-05	0.9998188	0.00015860653
402	no_pain	0.8515371	0.14608122	0.0023816957
403	no_pain	0.8926612	0.086222924	0.021115836
404	no_pain	0.7959565	0.2030913	0.0009522411
405	no_pain	0.87386525	0.1197331	0.0064016604
406	no_pain	0.9206719	0.078357466	0.0009706923
407	low_pain	0.0039457204	0.99451894	0.0015352729
408	no_pain	0.8857227	0.11355365	0.0007236193
409	no_pain	0.9322777	0.067163244	0.0005590954
410	no_pain	0.8589636	0.13805845	0.0029779242
411	no_pain	0.8971654	0.099907294	0.0029272975
412	no_pain	0.852139	0.14721881	0.0006421382
413	low_pain	2.0642798e-05	0.9999033	7.601349e-05
414	low_pain	9.980458e-06	0.99992836	6.1691055e-05
415	high_pain	0.11198763	0.004554	0.88345844
416	low_pain	4.206205e-06	0.9999704	2.5443826e-05
417	no_pain	0.9031511	0.09631818	0.0005307005
418	low_pain	3.6855058e-06	0.99995744	3.8878796e-05
419	no_pain	0.86657536	0.12942204	0.004002559
420	no_pain	0.86389005	0.084575124	0.05153483
421	high_pain	0.012038263	0.0024991517	0.9854626
422	no_pain	0.6868531	0.31188732	0.0012595312
423	no_pain	0.87181854	0.12737963	0.00080188265
424	no_pain	0.8878926	0.11148865	0.0006187464
425	no_pain	0.7404508	0.25653687	0.0030123456
426	low_pain	1.1175523e-05	0.9998828	0.000105974395
427	high_pain	0.03839529	0.026256721	0.935348
428	high_pain	0.26423347	0.013996146	0.72177035
429	no_pain	0.91144353	0.08335369	0.0052027865
430	no_pain	0.8587963	0.1384435	0.0027601945
431	no_pain	0.83881825	0.15990801	0.0012737032
432	no_pain	0.8912988	0.10434401	0.004357171
433	no_pain	0.8835883	0.10564832	0.0107634
434	no_pain	0.8829959	0.112097375	0.0049067875
435	no_pain	0.710415	0.28913647	0.00044844492
436	no_pain	0.897079	0.09056697	0.0123540675
437	no_pain	0.88443416	0.092092045	0.023473829
438	no_pain	0.8746859	0.12474269	0.0005714114
439	no_pain	0.8878919	0.1110997	0.0010083781
440	no_pain	0.85852164	0.14053558	0.0009427519
441	no_pain	0.88268375	0.11673932	0.000576914
442	no_pain	0.85509956	0.14396206	0.0009384085
443	no_pain	0.8754479	0.12399858	0.00055343576
444	no_pain	0.87876457	0.120418765	0.0008167165
445	no_pain	0.885228	0.11353884	0.0012332028
446	no_pain	0.8916219	0.10653792	0.0018402634
447	no_pain	0.89002556	0.10847585	0.0014985473
448	no_pain	0.8535885	0.1440409	0.002370629
449	no_pain	0.89118665	0.10308142	0.0057319095
450	low_pain	0.0024196405	0.85445607	0.14312427
451	no_pain	0.9019721	0.09445788	0.0035699978
452	no_pain	0.8802352	0.1082479	0.011516916
453	no_pain	0.89388597	0.10212378	0.0039902604
454	high_pain	0.0058490164	0.0027816407	0.9913693
455	no_pain	0.89561194	0.10179307	0.0025949678
456	no_pain	0.93044513	0.06901069	0.00054421974
457	no_pain	0.90428245	0.09258681	0.0031307642
458	no_pain	0.9126416	0.086544774	0.0008136034
459	no_pain	0.8053736	0.19385178	0.00077463675
460	no_pain	0.8899955	0.08996297	0.020041516
461	no_pain	0.8905484	0.10813477	0.0013168157
462	high_pain	0.0018679927	0.4283981	0.5697339
463	high_pain	0.42968327	0.0541833	0.5161334
464	no_pain	0.94920397	0.048960455	0.0018355849
465	high_pain	0.005586196	0.002838112	0.9915757
466	no_pain	0.8599057	0.1371156	0.0029786748
467	no_pain	0.89974964	0.09970149	0.0005489028
468	no_pain	0.9166814	0.08258052	0.0007380811
469	no_pain	0.8234958	0.17545703	0.0010471604
470	no_pain	0.8716078	0.12733722	0.001055027
471	no_pain	0.8651733	0.07839126	0.056435484
472	no_pain	0.91829103	0.08065404	0.0010548987
473	no_pain	0.8670052	0.10912462	0.023870189
474	no_pain	0.9044644	0.091454245	0.00408135
475	low_pain	0.0010119131	0.9879641	0.011023994
476	low_pain	0.4186516	0.57924765	0.0021006663
477	no_pain	0.8164121	0.18258195	0.0010059593
478	high_pain	0.008817453	0.15988792	0.8312946
479	no_pain	0.6073781	0.15545729	0.23716453
480	no_pain	0.8548418	0.14437214	0.00078600954
481	no_pain	0.8967852	0.102567494	0.000647266
482	no_pain	0.81217945	0.1868548	0.0009657439
483	low_pain	0.0066807703	0.71606296	0.27725625
484	no_pain	0.89874345	0.10063032	0.00062624476
485	no_pain	0.8974472	0.09952789	0.003024904
486	no_pain	0.869844	0.12959722	0.00055876345
487	no_pain	0.87630785	0.11702691	0.006665298
488	no_pain	0.8500848	0.14572409	0.004191079
489	low_pain	0.00013878511	0.99978876	7.242548e-05
490	low_pain	8.6892815e-06	0.9998637	0.00012761635
491	no_pain	0.64466226	0.35492325	0.00041445202
492	high_pain	0.025357926	0.11315341	0.8614887
493	no_pain	0.7339875	0.25760818	0.008404248
494	no_pain	0.55749685	0.44176006	0.0007430787
495	no_pain	0.8609981	0.1370304	0.0019715335
496	no_pain	0.8779947	0.11912595	0.0028793726
497	no_pain	0.8884295	0.10699973	0.0045707715
498	no_pain	0.9124225	0.08703889	0.00053868006
499	no_pain	0.8889078	0.09415393	0.016938327
500	no_pain	0.8186954	0.18020353	0.0011011041
501	no_pain	0.8675007	0.12860094	0.003898334
502	no_pain	0.88150483	0.11768685	0.0008083875
503	no_pain	0.85166353	0.14745536	0.00088110537
504	no_pain	0.68836844	0.31120294	0.00042857058
505	no_pain	0.87996024	0.11910118	0.00093849754
506	no_pain	0.9836068	0.015980247	0.0004129389
507	no_pain	0.86715883	0.13021865	0.0026225313
508	low_pain	0.004400392	0.74204886	0.2535507
509	no_pain	0.86906964	0.13047047	0.00045991276
510	low_pain	0.003947339	0.88240415	0.11364853
511	no_pain	0.75154835	0.24749696	0.0009546852
512	no_pain	0.8733797	0.12602706	0.0005932316
513	no_pain	0.90490776	0.09242101	0.0026712175
514	no_pain	0.8800649	0.11857821	0.0013569024
515	no_pain	0.89554024	0.08113795	0.023321833
516	low_pain	0.33889788	0.65951484	0.0015873082
517	no_pain	0.94773966	0.05156904	0.00069128117
518	no_pain	0.9085066	0.08804894	0.0034444497
519	no_pain	0.83207476	0.16720419	0.00072101195
520	no_pain	0.90847385	0.088996634	0.0025295543
521	no_pain	0.78139144	0.21641056	0.002198007
522	no_pain	0.6150311	0.38415787	0.0008110223
523	no_pain	0.87760925	0.11000498	0.012385809
524	no_pain	0.92176145	0.07553608	0.0027024436
525	no_pain	0.87011963	0.12709518	0.0027851688
526	no_pain	0.7915724	0.20677342	0.0016542886
527	no_pain	0.8626763	0.13612597	0.0011976707
528	no_pain	0.8630837	0.13581224	0.0011040602
529	low_pain	1.3950784e-05	0.9998336	0.00015248467
530	no_pain	0.911163	0.08820162	0.00063539733
531	low_pain	0.052610368	0.92713434	0.020255312
532	high_pain	0.014970394	0.1470765	0.83795315
533	no_pain	0.8487738	0.09592459	0.055301644
534	high_pain	0.0067402227	0.36936957	0.6238902
535	no_pain	0.85682064	0.13981818	0.0033611406
536	low_pain	0.00010498279	0.9930827	0.0068123033
537	no_pain	0.8927936	0.103747144	0.0034593071
538	no_pain	0.8774722	0.122021504	0.00050627725
539	no_pain	0.7285694	0.27028885	0.0011418471
540	low_pain	7.349955e-06	0.9998717	0.000120992816
541	no_pain	0.69629943	0.30325294	0.00044766307
542	no_pain	0.91079533	0.08869602	0.0005085821
543	no_pain	0.88675964	0.109064944	0.0041754283
544	low_pain	1.3068448e-05	0.9998479	0.00013906686
545	no_pain	0.8748854	0.10163335	0.023481334
546	no_pain	0.84342194	0.1479346	0.008643455
547	low_pain	0.2550018	0.7165793	0.028418845
548	no_pain	0.8157388	0.18030953	0.0039516343
549	low_pain	0.0044232504	0.7267112	0.26886553
550	low_pain	0.00019007381	0.98296446	0.016845452
551	no_pain	0.91836643	0.08060599	0.0010275525
552	no_pain	0.8530947	0.14569114	0.0012141682
553	no_pain	0.8513772	0.14491059	0.0037122194
554	no_pain	0.7110759	0.288452	0.00047203296
555	no_pain	0.8976434	0.09868013	0.0036764727
556	no_pain	0.8842445	0.11243536	0.0033201505
557	no_pain	0.91195667	0.086863235	0.0011800969
558	low_pain	3.5835187e-06	0.9999729	2.3567558e-05
559	no_pain	0.8473988	0.15185417	0.00074697897
560	low_pain	1.3098039e-05	0.99986655	0.00012034003
561	no_pain	0.8426877	0.15443276	0.0028795085
562	high_pain	0.12558052	0.082700506	0.791719
563	no_pain	0.8824577	0.11378761	0.0037547208
564	no_pain	0.8697794	0.12969342	0.00052721327
565	low_pain	3.3495828e-06	0.9999722	2.4409657e-05
566	no_pain	0.9091639	0.089729406	0.0011066586
567	no_pain	0.8716558	0.12749642	0.00084777974
568	no_pain	0.976594	0.022966819	0.00043920503
569	no_pain	0.90198946	0.05653581	0.041474696
570	low_pain	0.032328825	0.91797256	0.049698643
571	no_pain	0.88818264	0.110973716	0.0008436514
572	no_pain	0.7379422	0.26152852	0.0005292013
573	no_pain	0.9081854	0.08918463	0.0026299863
574	no_pain	0.8841476	0.11238376	0.0034686667
575	no_pain	0.87650645	0.122646555	0.0008469635
576	no_pain	0.9088494	0.0904672	0.000683423
577	low_pain	0.0029160273	0.8085556	0.18852839
578	no_pain	0.66194576	0.3376109	0.0004433812
579	no_pain	0.8994172	0.09914224	0.0014406039
580	low_pain	7.346632e-05	0.99974984	0.00017668422
581	no_pain	0.7409094	0.25859553	0.0004950725
582	high_pain	0.013811069	0.0030499245	0.983139
583	no_pain	0.8851854	0.11353301	0.0012815592
584	low_pain	0.0011974878	0.9837232	0.0150793055
585	no_pain	0.8690243	0.12920521	0.0017705028
586	no_pain	0.8845827	0.11062368	0.0047936183
587	no_pain	0.9950674	0.004447448	0.00048513716
588	no_pain	0.9182855	0.08074482	0.00096964225
589	no_pain	0.84823567	0.15000455	0.0017597651
590	no_pain	0.767522	0.23169279	0.0007852369
591	no_pain	0.8776147	0.12142922	0.0009560638
592	no_pain	0.72722757	0.27226052	0.0005119076
593	no_pain	0.7576337	0.2417517	0.000614604
594	no_pain	0.8758731	0.11892641	0.0052004782
595	no_pain	0.8781949	0.12104487	0.00076024036
596	no_pain	0.97761184	0.021919841	0.0004683255
597	low_pain	0.005235887	0.7773398	0.2174243
598	no_pain	0.8644512	0.13449362	0.001055211
599	no_pain	0.96102417	0.03846904	0.0005068225
600	no_pain	0.8216582	0.17764756	0.0006941565
601	no_pain	0.8708063	0.12838359	0.0008101302
602	no_pain	0.98499215	0.014616436	0.0003914217
603	no_pain	0.94258946	0.056816757	0.0005938394
604	no_pain	0.8940088	0.10155159	0.0044395444
605	high_pain	0.23736787	0.0054199286	0.75721216
606	no_pain	0.73028284	0.26923555	0.00048160733
607	no_pain	0.8702981	0.12875928	0.0009425968
608	no_pain	0.905433	0.09391589	0.0006511602
609	no_pain	0.871831	0.12761916	0.00054983527
610	no_pain	0.98502034	0.014621903	0.00035770467
611	no_pain	0.9660996	0.0332825	0.00061787124
612	low_pain	3.6991462e-06	0.99997514	2.1146561e-05
613	high_pain	0.00980755	0.0021384354	0.988054
614	no_pain	0.80486053	0.1944431	0.00069640984
615	no_pain	0.86660784	0.12806007	0.0053320862
616	high_pain	0.011666127	0.0028781134	0.9854558
617	no_pain	0.90028536	0.0669932	0.032721456
618	no_pain	0.7945507	0.20481808	0.00063119456
619	no_pain	0.85404587	0.14508851	0.00086564745
620	no_pain	0.84619313	0.1531314	0.0006754881
621	no_pain	0.9514198	0.04784655	0.0007336755
622	no_pain	0.731352	0.2676434	0.0010046291
623	no_pain	0.89778423	0.09885598	0.0033598281
624	no_pain	0.8097126	0.18785779	0.0024295629
625	no_pain	0.85120016	0.1481196	0.0006802381
626	no_pain	0.83150923	0.16796806	0.0005226712
627	no_pain	0.8862291	0.10963384	0.004137128
628	no_pain	0.891201	0.10518772	0.0036112464
629	no_pain	0.84113634	0.15617542	0.0026882922
630	no_pain	0.80587816	0.19337793	0.00074395083
631	no_pain	0.8574433	0.14103751	0.0015192734
632	high_pain	0.027769448	0.0041415794	0.968089
633	no_pain	0.8419942	0.15673627	0.0012694829
634	no_pain	0.8776993	0.10981421	0.012486464
635	no_pain	0.8646899	0.13456593	0.00074421446
636	no_pain	0.9796178	0.019969534	0.0004126573
637	low_pain	3.8072915e-06	0.9999839	1.2267145e-05
638	no_pain	0.7989212	0.19986641	0.0012123575
639	low_pain	4.2920933e-06	0.99995	4.5718385e-05
640	no_pain	0.8906571	0.10786674	0.0014760724
641	high_pain	0.06955882	0.09965382	0.83078736
642	low_pain	9.212604e-06	0.9998878	0.0001029708
643	no_pain	0.8303408	0.16469155	0.0049676434
644	no_pain	0.9130637	0.085987575	0.0009486993
645	no_pain	0.9133566	0.085914955	0.0007284453
646	no_pain	0.8819825	0.107027054	0.010990399
647	low_pain	1.2709331e-05	0.9998883	9.8989876e-05
648	no_pain	0.8629386	0.13645382	0.0006076096
649	no_pain	0.82616997	0.17051439	0.0033156276
650	no_pain	0.70052165	0.2987776	0.00070074253
651	no_pain	0.8579536	0.13487141	0.0071749263
652	no_pain	0.8815883	0.11407397	0.004337733
653	no_pain	0.77771443	0.21984883	0.002436728
654	no_pain	0.6813692	0.31819925	0.00043156595
655	no_pain	0.8746182	0.123771474	0.0016103673
656	no_pain	0.8821745	0.11722835	0.0005971249
657	no_pain	0.8899536	0.101147115	0.008899273
658	low_pain	2.9840852e-05	0.99984115	0.00012904426
659	high_pain	0.0069441767	0.30188516	0.6911707
660	no_pain	0.73044175	0.26905647	0.000501775
661	high_pain	0.009738488	0.011624889	0.9786366
662	no_pain	0.87016207	0.12923779	0.0006001125
663	no_pain	0.8617667	0.1375555	0.0006777993
664	no_pain	0.8676783	0.13136376	0.0009579644
665	no_pain	0.5603353	0.43864557	0.001019128
666	no_pain	0.8654389	0.13397257	0.0005885112
667	no_pain	0.8630353	0.13542591	0.0015387039
668	no_pain	0.91810846	0.079664096	0.0022274177
669	no_pain	0.8544208	0.14435406	0.0012251561
670	no_pain	0.87526494	0.12393105	0.00080402585
671	no_pain	0.8308694	0.16826022	0.00087042525
672	no_pain	0.83524835	0.16386509	0.000886548
673	no_pain	0.70891947	0.14051446	0.15056606
674	no_pain	0.8822134	0.11720646	0.0005801334
675	no_pain	0.8864394	0.112811066	0.00074955483
676	low_pain	1.3802373e-05	0.9997753	0.00021091582
677	no_pain	0.65296227	0.34629267	0.0007450966
678	high_pain	0.01092588	0.003838416	0.9852357
679	no_pain	0.84408075	0.15478075	0.0011385086
680	no_pain	0.8791632	0.12030152	0.0005352974
681	no_pain	0.861681	0.1375297	0.0007892732
682	no_pain	0.92838305	0.069345035	0.002271898
683	no_pain	0.8813419	0.082589485	0.036068648
684	no_pain	0.9674715	0.031999215	0.00052931963
685	high_pain	0.40468165	0.09953944	0.4957789
686	high_pain	0.010517245	0.0012980702	0.98818463
687	high_pain	0.020896295	0.0031486612	0.97595507
688	no_pain	0.90529794	0.0939881	0.00071398175
689	no_pain	0.8304313	0.16893165	0.0006370394
690	no_pain	0.9248771	0.07438405	0.00073883944
691	low_pain	3.907386e-06	0.9999756	2.0455473e-05
692	no_pain	0.8713884	0.12773876	0.0008728108
693	no_pain	0.9439246	0.055543788	0.0005316223
694	no_pain	0.8481334	0.15099595	0.000870677
695	high_pain	0.09974349	0.030499628	0.8697569
696	no_pain	0.84717077	0.15170717	0.0011220609
697	no_pain	0.7209353	0.27770084	0.0013638558
698	low_pain	7.643458e-05	0.99980825	0.000115303475
699	no_pain	0.7958007	0.203359	0.00084029196
700	no_pain	0.88151276	0.11790669	0.0005805214
701	no_pain	0.6451749	0.35441762	0.00040745502
702	no_pain	0.8940117	0.10243183	0.0035564213
703	no_pain	0.85383713	0.14509086	0.0010719941
704	no_pain	0.86327183	0.13617504	0.00055312057
705	no_pain	0.8712304	0.128036	0.0007335712
706	no_pain	0.90849686	0.090650536	0.0008525984
707	no_pain	0.85753685	0.13521655	0.0072466047
708	low_pain	0.36404338	0.63138896	0.0045676795
709	no_pain	0.87748957	0.11874571	0.0037647262
710	no_pain	0.86284083	0.1366946	0.00046458072
711	no_pain	0.8848997	0.114343025	0.0007572951
712	no_pain	0.8803652	0.11883439	0.000800434
713	no_pain	0.8864812	0.109779365	0.0037394327
714	low_pain	7.3515243e-06	0.99994606	4.662428e-05
715	no_pain	0.9355954	0.06383189	0.0005727601
716	no_pain	0.969329	0.030082177	0.0005887825
717	low_pain	3.5955974e-05	0.9998231	0.00014095649
718	low_pain	0.04030897	0.9584364	0.001254574
719	no_pain	0.8528954	0.1462958	0.0008088337
720	no_pain	0.89577484	0.09418224	0.010042921
721	low_pain	0.00013194655	0.9982944	0.0015736439
722	high_pain	0.009508601	0.435158	0.5553334
723	no_pain	0.7953907	0.2038757	0.0007335306
724	no_pain	0.84824497	0.14887153	0.0028834888
725	high_pain	0.012824081	0.008626285	0.9785496
726	no_pain	0.7199243	0.27480868	0.005267053
727	no_pain	0.8027797	0.19606201	0.0011582782
728	no_pain	0.89563215	0.103533454	0.0008344186
729	no_pain	0.8009299	0.19755314	0.001516958
730	no_pain	0.8553759	0.1422778	0.0023462826
731	low_pain	2.2671387e-05	0.9996515	0.00032582032
732	low_pain	0.008818256	0.79216784	0.1990139
733	no_pain	0.8645968	0.13478665	0.0006165606
734	no_pain	0.89063346	0.10814284	0.0012236898
735	no_pain	0.853341	0.14600173	0.00065729616
736	no_pain	0.88597536	0.10924035	0.0047842474
737	no_pain	0.89779794	0.098389186	0.003812929
738	no_pain	0.90955675	0.08947204	0.00097127195
739	no_pain	0.93364936	0.06577452	0.00057609164
740	no_pain	0.8654975	0.1334917	0.0010108125
741	no_pain	0.7711256	0.22782676	0.0010476557
742	low_pain	0.0001307889	0.99951965	0.00034954486
743	no_pain	0.8507093	0.1474159	0.0018748099
744	no_pain	0.89296293	0.10606052	0.0009765442
745	no_pain	0.908575	0.09089448	0.00053053384
746	no_pain	0.645254	0.2055957	0.14915027
747	no_pain	0.94675744	0.052684806	0.0005577785
748	low_pain	0.00096327614	0.9986791	0.00035763075
749	low_pain	8.572902e-06	0.99987996	0.000111457644
750	no_pain	0.8148697	0.17829636	0.006834038
751	no_pain	0.93363667	0.06579826	0.00056505215
752	no_pain	0.88971484	0.10701861	0.0032665182
753	no_pain	0.85771084	0.13915507	0.0031340441
754	high_pain	0.3291565	0.23847735	0.43236616
755	no_pain	0.88455	0.11480348	0.000646571
756	high_pain	0.16081074	0.10620471	0.73298454
757	high_pain	0.010723144	0.0074695656	0.9818073
758	low_pain	9.901801e-06	0.9998576	0.00013251627
759	low_pain	0.004903862	0.99442494	0.00067116227
760	no_pain	0.80700475	0.1918142	0.0011810286
761	no_pain	0.8986312	0.09991723	0.0014515875
762	no_pain	0.9722677	0.027081197	0.0006511367
763	no_pain	0.6045642	0.39467534	0.00076046877
764	low_pain	0.0004407291	0.99926674	0.00029247178
765	no_pain	0.8369366	0.16233869	0.00072471687
766	no_pain	0.86607414	0.13323931	0.00068654685
767	no_pain	0.8574435	0.13970111	0.00285532
768	low_pain	2.7287747e-06	0.99998033	1.693769e-05
769	no_pain	0.87702113	0.1204117	0.0025671965
770	no_pain	0.96782863	0.031663768	0.0005076044
771	no_pain	0.8398818	0.15939951	0.0007187209
772	no_pain	0.7536923	0.24576452	0.0005431121
773	no_pain	0.8845235	0.10991146	0.005564992
774	no_pain	0.91102463	0.08786269	0.0011126437
775	high_pain	0.012934066	0.0019407776	0.9851251
776	no_pain	0.74688095	0.25171307	0.0014059888
777	no_pain	0.90363246	0.093708195	0.0026593953
778	no_pain	0.8830668	0.1163724	0.00056084286
779	low_pain	2.9348814e-05	0.9994879	0.0004827525
780	no_pain	0.8956089	0.10236315	0.002027932
781	no_pain	0.8584533	0.13954909	0.0019975847
782	no_pain	0.8502301	0.14323176	0.006538166
783	no_pain	0.6826151	0.31694317	0.00044178966
784	no_pain	0.8660021	0.13215044	0.001847495
785	no_pain	0.87002385	0.12943293	0.0005431687
786	low_pain	0.0027770076	0.74223626	0.2549867
787	no_pain	0.87647873	0.12186175	0.0016595165
788	high_pain	0.25150853	0.104777135	0.64371437
789	no_pain	0.8959593	0.10067056	0.0033701635
790	no_pain	0.7458252	0.25349173	0.0006830945
791	low_pain	0.0073552737	0.99241596	0.00022877469
792	no_pain	0.8753042	0.12126382	0.0034319237
793	no_pain	0.9715721	0.027977945	0.00044993917
794	no_pain	0.8815938	0.1153993	0.0030068618
795	low_pain	0.060649406	0.9223299	0.017020665
796	low_pain	9.0659605e-06	0.9998779	0.00011300787
797	no_pain	0.88958913	0.10678963	0.003621282
798	no_pain	0.77332246	0.22589993	0.0007776267
799	no_pain	0.9286481	0.070777506	0.00057434605
800	no_pain	0.8323963	0.16699068	0.0006129722
801	no_pain	0.8482872	0.15097104	0.0007417608
802	no_pain	0.8742115	0.12524909	0.0005393647
803	no_pain	0.85339344	0.1445503	0.0020563016
804	no_pain	0.90132487	0.097888626	0.0007864741
805	no_pain	0.8909451	0.10586942	0.003185442
806	no_pain	0.6086679	0.37969086	0.011641206
807	no_pain	0.8381314	0.15801106	0.0038574883
808	no_pain	0.725031	0.27454138	0.00042757
809	no_pain	0.8094453	0.18933274	0.0012219326
810	low_pain	2.7753802e-05	0.9997655	0.00020670565
811	high_pain	0.0077269305	0.1078376	0.8844355
812	no_pain	0.89511776	0.10368818	0.0011940924
813	no_pain	0.82769597	0.17177811	0.00052591326
814	low_pain	4.3128425e-06	0.9999488	4.6913312e-05
815	no_pain	0.9027115	0.09637781	0.0009106315
816	no_pain	0.8649	0.13448739	0.0006126484
817	no_pain	0.8569031	0.14046401	0.002632891
818	no_pain	0.87076044	0.12754373	0.0016957803
819	no_pain	0.6817898	0.317777	0.00043313703
820	no_pain	0.85640097	0.14292608	0.0006729591
821	no_pain	0.8815409	0.11657851	0.0018805537
822	no_pain	0.892875	0.1033473	0.0037777112
823	no_pain	0.8799428	0.11924427	0.0008129712
824	no_pain	0.67503774	0.32434946	0.0006128283
825	high_pain	0.099407084	0.14883772	0.7517552
826	no_pain	0.8891776	0.10844972	0.0023727154
827	no_pain	0.92000675	0.077336	0.0026572256
828	no_pain	0.881405	0.11774709	0.00084793114
829	low_pain	4.9606642e-05	0.9997021	0.00024830102
830	no_pain	0.8080368	0.19130787	0.00065529987
831	no_pain	0.8908645	0.086618654	0.022516862
832	no_pain	0.9324237	0.06440063	0.0031756274
833	no_pain	0.7071927	0.2923403	0.00046696162
834	no_pain	0.9091529	0.08942386	0.0014232295
835	no_pain	0.875813	0.12323308	0.0009538873
836	no_pain	0.59745437	0.21889555	0.1836501
837	no_pain	0.9009367	0.09804022	0.0010230168
838	no_pain	0.96898425	0.0304835	0.0005322116
839	no_pain	0.86179066	0.13726509	0.00094427477
840	no_pain	0.8950615	0.09072226	0.014216256
841	no_pain	0.9043626	0.06815267	0.027484715
842	no_pain	0.8426365	0.15586175	0.0015016777
843	high_pain	0.073979735	0.018778523	0.90724176
844	no_pain	0.8964916	0.102847695	0.0006607492
845	no_pain	0.7884144	0.21064904	0.0009365335
846	no_pain	0.8451894	0.15367971	0.0011309505
847	no_pain	0.8901599	0.10928521	0.0005548776
848	no_pain	0.89901894	0.1000999	0.0008811592
849	no_pain	0.8737775	0.12447777	0.001744724
850	no_pain	0.8244929	0.1688555	0.006651616
851	no_pain	0.8362587	0.16312782	0.0006134523
852	high_pain	0.006358665	0.002177623	0.9914637
853	no_pain	0.9185533	0.079837136	0.001609611
854	no_pain	0.83107084	0.168011	0.0009181956
855	no_pain	0.9021532	0.093102805	0.004743972
856	no_pain	0.9835844	0.01600171	0.0004138952
857	low_pain	0.00015481489	0.99645764	0.003387532
858	low_pain	0.00010521233	0.99767464	0.0022201512
859	no_pain	0.90582335	0.09342839	0.0007482165
860	low_pain	0.00051678915	0.99887526	0.0006079113
861	no_pain	0.7660017	0.11596711	0.11803116
862	no_pain	0.50586194	0.48263952	0.011498538
863	no_pain	0.7364017	0.26302114	0.0005771862
864	no_pain	0.9186572	0.08044492	0.00089791615
865	no_pain	0.8579879	0.13770701	0.004305142
866	no_pain	0.88650036	0.09103755	0.022462089
867	no_pain	0.6722948	0.32721955	0.00048557683
868	low_pain	7.736258e-06	0.99994946	4.2814125e-05
869	low_pain	6.580841e-06	0.9999808	1.26601135e-05
870	low_pain	9.933599e-05	0.99851096	0.0013896698
871	no_pain	0.894235	0.08698193	0.018783046
872	no_pain	0.98349655	0.016093353	0.00041009983
873	no_pain	0.9673317	0.032139756	0.00052859244
874	low_pain	0.12020146	0.8771877	0.0026107994
875	no_pain	0.6829954	0.072140634	0.24486402
876	no_pain	0.82132	0.17800193	0.0006780616
877	no_pain	0.91699636	0.082330965	0.0006727289
878	no_pain	0.8397774	0.15951128	0.0007113105
879	low_pain	0.00055797637	0.9594187	0.040023346
880	no_pain	0.88734514	0.100922965	0.011731924
881	no_pain	0.90888584	0.08883897	0.0022752078
882	no_pain	0.92174834	0.07770963	0.00054196914
883	no_pain	0.8846959	0.11475847	0.00054565346
884	low_pain	4.7218564e-06	0.99996465	3.064801e-05
885	low_pain	9.555374e-06	0.99988806	0.00010235413
886	no_pain	0.82687664	0.17224768	0.000875692
887	no_pain	0.8806762	0.11769668	0.0016271143
888	low_pain	8.343208e-06	0.99993575	5.5916822e-05
889	no_pain	0.84444654	0.15478411	0.00076934526
890	no_pain	0.6930565	0.30575636	0.0011870941
891	low_pain	8.8244915e-06	0.99990267	8.855386e-05
892	no_pain	0.8509354	0.14677599	0.002288636
893	low_pain	0.004492971	0.9950409	0.0004661786
894	high_pain	0.012176081	0.0037988557	0.98402506
895	no_pain	0.8715214	0.12714116	0.0013374187
896	no_pain	0.9148135	0.08421804	0.00096844975
897	no_pain	0.8885197	0.08843692	0.023043433
898	no_pain	0.9264308	0.07267362	0.00089556136
899	no_pain	0.985022	0.014583105	0.00039483982
900	no_pain	0.8581699	0.14018956	0.0016404875
901	no_pain	0.97834283	0.02120409	0.0004531273
902	low_pain	0.0055866283	0.69598913	0.29842424
903	no_pain	0.9823641	0.01722401	0.000411892
904	no_pain	0.83713627	0.16168761	0.0011761048
905	no_pain	0.88733906	0.112136185	0.0005248226
906	no_pain	0.8725076	0.12658902	0.0009034401
907	no_pain	0.86358595	0.13585462	0.0005594374
908	no_pain	0.9151858	0.0836402	0.0011740235
909	no_pain	0.86798614	0.123459466	0.008554387
910	no_pain	0.8630061	0.13299678	0.003997101
911	no_pain	0.9564036	0.043089475	0.0005069204
912	no_pain	0.8491692	0.14867958	0.0021512131
913	no_pain	0.90646744	0.09052684	0.0030057605
914	no_pain	0.6915735	0.30781174	0.00061479455
915	no_pain	0.8830947	0.11222298	0.004682315
916	no_pain	0.8595201	0.13744189	0.0030379912
917	no_pain	0.89707834	0.09946383	0.0034579
918	no_pain	0.9035725	0.09551569	0.0009117624
919	no_pain	0.88715744	0.10538697	0.0074556028
920	no_pain	0.69188446	0.30768397	0.00043160617
921	no_pain	0.90054226	0.098650135	0.0008076502
922	no_pain	0.83888525	0.15982644	0.0012883382
923	low_pain	0.17576458	0.5986524	0.22558297
924	no_pain	0.89604825	0.10136902	0.0025827251
925	no_pain	0.8457521	0.15362848	0.00061945885
926	no_pain	0.9225796	0.07342865	0.00399181
927	high_pain	0.015644442	0.0017338736	0.98262167
928	no_pain	0.74661934	0.25280964	0.00057098083
929	low_pain	3.470387e-05	0.99967784	0.00028742594
930	low_pain	0.0003371306	0.9891401	0.010522728
931	no_pain	0.8715785	0.12760448	0.00081705535
932	no_pain	0.89448404	0.10451408	0.0010019131
933	no_pain	0.81025636	0.18915287	0.0005907263
934	no_pain	0.8280311	0.17089207	0.0010768046
935	high_pain	0.0153073585	0.004538757	0.9801539
936	no_pain	0.96972954	0.029689642	0.0005808323
937	low_pain	9.085632e-05	0.99482614	0.005083053
938	no_pain	0.81652844	0.18287778	0.0005937093
939	no_pain	0.91114026	0.08780694	0.0010528618
940	no_pain	0.8618436	0.13554132	0.0026150271
941	no_pain	0.9596706	0.03983864	0.00049077015
942	no_pain	0.8595494	0.13846688	0.0019836999
943	no_pain	0.64555734	0.34467712	0.009765537
944	no_pain	0.93464816	0.06405405	0.0012977468
945	no_pain	0.9093117	0.089929394	0.00075888995
946	high_pain	0.04660794	0.042273544	0.9111185
947	low_pain	0.1827656	0.5792922	0.2379422
948	no_pain	0.8530756	0.14320001	0.0037243583
949	no_pain	0.89061064	0.08112415	0.028265234
950	no_pain	0.898471	0.09802085	0.0035081052
951	no_pain	0.90888935	0.090179764	0.000930849
952	low_pain	0.10327753	0.89580065	0.00092182175
953	no_pain	0.7796281	0.2197343	0.00063763565
954	no_pain	0.9058141	0.090744756	0.0034411717
955	no_pain	0.8763577	0.12281562	0.0008267198
956	no_pain	0.8859412	0.11178814	0.0022706303
957	no_pain	0.7403335	0.25876093	0.0009056264
958	no_pain	0.8592828	0.13675131	0.0039659156
959	no_pain	0.9602381	0.039088245	0.0006736369
960	no_pain	0.88057375	0.09496678	0.02445952
961	no_pain	0.9650836	0.03430184	0.0006145818
962	no_pain	0.8503509	0.14902441	0.000624627
963	no_pain	0.87956506	0.111751966	0.008683023
964	no_pain	0.8915429	0.10499952	0.0034575518
965	no_pain	0.97339	0.026130885	0.0004791759
966	no_pain	0.7865019	0.21271086	0.00078725984
967	no_pain	0.9203014	0.07910337	0.00059526897
968	no_pain	0.84227043	0.15701494	0.000714628
969	low_pain	0.050138853	0.50072896	0.44913217
970	no_pain	0.8605422	0.13706924	0.002388593
971	no_pain	0.84601194	0.15127972	0.0027084337
972	no_pain	0.7313843	0.2679858	0.0006298903
973	no_pain	0.84976006	0.14970806	0.00053191284
974	no_pain	0.87998915	0.1147777	0.005233176
975	no_pain	0.8945498	0.10480386	0.000646337
976	low_pain	0.0015259655	0.99800205	0.00047197478
977	no_pain	0.9024626	0.09655399	0.0009833697
978	no_pain	0.48728254	0.123940274	0.38877717
979	no_pain	0.89226896	0.10470058	0.0030304987
980	no_pain	0.8566615	0.14270484	0.0006336487
981	no_pain	0.8483655	0.15049846	0.0011359772
982	no_pain	0.8787414	0.11779477	0.0034637915
983	low_pain	2.8454972e-06	0.99997914	1.8044422e-05
984	no_pain	0.88532925	0.11385624	0.0008144946
985	no_pain	0.90213776	0.09683447	0.0010278173
986	low_pain	1.6988015e-05	0.9999212	6.183526e-05
987	no_pain	0.8286892	0.16682898	0.004481835
988	no_pain	0.8721161	0.12687378	0.0010100844
989	no_pain	0.89329356	0.104744986	0.0019614114
990	high_pain	0.03565358	0.15374231	0.8106041
991	low_pain	9.104673e-06	0.99986035	0.00013053427
992	no_pain	0.7943238	0.20465347	0.0010227148
993	no_pain	0.882234	0.10285069	0.014915398
994	no_pain	0.8827707	0.116436616	0.0007926465
995	high_pain	0.02479993	0.056035277	0.9191648
996	no_pain	0.9682932	0.031149222	0.0005576038
997	low_pain	3.252394e-05	0.99969476	0.0002726876
998	no_pain	0.85963744	0.13964504	0.00071749213
999	no_pain	0.87358236	0.12551382	0.0009037976
1000	no_pain	0.8633973	0.13312836	0.003474333
1001	no_pain	0.8118598	0.18721302	0.0009271587
1002	no_pain	0.88098437	0.11675342	0.002262183
1003	high_pain	0.48243493	0.02488872	0.4926764
1004	no_pain	0.96362257	0.035848685	0.00052874925
1005	no_pain	0.8412271	0.15779884	0.00097403367
1006	high_pain	0.01229283	0.001357936	0.9863492
1007	no_pain	0.86340106	0.13168071	0.0049182507
1008	no_pain	0.86039156	0.13900796	0.000600452
1009	no_pain	0.8643963	0.13204375	0.0035599556
1010	no_pain	0.8296016	0.08974182	0.080656596
1011	high_pain	0.0667636	0.12611128	0.80712515
1012	high_pain	0.02466175	0.02300796	0.9523303
1013	no_pain	0.743904	0.2555281	0.0005679767
1014	no_pain	0.74175614	0.25772437	0.00051942887
1015	no_pain	0.8863297	0.10975396	0.003916301
1016	high_pain	0.38105354	0.18286471	0.43608174
1017	no_pain	0.9035949	0.09587689	0.0005282137
1018	no_pain	0.79465353	0.19477013	0.0105763385
1019	no_pain	0.89508146	0.102707095	0.002211466
1020	no_pain	0.8262209	0.17248659	0.0012924571
1021	no_pain	0.8825068	0.11639583	0.0010973914
1022	no_pain	0.9083033	0.091181256	0.00051538117
1023	no_pain	0.8894552	0.10946744	0.0010773266
1024	low_pain	2.8119193e-05	0.9996826	0.00028923387
1025	no_pain	0.8520711	0.14612056	0.001808317
1026	no_pain	0.93145686	0.056384217	0.012158911
1027	no_pain	0.866665	0.1322136	0.0011213236
1028	no_pain	0.86494154	0.12321001	0.011848463
1029	no_pain	0.9802422	0.019352604	0.0004052233
1030	low_pain	8.694624e-06	0.9999196	7.168036e-05
1031	high_pain	0.36470714	0.12077483	0.5145181
1032	no_pain	0.9170254	0.0804555	0.002519146
1033	low_pain	1.1620609e-05	0.9998334	0.00015499261
1034	no_pain	0.8823698	0.10657327	0.011056917
1035	no_pain	0.73839325	0.2609378	0.00066897814
1036	no_pain	0.7360648	0.2633948	0.00054040353
1037	no_pain	0.88096184	0.11275954	0.0062786182
1038	low_pain	0.00028792673	0.9911581	0.008553964
1039	no_pain	0.89448184	0.101874314	0.0036438087
1040	no_pain	0.8817425	0.10203061	0.016226953
1041	no_pain	0.79065996	0.20868073	0.0006593112
1042	no_pain	0.9716758	0.02782105	0.00050314044
1043	no_pain	0.8614354	0.13581191	0.0027526568
1044	no_pain	0.8811346	0.118089795	0.00077557476
1045	no_pain	0.89647335	0.102955535	0.00057117076
1046	no_pain	0.86740065	0.12875284	0.0038465399
1047	no_pain	0.9077549	0.091321535	0.0009235622
1048	no_pain	0.8607632	0.13723652	0.002000284
1049	no_pain	0.8737335	0.12563993	0.00062652724
1050	no_pain	0.8802389	0.0796057	0.040155437
1051	no_pain	0.89226085	0.106835715	0.0009034667
1052	no_pain	0.8838544	0.11433745	0.0018081942
1053	no_pain	0.8642805	0.1349213	0.0007981698
1054	no_pain	0.83025604	0.16912434	0.00061961607
1055	no_pain	0.85910285	0.1360008	0.0048963525
1056	no_pain	0.89441353	0.1045488	0.0010376524
1057	low_pain	2.3745639e-05	0.99982834	0.00014791185
1058	no_pain	0.8559893	0.14338972	0.00062101486
1059	no_pain	0.89623386	0.098941006	0.004825142
1060	no_pain	0.6759095	0.32364744	0.00044302057
1061	low_pain	5.0862614e-06	0.9999557	3.9205606e-05
1062	low_pain	0.00013961784	0.9996217	0.00023873702
1063	no_pain	0.9260744	0.0716845	0.0022411111
1064	no_pain	0.82079655	0.17823745	0.0009660105
1065	low_pain	3.233899e-05	0.99982744	0.00014019954
1066	no_pain	0.97195786	0.027473671	0.00056845404
1067	no_pain	0.82721186	0.17189144	0.00089675403
1068	low_pain	0.008993193	0.72526854	0.26573822
1069	no_pain	0.8595225	0.13857308	0.0019043572
1070	no_pain	0.67123616	0.3283488	0.00041511157
1071	low_pain	0.022230124	0.97690076	0.0008690641
1072	no_pain	0.8829599	0.11648852	0.0005515644
1073	low_pain	0.04852372	0.9500323	0.0014439804
1074	no_pain	0.88019425	0.11895496	0.00085078407
1075	low_pain	2.5976212e-06	0.99998206	1.5298201e-05
1076	no_pain	0.96005404	0.03940137	0.0005445165
1077	low_pain	6.876169e-06	0.9999496	4.3515414e-05
1078	low_pain	0.0033123787	0.8784378	0.11824988
1079	no_pain	0.8611224	0.13811038	0.00076726143
1080	no_pain	0.9769328	0.022659775	0.00040741154
1081	no_pain	0.8902788	0.09720807	0.012513159
1082	no_pain	0.8924228	0.09776213	0.009815044
1083	no_pain	0.7048907	0.29468685	0.00042241128
1084	no_pain	0.8313561	0.16715798	0.0014859221
1085	no_pain	0.91693777	0.0821985	0.0008637258
1086	no_pain	0.7027489	0.29681206	0.00043907002
1087	low_pain	2.1854758e-06	0.9999836	1.4198294e-05
1088	no_pain	0.8479816	0.15106247	0.0009559709
1089	low_pain	0.006704635	0.69389474	0.29940063
1090	no_pain	0.9094428	0.08940832	0.0011489164
1091	no_pain	0.8550953	0.14147165	0.0034330392
1092	no_pain	0.8598526	0.1385301	0.0016173366
1093	no_pain	0.91396534	0.0854739	0.0005607167
1094	no_pain	0.88688	0.10983119	0.0032888404
1095	no_pain	0.9446332	0.05467009	0.00069670175
1096	low_pain	0.07476661	0.9193557	0.005877723
1097	no_pain	0.88562506	0.10935644	0.00501849
1098	low_pain	6.1876867e-06	0.9999067	8.708875e-05
1099	no_pain	0.902988	0.09641605	0.00059596886
1100	no_pain	0.86579883	0.13310236	0.0010988443
1101	no_pain	0.8386701	0.16042729	0.00090267515
1102	no_pain	0.79421586	0.20497489	0.0008092445
1103	no_pain	0.5736211	0.108531244	0.31784767
1104	no_pain	0.8661863	0.13317487	0.0006387741
1105	no_pain	0.88410693	0.10449739	0.011395676
1106	high_pain	0.015302889	0.015651906	0.9690452
1107	no_pain	0.88427913	0.108915046	0.006805837
1108	low_pain	0.3686297	0.62965477	0.0017154998
1109	high_pain	0.018174097	0.012292257	0.9695336
1110	no_pain	0.8540668	0.1450094	0.0009237657
1111	no_pain	0.87783337	0.103696235	0.01847039
1112	no_pain	0.8993718	0.09968244	0.00094571797
1113	no_pain	0.90668625	0.0922492	0.0010645443
1114	no_pain	0.8782464	0.120956145	0.0007974035
1115	low_pain	0.0025272085	0.64810723	0.3493655
1116	no_pain	0.85363734	0.14289863	0.003464023
1117	no_pain	0.90617836	0.093221985	0.00059968897
1118	high_pain	0.010958339	0.0065387785	0.9825029
1119	no_pain	0.9286202	0.070794955	0.00058489165
1120	high_pain	0.011594383	0.002012351	0.9863933
1121	no_pain	0.8567926	0.13963605	0.0035712593
1122	high_pain	0.066004716	0.112193845	0.8218015
1123	no_pain	0.7495422	0.17109509	0.079362735
1124	no_pain	0.8766695	0.12258849	0.0007419948
1125	no_pain	0.8639254	0.13456194	0.0015126687
1126	no_pain	0.7991468	0.20006548	0.0007877276
1127	low_pain	5.407747e-06	0.9999126	8.195684e-05
1128	no_pain	0.8297774	0.16917536	0.0010472055
1129	no_pain	0.8622088	0.13627616	0.0015150431
1130	no_pain	0.85425144	0.142507	0.0032415648
1131	no_pain	0.79750025	0.20147096	0.0010287509
1132	no_pain	0.88453764	0.1101542	0.005308152
1133	no_pain	0.7050952	0.29445824	0.00044662485
1134	low_pain	1.1814767e-05	0.99985015	0.00013800776
1135	no_pain	0.95578396	0.043633044	0.0005830143
1136	no_pain	0.865769	0.1334226	0.0008083917
1137	no_pain	0.91835725	0.08077509	0.00086764013
1138	no_pain	0.8060316	0.19325815	0.0007102752
1139	no_pain	0.8467395	0.14834242	0.0049180863
1140	high_pain	0.0062152534	0.0024099979	0.9913748
1141	no_pain	0.9073204	0.09186113	0.0008185231
1142	no_pain	0.7511115	0.23700555	0.011882893
1143	no_pain	0.8822778	0.11699266	0.0007295959
1144	no_pain	0.9660937	0.03331756	0.0005887249
1145	no_pain	0.95883876	0.040508248	0.00065299525
1146	high_pain	0.021961054	0.03250494	0.94553405
1147	no_pain	0.8697814	0.12962545	0.0005932193
1148	no_pain	0.88719976	0.104998216	0.00780204
1149	no_pain	0.89317137	0.10627629	0.000552334
1150	high_pain	0.21117203	0.13308343	0.65574455
1151	low_pain	0.0017619723	0.8729974	0.12524061
1152	high_pain	0.030466001	0.43698812	0.53254586
1153	no_pain	0.80544895	0.19189672	0.002654357
1154	no_pain	0.8210702	0.17787269	0.0010570936
1155	low_pain	0.013210645	0.98490983	0.0018795844
1156	high_pain	0.012392404	0.0023929684	0.98521465
1157	no_pain	0.87759715	0.121609434	0.0007934351
1158	no_pain	0.8943242	0.10476191	0.00091394584
1159	low_pain	5.530763e-05	0.99972486	0.00021979745
1160	no_pain	0.8633421	0.13133402	0.005323922
1161	no_pain	0.85734856	0.1419821	0.0006693678
1162	no_pain	0.94560546	0.052047126	0.002347363
1163	no_pain	0.8332839	0.16586599	0.0008501521
1164	low_pain	3.3447795e-05	0.9999142	5.2339074e-05
1165	no_pain	0.8680181	0.12918152	0.0028003731
1166	low_pain	1.9583851e-05	0.9997082	0.00027220673
1167	no_pain	0.88139004	0.11774708	0.0008628672
1168	low_pain	4.379423e-05	0.9997531	0.00020308295
1169	no_pain	0.9718786	0.027578255	0.00054313365
1170	no_pain	0.9868507	0.0127766365	0.00037269693
1171	no_pain	0.90498924	0.09275721	0.0022535212
1172	no_pain	0.847822	0.15096903	0.0012090035
1173	no_pain	0.89466095	0.09833463	0.0070044226
1174	low_pain	0.002946313	0.9964189	0.00063479407
1175	no_pain	0.7662949	0.23307292	0.00063218566
1176	no_pain	0.82055	0.1765023	0.0029477105
1177	no_pain	0.8633008	0.13580368	0.00089546625
1178	no_pain	0.8909758	0.10562829	0.003395954
1179	low_pain	0.00012642307	0.999476	0.000397549
1180	no_pain	0.94064236	0.058271237	0.0010864317
1181	no_pain	0.92858636	0.07085926	0.0005543906
1182	no_pain	0.8779318	0.1011227	0.020945493
1183	no_pain	0.81928873	0.17810129	0.0026100143
1184	no_pain	0.8546933	0.13980615	0.0055005983
1185	low_pain	0.0061046937	0.59835786	0.39553744
1186	high_pain	0.022848917	0.0077165687	0.96943444
1187	no_pain	0.79297143	0.206478	0.0005506362
1188	no_pain	0.7535003	0.24587643	0.0006233039
1189	no_pain	0.83513355	0.1630106	0.0018558287
1190	high_pain	0.013624095	0.0032001457	0.98317575
1191	no_pain	0.84581584	0.15327325	0.00091089174
1192	no_pain	0.83926934	0.15956734	0.001163289
1193	no_pain	0.8464304	0.15038444	0.0031851716
1194	high_pain	0.013751571	0.0033546798	0.9828938
1195	no_pain	0.8953072	0.10099989	0.0036929457
1196	no_pain	0.59498316	0.40449223	0.0005246058
1197	low_pain	9.935068e-06	0.9999396	5.0432453e-05
1198	no_pain	0.8743822	0.12284915	0.0027686118
1199	no_pain	0.8503867	0.14898218	0.0006311346
1200	low_pain	0.0005144794	0.9988561	0.0006293835
1201	no_pain	0.9682612	0.031235922	0.00050289056
1202	no_pain	0.8941869	0.09373345	0.012079618
1203	no_pain	0.84745276	0.15203321	0.0005140236
1204	no_pain	0.8752265	0.122335255	0.0024382414
1205	no_pain	0.9191305	0.08028245	0.000587039
1206	no_pain	0.7670059	0.23225512	0.00073899294
1207	no_pain	0.92047864	0.078584306	0.00093707704
1208	no_pain	0.7416566	0.2577978	0.0005455901
1209	low_pain	5.2301098e-06	0.9999515	4.3279266e-05
1210	high_pain	0.011949999	0.0033283974	0.9847216
1211	low_pain	0.02009569	0.6978663	0.28203806
1212	no_pain	0.8932566	0.10541063	0.0013327713
1213	no_pain	0.9437585	0.055682953	0.00055858307
1214	no_pain	0.9038425	0.09168922	0.0044682794
1215	no_pain	0.8978804	0.0985335	0.0035860818
1216	no_pain	0.8717373	0.12755002	0.0007126674
1217	no_pain	0.8969621	0.10238964	0.0006482479
1218	no_pain	0.88327515	0.0968773	0.019847486
1219	no_pain	0.94627696	0.05268443	0.0010386007
1220	high_pain	0.21386205	0.035516944	0.75062096
1221	no_pain	0.66877574	0.33081034	0.00041390862
1222	no_pain	0.8549137	0.13676225	0.008324033
1223	low_pain	3.40131e-05	0.99928296	0.000683019
1224	no_pain	0.77525806	0.22144814	0.0032938144
1225	no_pain	0.8551277	0.14170963	0.0031626788
1226	low_pain	7.4667364e-06	0.99986464	0.00012791397
1227	no_pain	0.8665696	0.1328226	0.00060782384
1228	no_pain	0.85737514	0.14191082	0.0007140373
1229	no_pain	0.94882786	0.050644338	0.0005277687
1230	no_pain	0.83817714	0.16135682	0.00046601516
1231	high_pain	0.031067371	0.2236478	0.74528486
1232	high_pain	0.44349757	0.0436978	0.5128046
1233	no_pain	0.9273425	0.07209444	0.0005630717
1234	high_pain	0.0026195399	0.4432887	0.55409175
1235	low_pain	0.00030738735	0.99869555	0.0009970583
1236	low_pain	0.009371308	0.66712445	0.32350424
1237	high_pain	0.02016441	0.012182409	0.9676532
1238	high_pain	0.010491132	0.07967832	0.9098305
1239	no_pain	0.8835911	0.111089095	0.0053197755
1240	no_pain	0.91418046	0.084739394	0.0010801486
1241	no_pain	0.811172	0.084948406	0.10387959
1242	no_pain	0.9051638	0.09361339	0.0012227746
1243	no_pain	0.86992556	0.12941477	0.00065963884
1244	low_pain	0.005746244	0.7222572	0.27199656
1245	no_pain	0.864996	0.1322998	0.002704181
1246	low_pain	2.7330887e-05	0.9995655	0.00040718817
1247	high_pain	0.011265979	0.28650787	0.70222616
1248	no_pain	0.8819031	0.09384648	0.024250422
1249	no_pain	0.8816353	0.109177575	0.009187088
1250	no_pain	0.8221232	0.17576861	0.0021081076
1251	no_pain	0.94100106	0.05842648	0.00057241815
1252	high_pain	0.010320644	0.0013074178	0.9883719
1253	no_pain	0.7518612	0.24753723	0.00060157303
1254	low_pain	2.2738818e-06	0.9999846	1.3174258e-05
1255	no_pain	0.8741149	0.119959354	0.005925841
1256	no_pain	0.67431736	0.32512012	0.0005625515
1257	no_pain	0.86576664	0.13242872	0.0018046275
1258	no_pain	0.9295364	0.06967994	0.00078365504
1259	no_pain	0.87058944	0.11218111	0.017229395
1260	low_pain	3.3801884e-05	0.999364	0.00060218817
1261	no_pain	0.90452284	0.09484074	0.00063642865
1262	no_pain	0.90987664	0.08902956	0.0010938768
1263	no_pain	0.9046485	0.09058966	0.004761833
1264	no_pain	0.9012488	0.09565752	0.0030937267
1265	no_pain	0.9195219	0.07988453	0.000593548
1266	high_pain	0.2614896	0.20127174	0.5372387
1267	no_pain	0.885305	0.11265213	0.0020428267
1268	low_pain	7.083608e-06	0.99998	1.2935481e-05
1269	no_pain	0.85292536	0.14616187	0.00091278076
1270	no_pain	0.920061	0.078947105	0.0009919365
1271	no_pain	0.98524076	0.01436962	0.0003896284
1272	no_pain	0.8955714	0.102888204	0.0015403554
1273	no_pain	0.96325237	0.036229588	0.0005181001
1274	no_pain	0.8844079	0.115036264	0.0005559077
1275	no_pain	0.87790555	0.120712265	0.0013821146
1276	no_pain	0.8352047	0.16430196	0.00049326365
1277	no_pain	0.9041335	0.09425168	0.0016147646
1278	no_pain	0.9477138	0.051737033	0.00054923777
1279	no_pain	0.6954622	0.30408546	0.0004522894
1280	no_pain	0.8151282	0.18208984	0.002781974
1281	no_pain	0.96157026	0.037927266	0.0005024946
1282	high_pain	0.018840779	0.0039261966	0.97723305
1283	no_pain	0.90596926	0.09309955	0.00093115465
1284	no_pain	0.90745825	0.09132676	0.0012149971
1285	no_pain	0.87393904	0.12204014	0.004020834
1286	no_pain	0.8503636	0.14843477	0.0012016706
1287	no_pain	0.86457974	0.13470067	0.00071963976
1288	high_pain	0.009103045	0.0029001795	0.98799676
1289	no_pain	0.87020767	0.12921354	0.00057879003
1290	no_pain	0.80999464	0.1879901	0.0020152836
1291	no_pain	0.8818677	0.106326714	0.011805627
1292	no_pain	0.8495918	0.1484628	0.0019453644
1293	low_pain	0.0026817904	0.9035137	0.093804516
1294	no_pain	0.8976909	0.10051981	0.001789226
1295	low_pain	7.8770165e-05	0.9998113	0.000109912195
1296	no_pain	0.87178755	0.12740016	0.0008122776
1297	no_pain	0.86892736	0.12891208	0.0021605112
1298	no_pain	0.84041774	0.15896416	0.0006181483
1299	no_pain	0.7153725	0.2842415	0.00038601225
1300	low_pain	0.006155002	0.9856075	0.008237525
1301	no_pain	0.85465586	0.14469586	0.0006482261
1302	no_pain	0.8013255	0.13804016	0.06063431
1303	no_pain	0.7631038	0.23638804	0.00050823455
1304	no_pain	0.9668937	0.032518867	0.0005874489
1305	no_pain	0.8599141	0.13862108	0.0014648514
1306	no_pain	0.6834992	0.3160698	0.00043098707
1307	no_pain	0.8547669	0.14324412	0.0019889593
1308	no_pain	0.88640255	0.112553276	0.0010441624
1309	low_pain	1.3628072e-05	0.9999067	7.961023e-05
1310	no_pain	0.92701906	0.07203726	0.000943729
1311	no_pain	0.88238984	0.0875114	0.030098805
1312	no_pain	0.8746963	0.12310333	0.0022003588
1313	no_pain	0.87086934	0.12822084	0.00090977654
1314	no_pain	0.88871413	0.109576754	0.0017090981
1315	low_pain	7.55877e-06	0.999979	1.3408325e-05
1316	no_pain	0.87812907	0.11684627	0.00502467
1317	no_pain	0.85091716	0.14587025	0.0032125735
1318	low_pain	6.99114e-06	0.99997985	1.3135529e-05
1319	no_pain	0.8879824	0.102575794	0.009441708
1320	no_pain	0.864593	0.13345256	0.0019544458
1321	no_pain	0.74276674	0.25667876	0.0005545476
1322	no_pain	0.89269024	0.10680311	0.0005066136
1323	no_pain	0.88044804	0.116136685	0.0034152295
