sample_index	label	no_pain	low_pain	high_pain
000	no_pain	0.57167846	0.42829302	2.8561974e-05
001	no_pain	0.63462317	0.3643395	0.0010373419
002	no_pain	0.5716434	0.42823052	0.00012607299
003	no_pain	0.5714763	0.42849523	2.8563309e-05
004	no_pain	0.58228976	0.41664028	0.0010699668
005	high_pain	0.2858139	0.14992125	0.56426483
006	no_pain	0.5714436	0.42842895	0.00012740292
007	no_pain	0.5714838	0.4285035	1.26384675e-05
008	no_pain	0.5001556	0.42855975	0.071284644
009	no_pain	0.5715454	0.42843714	1.7497165e-05
010	no_pain	0.5714649	0.42852783	7.3049437e-06
011	no_pain	0.57153994	0.42840868	5.1382583e-05
012	no_pain	0.5751707	0.42460713	0.00022214968
013	no_pain	0.57170755	0.4281478	0.00014467187
014	no_pain	0.59378874	0.40512434	0.0010869016
015	no_pain	0.5714055	0.42843357	0.00016095395
016	low_pain	3.83227e-08	0.9999999	1.1922772e-07
017	no_pain	0.57166654	0.42817423	0.00015933187
018	low_pain	3.4424176e-08	0.99999964	2.8546495e-07
019	no_pain	0.57175064	0.4281533	9.61236e-05
020	no_pain	0.5723163	0.42756864	0.00011505578
021	no_pain	0.57199603	0.42786688	0.00013712952
022	no_pain	0.57142466	0.42842287	0.00015244952
023	low_pain	2.2616982e-08	0.9999999	1.1019087e-07
024	no_pain	0.57139075	0.4284248	0.00018443287
025	no_pain	0.5715666	0.42836735	6.6095716e-05
026	low_pain	3.3279846e-08	0.9999998	1.7121081e-07
027	no_pain	0.5715299	0.42841834	5.1736453e-05
028	no_pain	0.5739352	0.4258664	0.00019836138
029	no_pain	0.5765782	0.42327294	0.00014885499
030	no_pain	0.5714487	0.42854667	4.7205026e-06
031	no_pain	0.6037329	0.39561653	0.0006506372
032	no_pain	0.57584333	0.42395642	0.0002002525
033	low_pain	0.40648198	0.59262	0.000898033
034	no_pain	0.5755046	0.42426354	0.00023186734
035	no_pain	0.5765778	0.42304608	0.00037611448
036	low_pain	2.3527935e-08	0.9999999	1.11641675e-07
037	no_pain	0.5714021	0.42846757	0.00013034965
038	no_pain	0.57180816	0.42799544	0.00019646807
039	no_pain	0.57344526	0.4263792	0.00017554827
040	no_pain	0.57142407	0.42842084	0.00015505396
041	low_pain	6.3659265e-08	0.99999946	4.842738e-07
042	low_pain	2.4348296e-08	0.9999999	1.4998884e-07
043	low_pain	3.6024225e-08	0.9999999	1.464955e-07
044	no_pain	0.57430315	0.4254764	0.00022048796
045	high_pain	1.7734372e-06	0.28571564	0.7142826
046	high_pain	6.0440234e-05	0.0369476	0.962992
047	no_pain	0.5740727	0.42572334	0.00020399407
048	no_pain	0.5717674	0.42814285	8.9800466e-05
049	high_pain	1.3969146e-05	0.0054624164	0.9945236
050	high_pain	0.0008809765	0.2880421	0.7110769
051	no_pain	0.5720245	0.42783526	0.00014018714
052	low_pain	6.470486e-06	0.9995586	0.00043490555
053	low_pain	4.1888228e-07	0.9999985	1.0416405e-06
054	no_pain	0.5715451	0.4284154	3.9519404e-05
055	no_pain	0.5726494	0.42676735	0.0005832109
056	no_pain	0.5730277	0.42680797	0.0001643237
057	no_pain	0.57125586	0.4287435	6.48949e-07
058	no_pain	0.6128115	0.3866327	0.00055578374
059	no_pain	0.57143384	0.42856222	3.9293805e-06
060	no_pain	0.5713974	0.42841092	0.00019168595
061	no_pain	0.70134926	0.2982814	0.0003693752
062	no_pain	0.57223547	0.42756912	0.00019546621
063	no_pain	0.6153255	0.38418967	0.0004847838
064	no_pain	0.5718352	0.42806298	0.00010177619
065	no_pain	0.57176644	0.4281392	9.434326e-05
066	no_pain	0.5717402	0.42817086	8.895294e-05
067	no_pain	0.57195866	0.42789993	0.00014141152
068	no_pain	0.57141334	0.42843962	0.0001470722
069	no_pain	0.5720706	0.42785224	7.7195895e-05
070	no_pain	0.5714523	0.428542	5.716266e-06
071	low_pain	7.5408e-08	0.9999987	1.2525312e-06
072	no_pain	0.571807	0.4280551	0.0001378284
073	no_pain	0.57141036	0.42844662	0.00014300043
074	no_pain	0.5717293	0.42814487	0.0001258513
075	no_pain	0.6445963	0.3549513	0.00045240784
076	no_pain	0.6526244	0.34573784	0.0016377632
077	no_pain	0.5715448	0.4283878	6.737124e-05
078	no_pain	0.5714365	0.42856005	3.4287168e-06
079	no_pain	0.5777035	0.42208067	0.00021593482
080	high_pain	0.0077204006	0.41942194	0.5728577
081	high_pain	6.222003e-07	0.42857173	0.57142764
082	high_pain	6.3555667e-06	0.00021396473	0.9997797
083	no_pain	0.6650362	0.3327489	0.0022148902
084	no_pain	0.5714479	0.42854562	6.5421705e-06
085	no_pain	0.60254997	0.3970223	0.00042772907
086	no_pain	0.5715388	0.42841163	4.960529e-05
087	low_pain	4.8051875e-06	0.9999854	9.74412e-06
088	no_pain	0.5714312	0.428567	1.8020872e-06
089	no_pain	0.57145214	0.42852518	2.2709164e-05
090	no_pain	0.5714367	0.42834362	0.00021968686
091	no_pain	0.57333124	0.42649132	0.0001774946
092	no_pain	0.5714644	0.4285274	8.225848e-06
093	low_pain	0.16985746	0.83000714	0.00013544953
094	no_pain	0.5715991	0.42833164	6.92305e-05
095	low_pain	0.42874143	0.57123744	2.1162738e-05
096	no_pain	0.5890667	0.41045183	0.00048144185
097	high_pain	1.0465666e-05	0.1430228	0.8569668
098	high_pain	1.3913903e-05	0.0016569775	0.99832916
099	low_pain	2.4908474e-07	0.99998826	1.1476217e-05
100	no_pain	0.5714654	0.4285218	1.2867073e-05
101	no_pain	0.5714931	0.42849326	1.3625196e-05
102	low_pain	5.1269787e-08	0.9999996	3.6572843e-07
103	low_pain	7.177922e-08	0.9999996	2.8567246e-07
104	no_pain	0.5715509	0.42838922	5.9899052e-05
105	no_pain	0.57794476	0.27274475	0.14931048
106	high_pain	4.5924524e-05	0.2857265	0.7142276
107	no_pain	0.58539253	0.41412503	0.00048244625
108	no_pain	0.5714305	0.4285675	2.057604e-06
109	no_pain	0.57230955	0.42758903	0.00010140359
110	no_pain	0.57142836	0.42857075	9.023087e-07
111	no_pain	0.575834	0.42385218	0.0003138308
112	no_pain	0.571401	0.42859665	2.3961459e-06
113	no_pain	0.57149076	0.42849275	1.6505104e-05
114	no_pain	0.5715508	0.42841348	3.573855e-05
115	no_pain	0.57140535	0.42849034	0.00010429394
116	no_pain	0.5878666	0.41047078	0.0016626628
117	high_pain	3.3287924e-05	0.003808087	0.9961586
118	high_pain	1.7238186e-06	0.14286128	0.857137
119	no_pain	0.57644826	0.42311722	0.0004344773
120	no_pain	0.5714607	0.42851815	2.1087604e-05
121	no_pain	0.57145005	0.42854404	5.9167505e-06
122	no_pain	0.5718022	0.42798823	0.00020956578
123	no_pain	0.5714678	0.42852256	9.657058e-06
124	no_pain	0.5731482	0.42635056	0.00050126587
125	no_pain	0.57186824	0.42802605	0.00010572091
126	no_pain	0.64012176	0.3594088	0.00046952302
127	no_pain	0.5894076	0.41004795	0.0005444202
128	no_pain	0.5715601	0.42841217	2.7789789e-05
129	no_pain	0.57144547	0.42854807	6.442522e-06
130	no_pain	0.5715125	0.42847157	1.5973077e-05
131	no_pain	0.57149094	0.42849514	1.3898309e-05
132	no_pain	0.5717155	0.42824623	3.829394e-05
133	no_pain	0.57153195	0.42842183	4.616538e-05
134	no_pain	0.5715066	0.42843083	6.254455e-05
135	no_pain	0.57183665	0.42808947	7.386965e-05
136	low_pain	3.090786e-08	0.9999997	2.0664257e-07
137	high_pain	4.2390893e-06	0.14286481	0.85713094
138	no_pain	0.5715665	0.42839724	3.6279966e-05
139	low_pain	0.4368693	0.56301343	0.00011730118
140	no_pain	0.57160896	0.4283108	8.023783e-05
141	no_pain	0.57152385	0.42846066	1.5455646e-05
142	no_pain	0.5714168	0.42847067	0.000112551345
143	no_pain	0.5717452	0.42816377	9.106851e-05
144	no_pain	0.5714207	0.4285647	1.4575053e-05
145	no_pain	0.5715127	0.42846727	2.000465e-05
146	low_pain	1.696768e-07	0.99999946	3.6787742e-07
147	no_pain	0.57159454	0.428343	6.2512576e-05
148	low_pain	3.8709175e-08	0.9999998	1.5289207e-07
149	no_pain	0.5751727	0.42455393	0.00027335208
150	no_pain	0.57166964	0.42823055	9.98255e-05
151	no_pain	0.57174206	0.4281037	0.00015426517
152	no_pain	0.5714442	0.42853197	2.3790722e-05
153	no_pain	0.574022	0.42579705	0.00018093284
154	no_pain	0.5719849	0.4278324	0.00018269007
155	no_pain	0.57145554	0.42849094	5.3475822e-05
156	no_pain	0.57140774	0.428426	0.00016621847
157	no_pain	0.5880695	0.41067553	0.0012549863
158	no_pain	0.5714882	0.42850178	9.9915505e-06
159	no_pain	0.57146406	0.42840767	0.00012824542
160	low_pain	0.14285721	0.85714227	5.299129e-07
161	no_pain	0.5723724	0.42741475	0.00021284672
162	no_pain	0.57159585	0.42832422	7.994262e-05
163	no_pain	0.57149786	0.42845362	4.8575104e-05
164	no_pain	0.5726142	0.42712	0.00026587004
165	low_pain	6.03066e-08	0.99999934	5.709872e-07
166	no_pain	0.5719486	0.4278813	0.00017012385
167	no_pain	0.5718643	0.42806318	7.246961e-05
168	no_pain	0.5715083	0.42846552	2.6245581e-05
169	no_pain	0.57143843	0.42855617	5.3513168e-06
170	no_pain	0.57136476	0.42861897	1.626735e-05
171	low_pain	5.550185e-08	0.99999964	3.0757835e-07
172	no_pain	0.5960503	0.403369	0.00058065634
173	no_pain	0.57143766	0.4285335	2.8875662e-05
174	no_pain	0.5721775	0.42773333	8.911726e-05
175	low_pain	9.276605e-06	0.8607933	0.13919741
176	no_pain	0.6112985	0.38652125	0.002180299
177	no_pain	0.5809873	0.41835555	0.00065719464
178	no_pain	0.5754819	0.42429727	0.00022080094
179	no_pain	0.5781376	0.42148277	0.00037961948
180	no_pain	0.5715979	0.42832586	7.631491e-05
181	no_pain	0.57162076	0.42832047	5.8777223e-05
182	no_pain	0.5725191	0.42714086	0.00034007532
183	no_pain	0.5714456	0.42852837	2.6026502e-05
184	no_pain	0.57164186	0.42831564	4.2543474e-05
185	no_pain	0.60116464	0.39690343	0.0019320035
186	high_pain	7.851891e-06	0.00023155373	0.99976057
187	no_pain	0.5729651	0.42683467	0.00020024666
188	no_pain	0.5714086	0.4284766	0.000114748684
189	high_pain	5.319034e-06	0.2860177	0.713977
190	no_pain	0.5714444	0.42853832	1.7313962e-05
191	high_pain	2.7426622e-05	0.0035036008	0.99646896
192	no_pain	0.5717005	0.42818466	0.000114896626
193	no_pain	0.5717317	0.42816713	0.000101161764
194	no_pain	0.571482	0.42850852	9.542794e-06
195	no_pain	0.57143635	0.42855462	9.016475e-06
196	no_pain	0.5715162	0.42842916	5.4606175e-05
197	no_pain	0.57150126	0.42849198	6.756171e-06
198	low_pain	4.797825e-08	0.9999998	1.7394227e-07
199	no_pain	0.57168514	0.42823815	7.67278e-05
200	no_pain	0.5714715	0.42850098	2.7556469e-05
201	high_pain	4.675181e-06	0.00013766428	0.9998576
202	low_pain	3.1280653e-08	0.9999997	2.0930284e-07
203	low_pain	0.4349559	0.56496227	8.1825965e-05
204	no_pain	0.574134	0.4256497	0.00021628427
205	no_pain	0.5716275	0.4283096	6.297939e-05
206	low_pain	4.038394e-08	0.9999999	1.3618522e-07
207	no_pain	0.5720334	0.42777592	0.0001906235
208	no_pain	0.5821181	0.41671732	0.0011645417
209	no_pain	0.5715585	0.42841578	2.5778614e-05
210	no_pain	0.5715684	0.42835575	7.586678e-05
211	no_pain	0.57145834	0.42853382	7.862444e-06
212	no_pain	0.57171553	0.42819828	8.620324e-05
213	no_pain	0.57177866	0.42815378	6.760761e-05
214	low_pain	3.74662e-08	0.9999998	1.5235605e-07
215	no_pain	0.57177395	0.4281891	3.6976766e-05
216	no_pain	0.5716067	0.4283379	5.5424356e-05
217	no_pain	0.6090083	0.39035103	0.00064067316
218	no_pain	0.5721475	0.42764017	0.0002123424
219	no_pain	0.6806706	0.31740972	0.0019196502
220	low_pain	4.575577e-08	0.9999995	4.4853763e-07
221	no_pain	0.5714859	0.4284616	5.249131e-05
222	low_pain	6.893856e-08	0.99999887	1.0732822e-06
223	no_pain	0.569885	0.42997548	0.00013949661
224	no_pain	0.5714783	0.4284963	2.5469471e-05
225	no_pain	0.57146025	0.42853218	7.5616144e-06
226	low_pain	0.2858153	0.57140625	0.14277841
227	no_pain	0.58003575	0.41931543	0.0006487731
228	no_pain	0.5887805	0.41065234	0.000567142
229	no_pain	0.5716729	0.4282608	6.625448e-05
230	no_pain	0.57142943	0.42856938	1.1378053e-06
231	no_pain	0.57181615	0.42811272	7.110718e-05
232	no_pain	0.57166797	0.42829064	4.1429164e-05
233	no_pain	0.5715808	0.42830968	0.00010951653
234	no_pain	0.6737453	0.325118	0.0011366891
235	no_pain	0.5714541	0.42852306	2.2852628e-05
236	no_pain	0.5835934	0.41515464	0.0012519491
237	no_pain	0.5722774	0.42751142	0.00021118812
238	low_pain	2.7577329e-08	0.9999999	1.4151111e-07
239	no_pain	0.5725646	0.4271843	0.0002511172
240	no_pain	0.5716065	0.42833903	5.443869e-05
241	no_pain	0.57153946	0.42839804	6.251135e-05
242	no_pain	0.57176906	0.42815393	7.7017525e-05
243	no_pain	0.5771168	0.422575	0.0003082403
244	no_pain	0.5714983	0.42843506	6.670403e-05
245	no_pain	0.5714396	0.4285566	3.849836e-06
246	no_pain	0.5715417	0.42839596	6.234572e-05
247	no_pain	0.57173204	0.4281854	8.254179e-05
248	no_pain	0.57421696	0.42547193	0.00031111814
249	no_pain	0.5729438	0.42690685	0.00014936947
250	no_pain	0.5727063	0.42694443	0.0003492746
251	low_pain	2.4312124e-08	0.9999999	1.5053931e-07
252	no_pain	0.62139	0.3779433	0.00066667184
253	no_pain	0.58218753	0.4175376	0.00027489822
254	no_pain	0.57275045	0.42693523	0.00031438185
255	no_pain	0.5714806	0.42848143	3.805643e-05
256	no_pain	0.5721731	0.4277309	9.5993186e-05
257	high_pain	7.222132e-05	0.4284982	0.5714296
258	no_pain	0.5713989	0.4284779	0.000123194
259	no_pain	0.57189614	0.4279787	0.00012514273
260	no_pain	0.6785339	0.32048148	0.0009846367
261	high_pain	1.5950847e-05	0.0007826537	0.99920136
262	no_pain	0.57171166	0.42812327	0.000165039
263	no_pain	0.5714402	0.428554	5.8000687e-06
264	no_pain	0.57290256	0.42679912	0.000298311
265	no_pain	0.57202095	0.42790136	7.770205e-05
266	high_pain	5.8017617e-06	0.1429162	0.85707796
267	no_pain	0.5714425	0.42855215	5.303351e-06
268	no_pain	0.5714098	0.42843726	0.00015292487
269	no_pain	0.5714629	0.42840862	0.0001284139
270	low_pain	5.811131e-08	0.9999994	5.8619287e-07
271	no_pain	0.5713976	0.4286018	5.734168e-07
272	low_pain	3.6530018e-08	0.9999997	1.9324685e-07
273	low_pain	0.28646258	0.71353304	4.3159034e-06
274	no_pain	0.5726264	0.4271156	0.0002580016
275	no_pain	0.5720488	0.42778876	0.00016245332
276	low_pain	0.28583091	0.41951862	0.2946505
277	no_pain	0.5749325	0.424413	0.00065449154
278	no_pain	0.5786355	0.42102125	0.0003432204
279	no_pain	0.5714364	0.42856064	3.022154e-06
280	no_pain	0.5716445	0.42826292	9.262294e-05
281	no_pain	0.68685097	0.31193715	0.0012119005
282	no_pain	0.5714537	0.42854014	6.1888045e-06
283	no_pain	0.57142925	0.4285688	1.9340218e-06
284	no_pain	0.57144445	0.42855003	5.515926e-06
285	no_pain	0.57149667	0.42848977	1.3524533e-05
286	no_pain	0.57144177	0.42855397	4.2894476e-06
287	low_pain	5.0869378e-08	0.9999997	1.8393594e-07
288	no_pain	0.652492	0.34669966	0.0008083717
289	no_pain	0.59421283	0.4053991	0.00038811154
290	no_pain	0.5715499	0.4283978	5.2354513e-05
291	low_pain	2.9512837e-08	0.9999999	1.4683437e-07
292	no_pain	0.57186985	0.4280044	0.00012576151
293	no_pain	0.57144326	0.4285514	5.2399228e-06
294	low_pain	5.7824675e-08	0.99999946	4.83351e-07
295	no_pain	0.57144326	0.42855224	4.4641893e-06
296	no_pain	0.5717133	0.42813715	0.00014946696
297	no_pain	0.5715151	0.4284541	3.0812374e-05
298	no_pain	0.6320757	0.3661898	0.0017344867
299	no_pain	0.57153463	0.42834067	0.00012468036
300	low_pain	5.7573567e-07	0.9999169	8.24826e-05
301	no_pain	0.5714489	0.42854527	5.8316896e-06
302	low_pain	2.3839624e-08	0.9999999	1.471033e-07
303	no_pain	0.5719016	0.42804894	4.945149e-05
304	no_pain	0.5714768	0.42850855	1.4644747e-05
305	no_pain	0.5717889	0.42809963	0.00011150371
306	no_pain	0.5716351	0.42830747	5.7400914e-05
307	no_pain	0.5715285	0.4284357	3.5787725e-05
308	low_pain	4.7304287e-08	0.99999946	4.803614e-07
309	no_pain	0.5714291	0.42856938	1.5634604e-06
310	no_pain	0.5719716	0.42794943	7.895943e-05
311	no_pain	0.5714283	0.42857084	8.745651e-07
312	no_pain	0.5718251	0.4280253	0.00014962113
313	no_pain	0.57318026	0.42637894	0.00044079663
314	no_pain	0.5714628	0.4285274	9.745091e-06
315	no_pain	0.57143265	0.4285601	7.222419e-06
316	no_pain	0.5725578	0.427124	0.0003182735
317	no_pain	0.57150453	0.42845556	3.994231e-05
318	no_pain	0.5845457	0.41508287	0.00037149974
319	high_pain	1.3487892e-05	0.13778956	0.8621969
320	no_pain	0.5767947	0.42230424	0.00090105477
321	low_pain	4.7646356e-08	0.99999946	5.094467e-07
322	low_pain	2.3775625e-08	0.9999999	1.1695049e-07
323	no_pain	0.5722523	0.4275704	0.0001773154
324	no_pain	0.57143956	0.42855665	3.8219737e-06
325	high_pain	4.061852e-06	0.14264068	0.85735524
326	no_pain	0.57137024	0.4269267	0.0017030321
327	no_pain	0.6499652	0.34893283	0.0011019117
328	no_pain	0.57221895	0.4276652	0.0001158634
329	no_pain	0.57161903	0.428346	3.4907578e-05
330	low_pain	3.392419e-08	0.9999998	1.719721e-07
331	no_pain	0.571647	0.42828232	7.0703296e-05
332	no_pain	0.5717259	0.42821926	5.481576e-05
333	no_pain	0.57152593	0.42845085	2.318786e-05
334	low_pain	0.28513715	0.41098234	0.30388048
335	no_pain	0.6022479	0.39704058	0.0007115419
336	no_pain	0.5717308	0.4281455	0.000123684
337	no_pain	0.57279253	0.4269256	0.00028192272
338	no_pain	0.43531895	0.42855135	0.13612972
339	no_pain	0.6102179	0.38911504	0.0006670812
340	low_pain	5.3738574e-08	0.99999934	6.30083e-07
341	no_pain	0.57144505	0.42854708	7.820131e-06
342	no_pain	0.5722647	0.42753595	0.0001993962
343	no_pain	0.57167786	0.4282692	5.290697e-05
344	no_pain	0.5714513	0.4285397	9.013912e-06
345	no_pain	0.57164717	0.42828894	6.3935404e-05
346	no_pain	0.5714396	0.42855486	5.523086e-06
347	no_pain	0.57737345	0.42209175	0.00053482916
348	no_pain	0.57168406	0.42820933	0.00010662924
349	no_pain	0.58663017	0.4128568	0.0005130897
350	no_pain	0.5715984	0.4281548	0.00024680173
351	no_pain	0.5714858	0.42847982	3.4409262e-05
352	low_pain	2.8296443e-08	0.9999999	1.3792915e-07
353	no_pain	0.57143867	0.4285561	5.2942546e-06
354	no_pain	0.5958788	0.40350136	0.00061983516
355	no_pain	0.5714361	0.42855006	1.3794156e-05
356	no_pain	0.5721268	0.4277675	0.00010570119
357	no_pain	0.5802092	0.4195316	0.00025921018
358	no_pain	0.5714974	0.4284548	4.7861442e-05
359	no_pain	0.5714279	0.42851728	5.4880336e-05
360	no_pain	0.5715532	0.42839375	5.311272e-05
361	no_pain	0.57206905	0.42776436	0.00016662033
362	no_pain	0.57142335	0.42846635	0.000110300425
363	no_pain	0.5721821	0.42772272	9.517757e-05
364	no_pain	0.5722317	0.42753267	0.0002356186
365	no_pain	0.5719534	0.42783704	0.00020952814
366	no_pain	0.571788	0.42810154	0.0001104358
367	no_pain	0.5761119	0.42365128	0.00023677472
368	no_pain	0.57376367	0.42600945	0.00022688815
369	no_pain	0.57157534	0.4283628	6.1876686e-05
370	no_pain	0.5806424	0.41902453	0.00033299185
371	low_pain	6.358116e-08	0.9999992	6.835367e-07
372	low_pain	2.3495579e-08	0.9999999	1.4212175e-07
373	low_pain	0.13928421	0.8607107	5.0867457e-06
374	no_pain	0.5739023	0.42591164	0.00018600354
375	low_pain	3.043986e-08	0.9999997	2.0818653e-07
376	no_pain	0.57195985	0.42788103	0.00015910952
377	no_pain	0.5716246	0.42830428	7.1183356e-05
378	no_pain	0.5716013	0.42831954	7.923292e-05
379	low_pain	4.108291e-08	0.9999996	3.711177e-07
380	no_pain	0.57140106	0.42859837	5.579142e-07
381	low_pain	2.7175975e-08	0.9999999	1.3984803e-07
382	no_pain	0.5714677	0.42852265	9.686854e-06
383	no_pain	0.5714415	0.42854455	1.4059059e-05
384	no_pain	0.5722252	0.42758137	0.00019338117
385	no_pain	0.57141346	0.4284524	0.0001341602
386	no_pain	0.57162523	0.42828956	8.521528e-05
387	no_pain	0.5719919	0.427919	8.906325e-05
388	no_pain	0.5715162	0.4284223	6.1478204e-05
389	no_pain	0.57154655	0.42838737	6.609635e-05
390	no_pain	0.57149607	0.42846707	3.6832385e-05
391	no_pain	0.5727687	0.4270801	0.00015121342
392	low_pain	3.9316262e-08	0.9999998	1.5185297e-07
393	no_pain	0.5719832	0.42780334	0.00021343853
394	no_pain	0.57145613	0.42853588	8.022337e-06
395	no_pain	0.57169837	0.4282042	9.741882e-05
396	no_pain	0.5714285	0.42857057	9.3688993e-07
397	no_pain	0.5722362	0.4274733	0.00029047672
398	low_pain	0.029708443	0.9702606	3.0939125e-05
399	low_pain	3.1817315e-08	0.9999998	1.7193898e-07
400	low_pain	6.9159626e-08	0.9999996	3.205843e-07
401	low_pain	3.6982462e-07	0.9999541	4.553026e-05
402	no_pain	0.57157624	0.42836407	5.9720038e-05
403	no_pain	0.57141507	0.42835158	0.00023331882
404	no_pain	0.57156485	0.42838484	5.0245646e-05
405	no_pain	0.5714029	0.42847818	0.000118888405
406	no_pain	0.5717254	0.42817417	0.0001004315
407	low_pain	0.42961475	0.57037497	1.0226822e-05
408	no_pain	0.5714881	0.4285005	1.1371893e-05
409	no_pain	0.60007435	0.39950544	0.00042018763
410	no_pain	0.5714875	0.42848203	3.0485939e-05
411	no_pain	0.571904	0.42791405	0.0001819647
412	no_pain	0.5776982	0.422005	0.00029685537
413	low_pain	4.1802e-08	0.9999999	1.3190981e-07
414	low_pain	0.14286113	0.8571367	2.1596152e-06
415	no_pain	0.57781416	0.42114285	0.0010430266
416	low_pain	2.659641e-08	0.9999998	1.7474368e-07
417	no_pain	0.6396516	0.35967067	0.0006777686
418	low_pain	3.0406568e-08	0.9999997	2.1179221e-07
419	no_pain	0.57210827	0.42773518	0.00015653818
420	no_pain	0.57749987	0.42155263	0.0009475005
421	high_pain	5.510956e-06	0.14289343	0.8571011
422	no_pain	0.5714318	0.42856383	4.385545e-06
423	low_pain	0.4285674	0.5714312	1.3644116e-06
424	no_pain	0.57175076	0.42820624	4.301642e-05
425	no_pain	0.5714231	0.42841953	0.00015737225
426	low_pain	2.9713776e-08	0.9999999	1.04659755e-07
427	high_pain	6.245612e-05	0.10913248	0.89080507
428	no_pain	0.571289	0.42856365	0.0001473224
429	no_pain	0.66786146	0.32996982	0.0021687518
430	no_pain	0.5715721	0.42836347	6.44861e-05
431	no_pain	0.5714355	0.42855853	5.9391564e-06
432	no_pain	0.5726677	0.42706364	0.00026860595
433	no_pain	0.5714141	0.428437	0.00014887622
434	no_pain	0.57156783	0.42830238	0.0001298561
435	no_pain	0.60015595	0.39922118	0.0006228857
436	no_pain	0.5713956	0.42842308	0.00018131663
437	no_pain	0.5714262	0.42838144	0.00019232462
438	no_pain	0.5757461	0.42405435	0.00019951678
439	no_pain	0.5714466	0.42854652	6.8812355e-06
440	no_pain	0.57150257	0.4284779	1.9559417e-05
441	no_pain	0.57985127	0.4196921	0.00045661782
442	no_pain	0.5714594	0.42853227	8.315011e-06
443	no_pain	0.5745369	0.42528123	0.00018183129
444	no_pain	0.5718259	0.4280735	0.00010060479
445	no_pain	0.57181495	0.42811447	7.0583184e-05
446	no_pain	0.57410675	0.4253107	0.0005825417
447	no_pain	0.57144886	0.42853218	1.895616e-05
448	no_pain	0.5715641	0.42838642	4.9524595e-05
449	no_pain	0.57345	0.42620572	0.00034427363
450	low_pain	1.6519662e-07	0.99999577	4.0558425e-06
451	no_pain	0.5721647	0.42759973	0.00023550435
452	no_pain	0.57140124	0.4284393	0.00015949034
453	no_pain	0.57367533	0.4259005	0.00042416647
454	high_pain	8.152184e-06	0.14314376	0.8568481
455	no_pain	0.57235956	0.42744964	0.00019079029
456	no_pain	0.5820236	0.41777745	0.00019897665
457	no_pain	0.5733412	0.42615366	0.0005052314
458	no_pain	0.5722118	0.4276271	0.00016112193
459	no_pain	0.5715552	0.4284217	2.3125443e-05
460	low_pain	0.15898159	0.4284863	0.41253212
461	no_pain	0.57148343	0.4284826	3.4009503e-05
462	low_pain	6.604846e-08	0.99999875	1.1360418e-06
463	no_pain	0.5714911	0.42839018	0.000118750475
464	no_pain	0.58030134	0.4185844	0.001114241
465	high_pain	2.159264e-05	0.019832725	0.98014563
466	no_pain	0.5740595	0.42563847	0.00030204593
467	no_pain	0.6204313	0.3787376	0.0008311424
468	no_pain	0.5720671	0.4278695	6.343681e-05
469	no_pain	0.57147926	0.4285044	1.6313892e-05
470	no_pain	0.5714883	0.4284747	3.697319e-05
471	no_pain	0.43102005	0.4285059	0.14047404
472	no_pain	0.57265264	0.42713028	0.00021710312
473	no_pain	0.571447	0.42848286	7.013522e-05
474	no_pain	0.571711	0.42814705	0.0001419979
475	low_pain	5.5288634e-08	0.99999946	5.1969016e-07
476	no_pain	0.5714754	0.42850855	1.6082544e-05
477	no_pain	0.5714304	0.42856756	1.9998906e-06
478	high_pain	2.6386444e-06	2.7190981e-05	0.99997014
479	high_pain	0.0002533397	0.29089376	0.7088529
480	no_pain	0.57201296	0.42789364	9.3411356e-05
481	no_pain	0.57164574	0.42832503	2.9251734e-05
482	no_pain	0.5715376	0.42842117	4.116806e-05
483	low_pain	3.0940706e-07	0.99998415	1.5572947e-05
484	no_pain	0.57157487	0.4283996	2.5560776e-05
485	no_pain	0.57197714	0.42787504	0.0001477996
486	no_pain	0.5755375	0.4242504	0.00021213245
487	no_pain	0.5714603	0.42839813	0.00014157509
488	no_pain	0.5717738	0.42808264	0.00014355355
489	low_pain	0.40275344	0.5972312	1.5375392e-05
490	low_pain	4.351912e-08	0.99999946	5.278879e-07
491	no_pain	0.57433265	0.42555213	0.000115222465
492	high_pain	3.2532023e-06	0.14283504	0.85716164
493	no_pain	0.5714354	0.42856175	2.816249e-06
494	low_pain	0.15060295	0.8493675	2.9590567e-05
495	no_pain	0.57144487	0.42853042	2.4739664e-05
496	no_pain	0.5718986	0.42797804	0.00012341158
497	no_pain	0.57148045	0.4284645	5.503505e-05
498	no_pain	0.57147783	0.42850658	1.558065e-05
499	no_pain	0.5714067	0.4283885	0.00020477464
500	no_pain	0.5718108	0.42807966	0.00010956479
501	no_pain	0.5717413	0.42812	0.0001387326
502	no_pain	0.5714458	0.42854816	6.0055713e-06
503	no_pain	0.5715785	0.4283955	2.5983605e-05
504	no_pain	0.5793552	0.4203628	0.00028201725
505	no_pain	0.5718023	0.4280475	0.00015011829
506	no_pain	0.57246816	0.42741284	0.000119014185
507	no_pain	0.57142645	0.42856923	4.345634e-06
508	low_pain	1.5655107e-07	0.9999952	4.6678365e-06
509	no_pain	0.5965308	0.40311772	0.0003514955
510	low_pain	3.768622e-08	0.9999997	1.987434e-07
511	no_pain	0.57150537	0.42846343	3.1200685e-05
512	no_pain	0.5714268	0.4285724	8.1933706e-07
513	no_pain	0.5722626	0.42744884	0.0002886063
514	no_pain	0.5720183	0.42784587	0.00013582442
515	no_pain	0.5713617	0.42843047	0.00020779253
516	low_pain	0.28571478	0.7142819	3.3432132e-06
517	no_pain	0.578413	0.42098814	0.0005988293
518	no_pain	0.58075935	0.41802105	0.0012196274
519	no_pain	0.5718977	0.4280273	7.498403e-05
520	no_pain	0.57206905	0.42768535	0.0002456371
521	no_pain	0.5714993	0.42845607	4.466754e-05
522	no_pain	0.57143354	0.4285644	2.0762664e-06
523	no_pain	0.57142544	0.4284246	0.00014997034
524	no_pain	0.61358273	0.38443208	0.0019851623
525	no_pain	0.5716325	0.4283007	6.672881e-05
526	no_pain	0.57175094	0.42816922	7.983083e-05
527	no_pain	0.5714421	0.42855114	6.759893e-06
528	no_pain	0.57145935	0.42852923	1.1457151e-05
529	low_pain	3.649806e-08	0.9999997	1.8394418e-07
530	no_pain	0.5714596	0.42853186	8.60138e-06
531	low_pain	1.0033405e-07	0.99999934	6.275692e-07
532	high_pain	1.7339135e-05	0.14034021	0.85964245
533	high_pain	1.8225111e-05	0.42851764	0.5714641
534	high_pain	7.750591e-07	0.4285718	0.57142746
535	no_pain	0.57146406	0.4284892	4.6685505e-05
536	low_pain	1.400982e-07	0.9999962	3.6830766e-06
537	no_pain	0.57292736	0.42680803	0.00026462725
538	no_pain	0.6163183	0.38323686	0.00044486867
539	no_pain	0.5714272	0.42857128	1.4170902e-06
540	low_pain	5.841221e-08	0.99999917	7.203445e-07
541	no_pain	0.63383585	0.36526245	0.0009017211
542	no_pain	0.57165796	0.42829603	4.6047237e-05
543	no_pain	0.57163316	0.4282355	0.00013136308
544	low_pain	2.9658642e-08	0.9999999	1.08213634e-07
545	no_pain	0.57132435	0.4284082	0.00026742744
546	no_pain	0.5714367	0.4285458	1.7484503e-05
547	low_pain	0.28592712	0.71400726	6.565652e-05
548	no_pain	0.5719075	0.4279592	0.00013326375
549	low_pain	3.4435853e-08	0.9999998	1.7363188e-07
550	low_pain	3.6529602e-08	0.9999996	3.545994e-07
551	no_pain	0.5717352	0.42815664	0.00010814003
552	no_pain	0.57165813	0.42829743	4.441552e-05
553	no_pain	0.5719757	0.42785597	0.00016838631
554	no_pain	0.57365304	0.42618895	0.0001580553
555	no_pain	0.57308435	0.4265853	0.0003303487
556	no_pain	0.57151693	0.42842954	5.357599e-05
557	no_pain	0.6740743	0.32444254	0.0014831709
558	low_pain	2.6004866e-08	0.9999999	1.2868888e-07
559	no_pain	0.57206297	0.42784098	9.60699e-05
560	low_pain	3.0792716e-08	0.9999999	1.02426846e-07
561	no_pain	0.57156885	0.42836565	6.554449e-05
562	high_pain	6.798655e-06	0.2857237	0.7142695
563	no_pain	0.571716	0.4281326	0.00015137925
564	no_pain	0.6404129	0.3589239	0.0006631533
565	low_pain	2.3329694e-08	0.9999999	1.3695538e-07
566	no_pain	0.6624775	0.335977	0.0015455608
567	no_pain	0.5714391	0.42855597	4.8990173e-06
568	no_pain	0.57279	0.42705482	0.00015514319
569	no_pain	0.62501353	0.3735547	0.0014317564
570	low_pain	0.0012879402	0.9982963	0.00041573113
571	no_pain	0.5714422	0.4285531	4.6847013e-06
572	no_pain	0.5715709	0.4283914	3.7723483e-05
573	no_pain	0.57319206	0.42634583	0.0004621385
574	no_pain	0.5720002	0.4278279	0.00017188994
575	no_pain	0.5714391	0.42855626	4.6592622e-06
576	no_pain	0.6415245	0.3577343	0.00074115716
577	low_pain	3.4227913e-08	0.9999997	2.0120704e-07
578	no_pain	0.59476054	0.4049552	0.00028425202
579	no_pain	0.5727859	0.42682484	0.00038928096
580	low_pain	4.3554316e-08	0.9999996	3.6879433e-07
581	no_pain	0.57626694	0.42350844	0.00022458413
582	low_pain	0.42803004	0.42864695	0.14332299
583	no_pain	0.5722031	0.42764086	0.00015606487
584	low_pain	3.7198966e-08	0.9999997	1.9062134e-07
585	no_pain	0.5714292	0.42856646	4.4090234e-06
586	no_pain	0.57402176	0.4255805	0.0003977452
587	no_pain	0.6550558	0.34356955	0.0013746406
588	no_pain	0.5734631	0.42623392	0.00030298458
589	no_pain	0.57160175	0.42833382	6.4453125e-05
590	no_pain	0.5715019	0.42847782	2.0256548e-05
591	no_pain	0.57146657	0.4285237	9.773462e-06
592	no_pain	0.57360333	0.42619053	0.00020610231
593	no_pain	0.5715589	0.4284045	3.6637157e-05
594	no_pain	0.57550937	0.42392436	0.000566286
595	no_pain	0.5714799	0.42850876	1.1324395e-05
596	no_pain	0.577827	0.42180374	0.00036925185
597	low_pain	3.064289e-08	0.9999998	1.7532543e-07
598	no_pain	0.5714394	0.42854542	1.5228684e-05
599	no_pain	0.5718649	0.4280556	7.95145e-05
600	no_pain	0.5714418	0.4285538	4.392304e-06
601	no_pain	0.57147133	0.42851833	1.0334091e-05
602	no_pain	0.57310116	0.42674258	0.00015618444
603	no_pain	0.5717805	0.4281857	3.380233e-05
604	no_pain	0.57191813	0.42787844	0.00020342499
605	high_pain	0.1429726	0.4284994	0.42852804
606	no_pain	0.5742664	0.42553833	0.0001953369
607	no_pain	0.57165086	0.42826506	8.413252e-05
608	no_pain	0.59710515	0.40194175	0.0009531044
609	no_pain	0.5753118	0.42447886	0.00020938598
610	no_pain	0.57383144	0.4259728	0.00019577322
611	no_pain	0.6679805	0.33086255	0.0011570165
612	low_pain	2.423034e-08	0.9999999	1.4724513e-07
613	high_pain	4.572376e-06	0.00010035286	0.9998951
614	no_pain	0.60163087	0.3979345	0.0004345937
615	no_pain	0.5727324	0.42699623	0.00027143437
616	low_pain	3.5441692e-06	0.99980456	0.0001918796
617	no_pain	0.58800733	0.4107683	0.0012244389
618	no_pain	0.57152414	0.4284358	4.008096e-05
619	no_pain	0.5714927	0.42848942	1.7930814e-05
620	no_pain	0.5714348	0.4285632	2.0418604e-06
621	no_pain	0.63367265	0.36484322	0.0014841293
622	no_pain	0.5714616	0.4285139	2.4514713e-05
623	no_pain	0.5725481	0.4272185	0.00023332455
624	no_pain	0.5714275	0.4284756	9.691592e-05
625	no_pain	0.5727574	0.42711574	0.00012679266
626	no_pain	0.57263464	0.427186	0.00017938777
627	no_pain	0.5718766	0.42797494	0.00014848019
628	no_pain	0.57247096	0.42726997	0.0002591154
629	no_pain	0.57150096	0.42844558	5.340784e-05
630	no_pain	0.5715054	0.4284761	1.849346e-05
631	no_pain	0.5716273	0.42831668	5.5947286e-05
632	high_pain	6.965531e-05	0.057397906	0.9425325
633	no_pain	0.5714323	0.42856464	3.0072813e-06
634	no_pain	0.5714031	0.428482	0.00011494825
635	low_pain	0.42863747	0.5713557	6.831774e-06
636	no_pain	0.57528514	0.42447498	0.00023987763
637	low_pain	3.8126416e-08	0.9999998	1.4778e-07
638	no_pain	0.5714317	0.4285653	2.9959392e-06
639	low_pain	3.1315277e-08	0.9999997	2.1571343e-07
640	no_pain	0.5714678	0.4284963	3.5903206e-05
641	high_pain	0.14424278	0.42676708	0.42899016
642	low_pain	1.9773802e-07	0.9999962	3.6421575e-06
643	no_pain	0.5720286	0.42778248	0.00018897722
644	no_pain	0.5716403	0.42827627	8.345065e-05
645	no_pain	0.5719887	0.42788234	0.00012896497
646	no_pain	0.57143	0.42839125	0.00017874393
647	low_pain	4.7655874e-08	0.99999946	4.5686735e-07
648	no_pain	0.57858974	0.42102757	0.0003827427
649	no_pain	0.57159287	0.42830673	0.00010040733
650	no_pain	0.5714536	0.42853335	1.3116115e-05
651	no_pain	0.5716548	0.4282232	0.00012198415
652	no_pain	0.5729761	0.4267476	0.00027632638
653	no_pain	0.5715383	0.4284059	5.582682e-05
654	no_pain	0.59726435	0.40212145	0.0006142346
655	no_pain	0.57169664	0.42823818	6.515548e-05
656	no_pain	0.5747124	0.42509896	0.00018863534
657	low_pain	0.28575736	0.4283809	0.2858617
658	low_pain	8.2630656e-08	0.9999994	5.162821e-07
659	high_pain	3.5702137e-06	8.361209e-05	0.9999128
660	no_pain	0.57355314	0.42625782	0.00018906397
661	high_pain	2.4380531e-06	0.14288078	0.85711676
662	no_pain	0.5714291	0.42856973	1.183673e-06
663	no_pain	0.57144314	0.42855397	2.9479681e-06
664	no_pain	0.5717602	0.42817783	6.1957624e-05
665	no_pain	0.57876015	0.42118117	5.8671172e-05
666	no_pain	0.5844631	0.41505724	0.00047961104
667	no_pain	0.5719202	0.42796722	0.00011263272
668	no_pain	0.63722414	0.360545	0.0022308782
669	no_pain	0.5714883	0.4284766	3.5084337e-05
670	no_pain	0.5714386	0.42855707	4.292213e-06
671	no_pain	0.5716134	0.42833528	5.133713e-05
672	no_pain	0.57151383	0.42846635	1.97311e-05
673	low_pain	0.42867407	0.57127607	4.9821374e-05
674	no_pain	0.5890266	0.4103009	0.00067253056
675	no_pain	0.57153827	0.42844465	1.715233e-05
676	low_pain	5.2324985e-08	0.99999946	5.2307007e-07
677	no_pain	0.57143205	0.42856616	1.9069486e-06
678	high_pain	6.803809e-06	0.00083875505	0.99915445
679	no_pain	0.5716631	0.42829567	4.1196276e-05
680	no_pain	0.57142764	0.4285715	9.0109774e-07
681	no_pain	0.5810043	0.41853863	0.00045701442
682	no_pain	0.64517295	0.35260835	0.0022187696
683	low_pain	0.34877825	0.42847642	0.22274528
684	no_pain	0.58318746	0.4161787	0.00063382945
685	no_pain	0.5723844	0.42721248	0.00040312618
686	high_pain	6.365613e-05	0.015206695	0.98472965
687	high_pain	4.3810727e-05	0.01840214	0.98155403
688	no_pain	0.64165765	0.35761023	0.0007321641
689	no_pain	0.5714642	0.42852935	6.4780725e-06
690	no_pain	0.5716466	0.42831573	3.7720038e-05
691	low_pain	2.497519e-08	0.9999999	1.4487402e-07
692	no_pain	0.57177556	0.4281473	7.713307e-05
693	no_pain	0.5716092	0.42834947	4.1312847e-05
694	no_pain	0.57149845	0.42848316	1.8365548e-05
695	high_pain	0.14288154	0.0155097665	0.8416087
696	no_pain	0.571454	0.4285341	1.1964047e-05
697	no_pain	0.57150644	0.42845514	3.8409944e-05
698	low_pain	6.877394e-08	0.99999946	4.782974e-07
699	no_pain	0.57143706	0.42855975	3.2036273e-06
700	no_pain	0.6392093	0.3599667	0.0008240579
701	no_pain	0.5807557	0.41902992	0.00021437861
702	no_pain	0.5718854	0.42791805	0.00019657158
703	no_pain	0.57146066	0.42852798	1.1412866e-05
704	no_pain	0.5714308	0.4285674	1.7835572e-06
705	no_pain	0.5714297	0.42856845	1.8384634e-06
706	no_pain	0.57163924	0.42829615	6.459938e-05
707	no_pain	0.5715612	0.42838588	5.2971616e-05
708	low_pain	0.13921331	0.8607735	1.3164647e-05
709	no_pain	0.5714577	0.42850727	3.511093e-05
710	no_pain	0.60859483	0.39099163	0.00041356796
711	no_pain	0.5714865	0.4285019	1.15790335e-05
712	no_pain	0.57146174	0.428531	7.304168e-06
713	no_pain	0.5733808	0.42628095	0.00033824766
714	low_pain	3.724349e-08	0.9999997	1.9689399e-07
715	no_pain	0.5716109	0.4283653	2.3781136e-05
716	no_pain	0.69075817	0.3083455	0.00089636416
717	low_pain	8.08491e-08	0.99999946	4.9974625e-07
718	low_pain	0.14319482	0.85673666	6.852047e-05
719	no_pain	0.5714718	0.42851877	9.394129e-06
720	no_pain	0.5713948	0.4284267	0.00017849957
721	low_pain	5.3705758e-08	0.99999964	2.6274446e-07
722	low_pain	1.859599e-06	0.8572622	0.14273596
723	no_pain	0.5715054	0.4284768	1.7801178e-05
724	no_pain	0.57150525	0.42845657	3.8157512e-05
725	high_pain	2.0584712e-05	0.0036878001	0.99629164
726	no_pain	0.5714255	0.4285683	6.238519e-06
727	no_pain	0.57155794	0.42838383	5.8258807e-05
728	no_pain	0.5714846	0.42850423	1.1154362e-05
729	no_pain	0.57154	0.42839268	6.732999e-05
730	no_pain	0.571705	0.42821935	7.567385e-05
731	low_pain	3.435581e-08	0.9999999	1.2464832e-07
732	no_pain	0.57178795	0.4281513	6.0751834e-05
733	no_pain	0.57142705	0.42857224	7.105644e-07
734	no_pain	0.5731643	0.42656037	0.00027533498
735	no_pain	0.5714391	0.42855844	2.5403262e-06
736	no_pain	0.5717222	0.42812258	0.0001551779
737	no_pain	0.5730935	0.42661667	0.0002898311
738	no_pain	0.57148254	0.4284713	4.618739e-05
739	no_pain	0.5973849	0.40221193	0.00040317612
740	no_pain	0.57219213	0.42766264	0.00014523335
741	no_pain	0.571457	0.42852297	2.0005695e-05
742	low_pain	7.500196e-08	0.9999996	2.8463901e-07
743	no_pain	0.57157296	0.42836824	5.880435e-05
744	no_pain	0.5715586	0.42839196	4.9390866e-05
745	no_pain	0.6105627	0.38897127	0.00046608754
746	no_pain	0.57142794	0.4285667	5.358181e-06
747	no_pain	0.5721212	0.42777362	0.00010518114
748	low_pain	3.989479e-08	0.99999964	2.9117706e-07
749	low_pain	4.264252e-08	0.9999995	4.4650798e-07
750	no_pain	0.5713143	0.42855835	0.00012735066
751	no_pain	0.5861141	0.4135593	0.00032657097
752	no_pain	0.5728086	0.42691723	0.0002741666
753	no_pain	0.57219607	0.42763498	0.00016892128
754	high_pain	8.078952e-05	0.23051207	0.76940715
755	no_pain	0.5958728	0.40329495	0.0008322313
756	no_pain	0.57010764	0.4285752	0.0013171819
757	low_pain	1.8572244e-05	0.6768535	0.32312799
758	low_pain	4.9506475e-08	0.99999946	5.290009e-07
759	low_pain	0.32142636	0.678476	9.7661024e-05
760	no_pain	0.5714298	0.42856842	1.8295699e-06
761	no_pain	0.57433474	0.42510575	0.00055947725
762	no_pain	0.5714516	0.42854187	6.5106956e-06
763	low_pain	0.28031203	0.7195672	0.00012077037
764	no_pain	0.57120675	0.42877975	1.3481923e-05
765	no_pain	0.57209146	0.42782158	8.704218e-05
766	no_pain	0.5714359	0.4285601	3.9116853e-06
767	no_pain	0.57149893	0.4282594	0.00024167301
768	low_pain	2.6090161e-08	0.9999999	1.158261e-07
769	no_pain	0.5718145	0.42801365	0.00017182031
770	no_pain	0.57504934	0.42467886	0.00027179855
771	no_pain	0.571436	0.42856175	2.3138346e-06
772	no_pain	0.576149	0.42360044	0.0002506008
773	no_pain	0.5734172	0.42624387	0.00033899318
774	no_pain	0.702762	0.2964921	0.00074584567
775	high_pain	4.9874807e-06	0.00028366555	0.99971133
776	no_pain	0.571434	0.4285604	5.5518353e-06
777	no_pain	0.57676095	0.42235574	0.000883252
778	no_pain	0.5714298	0.42856905	1.1884606e-06
779	low_pain	3.3843143e-08	0.9999999	1.4324397e-07
780	no_pain	0.571504	0.4284392	5.6861765e-05
781	no_pain	0.57165945	0.42827627	6.429765e-05
782	no_pain	0.57141596	0.42854646	3.7556718e-05
783	no_pain	0.62147063	0.3777458	0.0007835577
784	no_pain	0.5721217	0.4277092	0.00016914084
785	no_pain	0.57142913	0.42856982	1.0689531e-06
786	low_pain	2.1822271e-07	0.9999908	9.00571e-06
787	no_pain	0.5728407	0.42697698	0.00018227729
788	no_pain	0.5716194	0.42834228	3.8350427e-05
789	no_pain	0.5724529	0.42727563	0.00027153458
790	no_pain	0.5714611	0.42852762	1.1290556e-05
791	low_pain	4.218355e-08	0.9999997	2.0707749e-07
792	no_pain	0.5716259	0.42828655	8.752889e-05
793	no_pain	0.5731346	0.4267128	0.00015256928
794	no_pain	0.57212937	0.4276969	0.00017371737
795	low_pain	9.8337594e-08	0.9999994	5.0986336e-07
796	low_pain	4.3237616e-08	0.9999995	4.4231743e-07
797	no_pain	0.5716986	0.42815295	0.00014843738
798	no_pain	0.5715212	0.42845392	2.4930108e-05
799	no_pain	0.5880777	0.41153935	0.00038289584
800	no_pain	0.5714446	0.42855093	4.5575002e-06
801	no_pain	0.5714474	0.42854732	5.34332e-06
802	no_pain	0.57143193	0.4285665	1.631263e-06
803	no_pain	0.5715709	0.4283789	5.0190803e-05
804	no_pain	0.57275206	0.42715877	8.920182e-05
805	no_pain	0.57171154	0.42813995	0.00014850941
806	no_pain	0.5716788	0.4282271	9.4052186e-05
807	no_pain	0.5715798	0.428342	7.817706e-05
808	no_pain	0.57160884	0.4283705	2.0656149e-05
809	no_pain	0.571432	0.42856503	2.9677012e-06
810	low_pain	4.6186255e-08	0.99999946	4.8707636e-07
811	high_pain	2.3328535e-06	0.14289205	0.8571056
812	no_pain	0.5719772	0.42789608	0.00012671389
813	no_pain	0.57143205	0.42856595	1.988296e-06
814	low_pain	3.0969755e-08	0.9999997	2.0761551e-07
815	no_pain	0.572293	0.4274868	0.00022019718
816	no_pain	0.5862643	0.41323704	0.00049867283
817	no_pain	0.57160264	0.42831722	8.014498e-05
818	no_pain	0.5716761	0.4282589	6.51089e-05
819	no_pain	0.5972331	0.40216443	0.0006024508
820	no_pain	0.57189983	0.4280245	7.568341e-05
821	no_pain	0.5723038	0.4273564	0.00033990704
822	no_pain	0.57252944	0.42721796	0.00025257206
823	no_pain	0.5714785	0.4285106	1.095194e-05
824	no_pain	0.57149166	0.42848286	2.54463e-05
825	high_pain	0.14039062	0.022227542	0.83738184
826	no_pain	0.57155895	0.42837745	6.3664396e-05
827	no_pain	0.6443724	0.35342774	0.0021998368
828	no_pain	0.57145506	0.4285384	6.539324e-06
829	low_pain	6.360966e-08	0.99999946	5.0377037e-07
830	no_pain	0.571511	0.42847818	1.0888356e-05
831	low_pain	0.28576186	0.4284088	0.2858293
832	no_pain	0.63093096	0.36697915	0.0020898713
833	no_pain	0.5776243	0.42204148	0.00033420415
834	no_pain	0.5738146	0.42568797	0.00049744605
835	no_pain	0.5719832	0.42784548	0.00017132645
836	high_pain	0.14122273	0.29833815	0.56043917
837	no_pain	0.57205546	0.42780134	0.00014319233
838	no_pain	0.5743987	0.4253188	0.00028245378
839	no_pain	0.57261056	0.42720243	0.00018696804
840	no_pain	0.5713993	0.42841634	0.00018441121
841	no_pain	0.6019832	0.39576656	0.002250208
842	no_pain	0.5716063	0.42833063	6.3120286e-05
843	high_pain	0.14285453	0.00016694216	0.85697854
844	no_pain	0.57177305	0.42818934	3.7579466e-05
845	no_pain	0.57156885	0.42838144	4.9766957e-05
846	no_pain	0.5714833	0.4284775	3.9171235e-05
847	no_pain	0.57143015	0.42856857	1.3178818e-06
848	no_pain	0.5718913	0.42795128	0.00015743288
849	no_pain	0.5718068	0.42810538	8.784833e-05
850	no_pain	0.5716898	0.42821664	9.356491e-05
851	no_pain	0.57155377	0.42843252	1.37610195e-05
852	high_pain	4.5806468e-05	0.041556537	0.9583977
853	no_pain	0.60724545	0.39107743	0.0016771525
854	no_pain	0.5715702	0.42837816	5.1647723e-05
855	no_pain	0.5755873	0.4239371	0.00047565677
856	no_pain	0.5733665	0.42646703	0.00016644655
857	low_pain	3.097835e-08	0.9999998	1.6904684e-07
858	low_pain	2.9883925e-08	0.9999998	1.6042127e-07
859	no_pain	0.57170314	0.4282523	4.4567285e-05
860	low_pain	5.022322e-07	0.9999985	1.0493517e-06
861	low_pain	0.2954032	0.42507595	0.27952087
862	low_pain	0.28564733	0.7143504	2.2796578e-06
863	no_pain	0.57153285	0.42843366	3.3502154e-05
864	no_pain	0.5743437	0.42538875	0.00026760454
865	no_pain	0.4405325	0.42853144	0.13093606
866	no_pain	0.57144386	0.42822698	0.0003292056
867	no_pain	0.36555967	0.36036777	0.27407256
868	low_pain	8.26844e-06	0.99998766	4.054097e-06
869	low_pain	4.3523023e-08	0.9999998	1.6000347e-07
870	low_pain	5.093872e-08	0.99999964	2.5514322e-07
871	no_pain	0.5714021	0.42838734	0.00021061799
872	no_pain	0.5759994	0.42375803	0.00024256449
873	no_pain	0.5850897	0.4141671	0.00074326375
874	low_pain	4.869417e-08	0.99999964	2.9429228e-07
875	low_pain	0.2672527	0.42819878	0.30454853
876	no_pain	0.5718294	0.428097	7.363483e-05
877	no_pain	0.57163364	0.42831892	4.7484697e-05
878	no_pain	0.5719496	0.42797714	7.322033e-05
879	low_pain	6.122078e-08	0.99999917	7.3955596e-07
880	no_pain	0.5714141	0.42842707	0.00015882462
881	no_pain	0.5720705	0.42773253	0.00019701253
882	no_pain	0.61894625	0.38056856	0.00048511857
883	no_pain	0.5714318	0.42856652	1.6648725e-06
884	low_pain	2.6995947e-08	0.9999998	1.8454172e-07
885	low_pain	1.191254e-06	0.99994755	5.1237606e-05
886	no_pain	0.5714374	0.4285589	3.6663491e-06
887	no_pain	0.5716972	0.42817372	0.0001291278
888	low_pain	2.7396837e-08	0.9999999	1.3901328e-07
889	no_pain	0.5716986	0.4282386	6.283585e-05
890	no_pain	0.57143086	0.42856503	4.1418684e-06
891	low_pain	3.529667e-08	0.9999997	1.8641656e-07
892	no_pain	0.5716354	0.42829874	6.577045e-05
893	low_pain	0.14285748	0.8571412	1.2527927e-06
894	no_pain	0.57124513	0.4286634	9.148695e-05
895	no_pain	0.57143015	0.428567	2.871197e-06
896	no_pain	0.57158124	0.42834738	7.141136e-05
897	no_pain	0.57138765	0.428417	0.00019529823
898	no_pain	0.5744429	0.42518643	0.00037066085
899	no_pain	0.57457244	0.42519885	0.00022871986
900	no_pain	0.57172406	0.4282072	6.8743146e-05
901	no_pain	0.5792971	0.42019418	0.0005086754
902	low_pain	3.077762e-08	0.9999997	1.7314652e-07
903	no_pain	0.65363735	0.34561482	0.00074782333
904	no_pain	0.5716979	0.4282551	4.7019206e-05
905	no_pain	0.5807322	0.41890553	0.00036227895
906	no_pain	0.57161754	0.42831293	6.9572845e-05
907	no_pain	0.5741972	0.42562255	0.00018024298
908	no_pain	0.68180245	0.31691423	0.0012833247
909	low_pain	0.39767402	0.42855486	0.17377107
910	no_pain	0.5720777	0.4277494	0.00017297026
911	no_pain	0.57184726	0.42808098	7.181453e-05
912	no_pain	0.5714347	0.4285507	1.4642735e-05
913	no_pain	0.57315105	0.42641634	0.0004326421
914	no_pain	0.5715038	0.42846704	2.9139688e-05
915	no_pain	0.5719253	0.4278572	0.00021751763
916	no_pain	0.5716391	0.42826584	9.4990646e-05
917	no_pain	0.5718101	0.4280463	0.00014362771
918	no_pain	0.5723241	0.42745242	0.00022352663
919	no_pain	0.5714081	0.42842445	0.00016741299
920	no_pain	0.57390845	0.42594504	0.00014652933
921	no_pain	0.57151645	0.4284689	1.4697796e-05
922	no_pain	0.57179356	0.42811933	8.714234e-05
923	low_pain	0.14195594	0.43065214	0.42739195
924	no_pain	0.5715461	0.42837936	7.4579446e-05
925	no_pain	0.571444	0.42855188	4.1857943e-06
926	no_pain	0.59661776	0.40167537	0.0017069031
927	no_pain	0.5817041	0.41693634	0.0013596322
928	no_pain	0.57150394	0.42846918	2.6942633e-05
929	low_pain	4.0112187e-08	0.9999998	1.5925707e-07
930	low_pain	5.2312238e-08	0.9999997	2.3168988e-07
931	no_pain	0.57149184	0.42849445	1.3688924e-05
932	no_pain	0.62442636	0.37341565	0.0021579945
933	no_pain	0.58442104	0.41524625	0.00033272183
934	no_pain	0.571823	0.42807508	0.000101961305
935	high_pain	4.5314832e-06	0.00016090788	0.99983454
936	no_pain	0.66915417	0.32965606	0.0011898179
937	low_pain	3.021537e-08	0.9999997	2.1862282e-07
938	no_pain	0.5714289	0.4285698	1.2664626e-06
939	no_pain	0.5717098	0.4281878	0.00010241139
940	no_pain	0.5716915	0.42823038	7.80553e-05
941	no_pain	0.5716481	0.42830426	4.763788e-05
942	no_pain	0.57156456	0.42837614	5.9323145e-05
943	low_pain	4.210339e-06	0.9999898	5.988471e-06
944	no_pain	0.5719971	0.42786035	0.00014249224
945	no_pain	0.57465106	0.42502934	0.00031959199
946	high_pain	1.1402789e-06	0.14285831	0.85714054
947	low_pain	0.32652375	0.6734687	7.5157805e-06
948	no_pain	0.571458	0.42851496	2.7092403e-05
949	high_pain	0.21036991	0.35671774	0.43291235
950	no_pain	0.5729567	0.42676216	0.00028120022
951	no_pain	0.6170908	0.3811082	0.0018009989
952	low_pain	0.0002640748	0.9997325	3.4270909e-06
953	no_pain	0.5715409	0.42842683	3.225576e-05
954	no_pain	0.58915	0.4092598	0.0015902262
955	no_pain	0.5714411	0.42855382	5.0452104e-06
956	no_pain	0.571577	0.42835107	7.198424e-05
957	no_pain	0.5714386	0.42854664	1.4769549e-05
958	no_pain	0.57144296	0.42851266	4.4377164e-05
959	no_pain	0.6805806	0.31834808	0.0010713062
960	high_pain	0.0016854821	0.42847034	0.5698442
961	no_pain	0.67206484	0.326777	0.0011581293
962	no_pain	0.5714261	0.4285732	7.257739e-07
963	no_pain	0.5714172	0.42841244	0.00017035248
964	no_pain	0.5716249	0.42825752	0.000117619595
965	no_pain	0.57980925	0.41977003	0.0004206975
966	no_pain	0.5716461	0.4283007	5.3172862e-05
967	no_pain	0.5715589	0.4284192	2.1874042e-05
968	no_pain	0.5714487	0.42854652	4.8438446e-06
969	low_pain	0.14262947	0.42879364	0.4285769
970	no_pain	0.57158464	0.42834404	7.1368144e-05
971	no_pain	0.57152396	0.42842108	5.4975793e-05
972	no_pain	0.5715294	0.42843792	3.2725056e-05
973	no_pain	0.57763785	0.42201295	0.00034916942
974	no_pain	0.5714785	0.42844948	7.203715e-05
975	no_pain	0.5827437	0.4167835	0.0004728144
976	low_pain	0.2858498	0.71407753	7.2647585e-05
977	no_pain	0.57220995	0.4275705	0.0002195542
978	high_pain	0.00084467186	0.28730026	0.71185505
979	no_pain	0.57169765	0.42816824	0.00013413548
980	no_pain	0.57143414	0.4285636	2.2616748e-06
981	no_pain	0.5714447	0.4285474	7.874846e-06
982	no_pain	0.5721131	0.42774227	0.00014464042
983	low_pain	3.3266076e-08	0.9999998	1.4947467e-07
984	no_pain	0.57175875	0.42815542	8.58185e-05
985	no_pain	0.6277457	0.36980653	0.002447808
986	low_pain	0.29046875	0.7095157	1.552099e-05
987	no_pain	0.57147396	0.42847806	4.798756e-05
988	no_pain	0.57148135	0.42850628	1.2350328e-05
989	no_pain	0.57154167	0.42838892	6.94501e-05
990	high_pain	1.7588254e-05	0.14347875	0.85650367
991	low_pain	4.3569777e-08	0.99999946	5.201343e-07
992	no_pain	0.5715777	0.42835766	6.460015e-05
993	no_pain	0.57142675	0.4283491	0.00022416926
994	no_pain	0.5714422	0.4285521	5.713077e-06
995	high_pain	1.5925778e-05	0.14383265	0.85615146
996	no_pain	0.5843073	0.41516384	0.0005288073
997	low_pain	5.19212e-08	0.9999996	3.4963315e-07
998	no_pain	0.57205594	0.42784807	9.6005555e-05
999	no_pain	0.5718657	0.42803165	0.000102684084
1000	no_pain	0.5715298	0.42841607	5.4143427e-05
1001	no_pain	0.57145387	0.42853937	6.810106e-06
1002	no_pain	0.571459	0.4285117	2.9267514e-05
1003	no_pain	0.57587034	0.42333364	0.0007959906
1004	no_pain	0.5747554	0.42499042	0.0002541775
1005	no_pain	0.5718365	0.42805955	0.0001039878
1006	high_pain	1.51554395e-05	0.00065646664	0.9993283
1007	no_pain	0.5715036	0.4284241	7.240374e-05
1008	no_pain	0.5714262	0.42857313	7.107671e-07
1009	no_pain	0.5732449	0.42647395	0.00028115496
1010	no_pain	0.57258266	0.42703995	0.00037740805
1011	high_pain	1.291463e-05	0.28572816	0.71425897
1012	low_pain	4.0314088e-08	0.9999997	1.7817074e-07
1013	no_pain	0.5715462	0.42841807	3.570005e-05
1014	no_pain	0.5714192	0.42858034	5.1474586e-07
1015	no_pain	0.57247406	0.42727128	0.0002546514
1016	high_pain	0.00087234343	0.32069254	0.67843515
1017	no_pain	0.58030653	0.4194827	0.00021077298
1018	no_pain	0.5716395	0.4282782	8.2330436e-05
1019	no_pain	0.5715005	0.4284504	4.906767e-05
1020	no_pain	0.57161695	0.4283183	6.4748405e-05
1021	no_pain	0.5718814	0.42801997	9.859506e-05
1022	no_pain	0.60270727	0.39684466	0.00044809832
1023	no_pain	0.5715065	0.42844835	4.5155593e-05
1024	high_pain	1.4770476e-05	0.15251729	0.8474679
1025	no_pain	0.57188874	0.42800382	0.000107480024
1026	high_pain	0.14870788	0.14363025	0.7076619
1027	no_pain	0.5718684	0.4280639	6.770669e-05
1028	no_pain	0.5716196	0.42826024	0.00012020212
1029	no_pain	0.5726822	0.42717907	0.00013878415
1030	low_pain	5.5066124e-08	0.9999996	3.5367273e-07
1031	no_pain	0.57292116	0.4268032	0.00027569768
1032	no_pain	0.5857397	0.4130303	0.0012300189
1033	low_pain	4.8326285e-08	0.99999946	4.853998e-07
1034	no_pain	0.57201964	0.42764732	0.00033301703
1035	no_pain	0.57144254	0.42855024	7.2640364e-06
1036	no_pain	0.5715566	0.42840806	3.5334775e-05
1037	no_pain	0.57182795	0.42798206	0.00018998093
1038	low_pain	5.078203e-08	0.9999997	2.3954175e-07
1039	no_pain	0.5721906	0.42761186	0.00019759103
1040	no_pain	0.5714294	0.42834407	0.00022650769
1041	no_pain	0.5714579	0.42853567	6.4647443e-06
1042	no_pain	0.5795745	0.4199063	0.00051924534
1043	no_pain	0.57155144	0.4283828	6.574598e-05
1044	no_pain	0.5714446	0.42854947	5.923344e-06
1045	no_pain	0.57598925	0.4237628	0.0002480073
1046	no_pain	0.5715242	0.42839918	7.663789e-05
1047	no_pain	0.65679055	0.34133762	0.0018718684
1048	no_pain	0.5715545	0.42840117	4.4401088e-05
1049	no_pain	0.5773807	0.42233437	0.00028495447
1050	no_pain	0.43189627	0.42489582	0.14320788
1051	no_pain	0.5717	0.4282456	5.439236e-05
1052	no_pain	0.5715961	0.42833996	6.396397e-05
1053	no_pain	0.5714796	0.42850986	1.059762e-05
1054	no_pain	0.5715303	0.4284582	1.1592844e-05
1055	no_pain	0.5714783	0.42845705	6.463783e-05
1056	no_pain	0.62883776	0.36894646	0.0022157845
1057	low_pain	6.041272e-08	0.9999997	2.4972826e-07
1058	no_pain	0.58840895	0.41106802	0.0005230683
1059	no_pain	0.5715559	0.42832687	0.00011723077
1060	no_pain	0.59865105	0.4006814	0.0006675907
1061	low_pain	2.5908838e-08	0.9999999	1.3621687e-07
1062	low_pain	0.42856684	0.5714267	6.497841e-06
1063	no_pain	0.650713	0.34724447	0.002042529
1064	no_pain	0.5717349	0.4281743	9.083825e-05
1065	low_pain	1.5140906e-06	0.99927956	0.00071893824
1066	no_pain	0.57974225	0.41965073	0.00060707796
1067	no_pain	0.57166106	0.4282764	6.247188e-05
1068	low_pain	1.879193e-05	0.85760576	0.14237545
1069	no_pain	0.57168144	0.42825302	6.5546956e-05
1070	no_pain	0.5922341	0.40747085	0.0002950932
1071	low_pain	1.6521001e-07	0.9999986	1.1523238e-06
1072	no_pain	0.58221155	0.41731438	0.0004740269
1073	low_pain	2.8833038e-06	0.9999933	3.763535e-06
1074	no_pain	0.5714547	0.4285381	7.196731e-06
1075	low_pain	2.3671268e-08	0.9999999	1.13003786e-07
1076	no_pain	0.5772645	0.42227557	0.0004598961
1077	low_pain	3.1234347e-08	0.9999998	1.5223203e-07
1078	high_pain	1.189116e-05	0.0007431371	0.999245
1079	no_pain	0.5714768	0.42849377	2.9475183e-05
1080	no_pain	0.5730508	0.42680222	0.00014700447
1081	no_pain	0.57142776	0.42837122	0.00020103545
1082	no_pain	0.571393	0.42850086	0.00010615498
1083	no_pain	0.576892	0.4229062	0.00020175552
1084	no_pain	0.57177436	0.4281424	8.322561e-05
1085	no_pain	0.5748372	0.42489052	0.00027227253
1086	no_pain	0.5770159	0.42277795	0.00020613564
1087	low_pain	2.3281542e-08	0.9999999	1.1999619e-07
1088	no_pain	0.5718769	0.4280121	0.0001110104
1089	low_pain	3.609592e-08	0.9999997	2.1099068e-07
1090	no_pain	0.57161343	0.42830196	8.45815e-05
1091	high_pain	0.2103857	0.28573203	0.5038822
1092	no_pain	0.57193846	0.4279701	9.149121e-05
1093	no_pain	0.62392515	0.37557817	0.0004966835
1094	no_pain	0.5725853	0.4271824	0.00023230522
1095	no_pain	0.5806059	0.4187203	0.0006738217
1096	no_pain	0.5716233	0.42836553	1.11150575e-05
1097	no_pain	0.5720066	0.42775434	0.0002390968
1098	low_pain	4.1155573e-08	0.9999996	3.6336795e-07
1099	no_pain	0.63446146	0.36489335	0.0006452086
1100	no_pain	0.57143134	0.4285658	2.8683269e-06
1101	no_pain	0.57146883	0.42851824	1.295573e-05
1102	no_pain	0.5715343	0.42844248	2.3285858e-05
1103	high_pain	0.1428757	0.0005099973	0.8566143
1104	no_pain	0.57217973	0.42774177	7.8506426e-05
1105	no_pain	0.5714633	0.42846474	7.191601e-05
1106	high_pain	3.7385373e-06	3.9689516e-05	0.99995655
1107	no_pain	0.57228667	0.42741126	0.00030208981
1108	no_pain	0.57142764	0.42857116	1.2425272e-06
1109	high_pain	5.9359077e-06	0.14265427	0.8573398
1110	no_pain	0.57146734	0.42851973	1.295395e-05
1111	no_pain	0.5714432	0.42837313	0.00018369868
1112	no_pain	0.57143825	0.42855662	5.15363e-06
1113	no_pain	0.57158095	0.4283466	7.2488176e-05
1114	no_pain	0.57144076	0.4285546	4.6096693e-06
1115	low_pain	5.6067684e-08	0.99999905	9.1000055e-07
1116	no_pain	0.5714678	0.4284937	3.8486374e-05
1117	no_pain	0.5714542	0.428539	6.7392184e-06
1118	low_pain	4.530182e-06	0.9997473	0.000248203
1119	no_pain	0.59178644	0.40782204	0.0003915452
1120	high_pain	5.7068257e-05	0.06252201	0.9374209
1121	no_pain	0.5714625	0.42850262	3.4916273e-05
1122	high_pain	0.00011528512	0.16402861	0.8358561
1123	no_pain	0.5718199	0.42806083	0.000119250566
1124	no_pain	0.5714394	0.42855644	4.154153e-06
1125	no_pain	0.57154953	0.42840436	4.612084e-05
1126	no_pain	0.57147604	0.4285086	1.5333313e-05
1127	low_pain	4.1909107e-08	0.9999996	3.4744e-07
1128	no_pain	0.57156575	0.42838463	4.964369e-05
1129	no_pain	0.5714388	0.42854849	1.2785682e-05
1130	no_pain	0.57155454	0.42838326	6.221335e-05
1131	no_pain	0.5714528	0.4285293	1.792378e-05
1132	no_pain	0.5721727	0.42755994	0.00026735893
1133	no_pain	0.58590996	0.41358685	0.00050318224
1134	low_pain	3.902738e-08	0.9999996	3.6126963e-07
1135	no_pain	0.5763721	0.42326716	0.00036077018
1136	no_pain	0.57143223	0.4285651	2.6522605e-06
1137	no_pain	0.5734186	0.4262807	0.0003006895
1138	no_pain	0.5714296	0.42856854	1.8800298e-06
1139	no_pain	0.57144076	0.42854357	1.5670557e-05
1140	high_pain	3.7218128e-05	0.0779557	0.9220071
1141	no_pain	0.57235116	0.42746153	0.00018727596
1142	no_pain	0.43989632	0.41686246	0.14324126
1143	no_pain	0.571648	0.42827067	8.13211e-05
1144	no_pain	0.6813416	0.31764618	0.0010122551
1145	no_pain	0.6765951	0.32228845	0.0011165002
1146	high_pain	1.4293301e-05	0.14350508	0.85648066
1147	no_pain	0.57485044	0.42494655	0.00020305657
1148	no_pain	0.5718344	0.42798826	0.00017737933
1149	no_pain	0.6814974	0.31803542	0.0004671675
1150	no_pain	0.5714244	0.42856902	6.537205e-06
1151	low_pain	1.1375979e-07	0.9999972	2.682938e-06
1152	no_pain	0.5146053	0.42917934	0.056215417
1153	no_pain	0.5721585	0.427696	0.00014543612
1154	no_pain	0.57143253	0.42856437	3.1532466e-06
1155	low_pain	0.41055962	0.58875835	0.00068205764
1156	high_pain	4.7885926e-05	0.01994544	0.98000664
1157	no_pain	0.5714434	0.428551	5.605604e-06
1158	no_pain	0.57233745	0.42742687	0.00023570345
1159	low_pain	1.07186814e-07	0.9999996	3.2508441e-07
1160	no_pain	0.57051647	0.4285508	0.0009327335
1161	no_pain	0.5725586	0.42732748	0.00011388246
1162	no_pain	0.5729707	0.4266084	0.00042093653
1163	no_pain	0.5714413	0.4285546	4.1251574e-06
1164	low_pain	4.62474e-08	0.9999997	2.1340865e-07
1165	no_pain	0.5715751	0.42834875	7.6154014e-05
1166	low_pain	3.0221724e-08	0.9999999	1.0785865e-07
1167	no_pain	0.57145256	0.42854017	7.3283168e-06
1168	low_pain	0.14284606	0.8571517	2.2089046e-06
1169	no_pain	0.65704566	0.3417437	0.001210672
1170	no_pain	0.5789753	0.42071894	0.0003057068
1171	no_pain	0.62073386	0.37733078	0.0019353555
1172	no_pain	0.5714439	0.42854863	7.4748787e-06
1173	no_pain	0.57142776	0.4284266	0.00014559201
1174	low_pain	7.544703e-08	0.9999994	5.294506e-07
1175	no_pain	0.57153034	0.42843753	3.217461e-05
1176	no_pain	0.5717969	0.42810223	0.000100923535
1177	no_pain	0.57227814	0.42754695	0.00017489423
1178	no_pain	0.57161534	0.42825952	0.00012517624
1179	low_pain	5.638471e-08	0.99999964	3.1047188e-07
1180	no_pain	0.5718756	0.42798233	0.0001420507
1181	no_pain	0.5978832	0.4016902	0.0004265808
1182	no_pain	0.65968883	0.3385129	0.001798299
1183	no_pain	0.5715726	0.42835832	6.9137626e-05
1184	no_pain	0.5719139	0.4279313	0.00015471647
1185	low_pain	4.001988e-08	0.99999964	2.586391e-07
1186	high_pain	5.612796e-06	0.14289515	0.8570992
1187	no_pain	0.5714293	0.4285696	1.0673898e-06
1188	no_pain	0.57159656	0.42836	4.3454893e-05
1189	no_pain	0.5715083	0.42843252	5.9226742e-05
1190	no_pain	0.5710286	0.42882702	0.00014438818
1191	no_pain	0.57150656	0.4284726	2.0784817e-05
1192	no_pain	0.5971468	0.40170023	0.0011530323
1193	no_pain	0.57283944	0.4268933	0.0002672383
1194	no_pain	0.57141703	0.4285708	1.218079e-05
1195	no_pain	0.57357365	0.4260829	0.00034340905
1196	low_pain	0.4284871	0.5715122	6.313668e-07
1197	low_pain	3.6513637e-08	0.9999997	1.7536193e-07
1198	no_pain	0.57188976	0.42793173	0.00017854093
1199	no_pain	0.5771807	0.42251983	0.00029957626
1200	low_pain	5.5562407e-07	0.9999984	1.089186e-06
1201	no_pain	0.57473487	0.4250042	0.00026089765
1202	no_pain	0.57142824	0.42832652	0.0002452401
1203	no_pain	0.5714334	0.42856404	2.5685156e-06
1204	no_pain	0.5715769	0.4283572	6.588602e-05
1205	no_pain	0.5714625	0.42852396	1.3541658e-05
1206	no_pain	0.5714735	0.42851302	1.3556855e-05
1207	no_pain	0.5717913	0.4280961	0.000112639456
1208	no_pain	0.57155687	0.42840675	3.642998e-05
1209	low_pain	3.2762124e-08	0.9999997	1.9380283e-07
1210	low_pain	3.1589498e-06	0.9999022	9.4661904e-05
1211	low_pain	8.079649e-08	0.99999946	4.396934e-07
1212	no_pain	0.5723772	0.4273086	0.00031424584
1213	no_pain	0.58792895	0.41172788	0.0003431714
1214	no_pain	0.5726178	0.4271293	0.00025292984
1215	no_pain	0.5718942	0.4279415	0.00016427612
1216	no_pain	0.5714445	0.42854998	5.5580394e-06
1217	no_pain	0.5805779	0.41897982	0.00044225153
1218	no_pain	0.5714349	0.42829362	0.00027151481
1219	no_pain	0.57576334	0.42378694	0.00044964254
1220	no_pain	0.5714508	0.42849773	5.1422718e-05
1221	no_pain	0.5793613	0.4204367	0.00020199551
1222	no_pain	0.5719133	0.427905	0.00018169761
1223	low_pain	3.4723126e-08	0.9999999	1.3012692e-07
1224	no_pain	0.5715224	0.42841616	6.143659e-05
1225	no_pain	0.5716829	0.42822772	8.940695e-05
1226	low_pain	6.058159e-08	0.99999917	7.378485e-07
1227	no_pain	0.5714266	0.42857268	7.474053e-07
1228	no_pain	0.5714417	0.42855316	5.142112e-06
1229	no_pain	0.5715071	0.42847076	2.2135122e-05
1230	no_pain	0.57591087	0.42374262	0.0003465204
1231	high_pain	1.5194701e-06	0.42857012	0.57142836
1232	no_pain	0.5714304	0.42847356	9.606143e-05
1233	no_pain	0.62391037	0.3755787	0.0005109732
1234	low_pain	1.6257625e-06	0.8569449	0.14305346
1235	low_pain	5.197299e-08	0.9999996	3.9815055e-07
1236	low_pain	5.047767e-08	0.9999997	2.1528622e-07
1237	high_pain	6.978753e-06	0.0001314104	0.9998616
1238	high_pain	7.765752e-06	0.14468662	0.8553056
1239	no_pain	0.57199013	0.42779237	0.00021750235
1240	no_pain	0.6463052	0.35203382	0.0016609884
1241	no_pain	0.5770964	0.42202398	0.0008796583
1242	no_pain	0.5716838	0.42820016	0.000116058254
1243	no_pain	0.5725096	0.42739278	9.770004e-05
1244	low_pain	3.514193e-08	0.9999998	1.6293934e-07
1245	no_pain	0.5719253	0.42795864	0.00011604683
1246	low_pain	3.362579e-08	0.9999999	1.2551072e-07
1247	low_pain	3.7613923e-08	0.9999998	1.7592876e-07
1248	no_pain	0.43317574	0.4284717	0.13835254
1249	no_pain	0.5713949	0.42843533	0.00016976696
1250	no_pain	0.57173586	0.42817852	8.565354e-05
1251	no_pain	0.5927967	0.4067743	0.00042899506
1252	high_pain	1.49011985e-05	0.0010676943	0.9989174
1253	no_pain	0.57158756	0.42837197	4.0520787e-05
1254	low_pain	2.2697932e-08	0.9999999	1.0511253e-07
1255	no_pain	0.5714614	0.42839724	0.00014133411
1256	low_pain	0.4284413	0.5715551	3.6045265e-06
1257	no_pain	0.57218933	0.42763588	0.0001748273
1258	no_pain	0.5731656	0.42671847	0.00011592142
1259	no_pain	0.5716416	0.42821673	0.00014157688
1260	low_pain	3.3615187e-08	0.9999999	1.3745434e-07
1261	no_pain	0.6126143	0.3863872	0.0009984991
1262	no_pain	0.70027506	0.29888323	0.0008417186
1263	no_pain	0.5727402	0.4269785	0.0002812965
1264	no_pain	0.57703596	0.42208394	0.0008800913
1265	no_pain	0.5763463	0.42345032	0.00020341044
1266	high_pain	3.5578352e-05	0.28371578	0.71624863
1267	no_pain	0.5715219	0.42841974	5.836447e-05
1268	low_pain	5.2489117e-08	0.9999997	1.8618422e-07
1269	no_pain	0.57153434	0.4284439	2.1702204e-05
1270	no_pain	0.57177067	0.42811683	0.00011249853
1271	no_pain	0.57441604	0.4253733	0.0002106564
1272	no_pain	0.5715837	0.42834383	7.25005e-05
1273	no_pain	0.5864631	0.41297695	0.0005599713
1274	no_pain	0.571431	0.42856762	1.4459864e-06
1275	no_pain	0.5714327	0.4285609	6.3911652e-06
1276	no_pain	0.57767916	0.42203385	0.00028696912
1277	no_pain	0.5724084	0.42730895	0.00028270742
1278	no_pain	0.57392186	0.42592695	0.0001512148
1279	no_pain	0.57996	0.41977888	0.0002611069
1280	no_pain	0.5715082	0.42844072	5.1107036e-05
1281	no_pain	0.57219595	0.42770487	9.918737e-05
1282	high_pain	1.1783776e-05	0.0018410885	0.99814713
1283	no_pain	0.6400328	0.3581623	0.0018048892
1284	no_pain	0.6657675	0.33264285	0.0015897072
1285	no_pain	0.5722173	0.42761448	0.00016830237
1286	no_pain	0.57167786	0.42827722	4.4941477e-05
1287	no_pain	0.5816244	0.4179832	0.0003924432
1288	high_pain	3.744557e-06	7.956461e-05	0.99991673
1289	no_pain	0.57142836	0.4285708	8.885685e-07
1290	no_pain	0.571767	0.4281455	8.752337e-05
1291	no_pain	0.5714238	0.42841497	0.00016121911
1292	no_pain	0.5715522	0.42840388	4.3917644e-05
1293	high_pain	1.7001448e-05	0.015385975	0.984597
1294	no_pain	0.57371277	0.4258042	0.0004831023
1295	low_pain	3.3762085e-08	0.9999999	1.1524519e-07
1296	no_pain	0.5714529	0.4285398	7.285769e-06
1297	no_pain	0.57208145	0.42774388	0.00017471879
1298	no_pain	0.5714578	0.42853624	5.98719e-06
1299	no_pain	0.5714241	0.42857525	6.345293e-07
1300	low_pain	7.441882e-08	0.99999946	4.2984144e-07
1301	no_pain	0.57263815	0.4272437	0.00011812094
1302	no_pain	0.57512534	0.42446214	0.00041251807
1303	no_pain	0.5774389	0.42227727	0.00028385685
1304	no_pain	0.6587679	0.34004673	0.0011854026
1305	no_pain	0.57161415	0.42833668	4.919711e-05
1306	no_pain	0.59231955	0.40713432	0.0005461035
1307	no_pain	0.571644	0.4282922	6.37228e-05
1308	no_pain	0.571494	0.4284645	4.152098e-05
1309	low_pain	4.0671335e-08	0.9999998	1.5346632e-07
1310	no_pain	0.57172376	0.42817402	0.00010222905
1311	no_pain	0.42865333	0.42846182	0.14288488
1312	no_pain	0.5722595	0.42752525	0.00021525279
1313	no_pain	0.57155055	0.42839548	5.3960244e-05
1314	no_pain	0.57169616	0.42822108	8.276734e-05
1315	low_pain	4.802101e-08	0.9999998	1.7389243e-07
1316	no_pain	0.57161087	0.4282516	0.00013757202
1317	no_pain	0.5715424	0.42840114	5.6467474e-05
1318	low_pain	4.6272216e-08	0.9999998	1.7348728e-07
1319	no_pain	0.57186323	0.42794022	0.00019655003
1320	no_pain	0.57194906	0.4279024	0.00014855126
1321	no_pain	0.5715783	0.42838308	3.8672504e-05
1322	no_pain	0.57150877	0.4284731	1.818244e-05
1323	no_pain	0.5717176	0.4281755	0.000106927306
