sample_index	label	no_pain	low_pain	high_pain
000	no_pain	0.99999917	3.9236315e-07	4.3507558e-07
001	no_pain	0.99999905	3.9446647e-07	5.1080843e-07
002	no_pain	0.99999386	2.7712574e-06	3.333075e-06
003	no_pain	0.999989	2.1647722e-06	8.866875e-06
004	no_pain	0.99999565	1.7651148e-06	2.5881002e-06
005	no_pain	0.8346978	0.16520356	9.868288e-05
006	no_pain	0.9990033	1.1467642e-05	0.0009853014
007	no_pain	0.99999857	6.8316024e-07	7.774425e-07
008	no_pain	0.99672616	1.1611453e-05	0.0032621853
009	no_pain	0.99999917	3.72197e-07	4.3864017e-07
010	no_pain	0.99999857	7.4623205e-07	6.751542e-07
011	no_pain	0.99999505	2.3048638e-06	2.648723e-06
012	no_pain	0.9999992	3.1693918e-07	4.2109605e-07
013	no_pain	0.9999981	8.2950373e-07	1.0152877e-06
014	no_pain	0.9999986	5.21908e-07	8.794206e-07
015	no_pain	0.9515417	4.940721e-05	0.048408896
016	low_pain	5.660562e-06	0.9999928	1.5405618e-06
017	no_pain	0.9999878	5.1582238e-06	7.040461e-06
018	low_pain	1.3809322e-05	0.99998343	2.7297185e-06
019	no_pain	0.9999855	4.41392e-06	1.0078779e-05
020	no_pain	0.99999726	1.2798015e-06	1.4574738e-06
021	no_pain	0.999999	4.1194832e-07	5.936295e-07
022	no_pain	0.9844623	3.6530684e-05	0.015501125
023	low_pain	1.1311247e-05	0.9999867	1.9600136e-06
024	no_pain	0.9582822	4.2781652e-05	0.041675005
025	no_pain	0.9999941	3.3186293e-06	2.6275525e-06
026	low_pain	1.2893509e-05	0.99998313	3.9739093e-06
027	no_pain	0.9999967	1.8023562e-06	1.5017956e-06
028	no_pain	0.99999934	3.0925472e-07	3.932063e-07
029	no_pain	0.9999971	1.7765877e-06	1.1757777e-06
030	no_pain	0.99999756	1.2737086e-06	1.1647687e-06
031	no_pain	0.9999966	7.4777284e-07	2.6467612e-06
032	no_pain	0.99999875	6.441959e-07	5.920393e-07
033	no_pain	0.9907414	0.009106866	0.0001517649
034	no_pain	0.99999934	3.1394327e-07	3.9758487e-07
035	no_pain	0.9999994	2.559901e-07	3.4731175e-07
036	low_pain	1.5532894e-05	0.99998194	2.5512356e-06
037	no_pain	0.90561736	7.088083e-05	0.09431174
038	no_pain	0.9999981	9.1207033e-07	9.860967e-07
039	no_pain	0.99999875	5.223032e-07	6.8526725e-07
040	no_pain	0.9463871	4.7552818e-05	0.053565376
041	low_pain	9.218308e-06	0.99998826	2.4889662e-06
042	low_pain	1.3324937e-05	0.99998	6.700195e-06
043	low_pain	0.00025448352	0.9997389	6.6324305e-06
044	no_pain	0.9999992	3.1858733e-07	4.091415e-07
045	low_pain	5.4062775e-06	0.9999898	4.836854e-06
046	high_pain	8.050995e-06	1.716412e-05	0.9999748
047	no_pain	0.99999934	3.0686562e-07	3.8650296e-07
048	no_pain	0.9999981	1.1061094e-06	7.620343e-07
049	high_pain	7.5921603e-06	2.036575e-05	0.999972
050	no_pain	0.7379683	0.00012916671	0.2619025
051	no_pain	0.99999744	1.4639969e-06	1.0960883e-06
052	low_pain	5.905193e-05	0.9999339	7.0371907e-06
053	low_pain	0.40622452	0.593726	4.956727e-05
054	no_pain	0.9999965	2.141181e-06	1.4132219e-06
055	no_pain	0.99999195	2.2282716e-06	5.7578814e-06
056	no_pain	0.99999917	3.2742005e-07	4.1186144e-07
057	no_pain	0.99992454	6.952457e-05	5.9464123e-06
058	no_pain	0.9999987	6.3390297e-07	6.764782e-07
059	no_pain	0.9999989	5.021547e-07	5.7928395e-07
060	no_pain	0.7523225	6.733563e-05	0.24761012
061	no_pain	0.9999984	8.4499743e-07	7.636773e-07
062	no_pain	0.999999	4.8298585e-07	5.504466e-07
063	no_pain	0.9999978	1.302075e-06	9.197539e-07
064	no_pain	0.9999971	1.2961066e-06	1.6409231e-06
065	no_pain	0.99999624	2.00347e-06	1.7399091e-06
066	no_pain	0.99999267	3.1050263e-06	4.256691e-06
067	no_pain	0.9999989	5.1233906e-07	5.6309096e-07
068	no_pain	0.6036752	7.223961e-05	0.3962526
069	no_pain	0.9999984	7.466256e-07	8.894966e-07
070	no_pain	0.9999985	8.226303e-07	7.218171e-07
071	low_pain	2.7005174e-06	0.99999577	1.5099166e-06
072	no_pain	0.9999976	1.0816316e-06	1.3260506e-06
073	no_pain	0.9179551	5.6050434e-05	0.08198885
074	no_pain	0.9999962	1.8911134e-06	1.948298e-06
075	no_pain	0.9999982	1.0141166e-06	7.739744e-07
076	no_pain	0.9999987	5.5560434e-07	7.643121e-07
077	no_pain	0.9999943	3.160834e-06	2.5768043e-06
078	no_pain	0.9999991	4.073838e-07	4.260616e-07
079	no_pain	0.99999875	6.221932e-07	6.0800033e-07
080	high_pain	0.4298563	0.00017288419	0.5699708
081	high_pain	0.16879399	0.10489988	0.7263061
082	high_pain	0.14284642	6.2610234e-05	0.85709095
083	no_pain	0.99999624	1.3501187e-06	2.4532944e-06
084	no_pain	0.99999917	3.7974405e-07	4.5252088e-07
085	no_pain	0.9999983	9.743709e-07	7.5765695e-07
086	no_pain	0.9999954	2.5702734e-06	2.0059813e-06
087	low_pain	0.4281583	0.5713447	0.00049699686
088	no_pain	0.9999973	1.6613184e-06	1.0046936e-06
089	no_pain	0.9999986	5.360743e-07	8.434739e-07
090	no_pain	0.8768225	6.505689e-05	0.1231124
091	no_pain	0.9999992	3.1568405e-07	4.0056028e-07
092	no_pain	0.9999987	6.403389e-07	6.721058e-07
093	low_pain	0.14293066	0.85705954	9.816186e-06
094	no_pain	0.9999948	2.8454767e-06	2.299715e-06
095	no_pain	0.8680052	0.13191733	7.746946e-05
096	no_pain	0.99999917	4.074466e-07	4.333602e-07
097	high_pain	0.14280793	3.4171502e-05	0.8571579
098	high_pain	3.7347218e-05	6.750838e-05	0.99989516
099	low_pain	0.0001888389	0.9998003	1.0841711e-05
100	no_pain	0.99999744	1.278352e-06	1.2660669e-06
101	no_pain	0.99999857	6.9069023e-07	7.1391025e-07
102	low_pain	9.968232e-06	0.99998814	1.8937947e-06
103	low_pain	0.27757257	0.7223965	3.094826e-05
104	no_pain	0.9999921	1.9764634e-06	5.897898e-06
105	no_pain	0.99999726	1.646454e-06	1.0907172e-06
106	high_pain	0.2855894	4.733228e-05	0.7143632
107	no_pain	0.9999991	3.4366028e-07	5.58934e-07
108	no_pain	0.9999984	9.536699e-07	7.171966e-07
109	no_pain	0.999998	9.4901105e-07	1.063312e-06
110	no_pain	0.9999946	4.1724948e-06	1.3253384e-06
111	no_pain	0.9999992	3.1632234e-07	3.9328458e-07
112	no_pain	0.99980485	0.00016258798	3.2553264e-05
113	no_pain	0.99999666	1.8782526e-06	1.5229027e-06
114	no_pain	0.9999989	4.72134e-07	6.2398686e-07
115	no_pain	0.9243866	5.0807146e-05	0.07556256
116	no_pain	0.99999535	1.8684905e-06	2.710494e-06
117	high_pain	1.6069112e-05	6.6767694e-05	0.9999172
118	high_pain	0.14286149	3.195492e-05	0.85710657
119	no_pain	0.9999994	2.4980238e-07	3.8014034e-07
120	no_pain	0.9999867	2.7628464e-06	1.0522556e-05
121	no_pain	0.9999986	6.5349155e-07	7.116808e-07
122	no_pain	0.9999935	3.0425585e-06	3.4279453e-06
123	no_pain	0.99999875	5.895822e-07	6.219885e-07
124	no_pain	0.9995214	2.4779118e-05	0.00045384528
125	no_pain	0.99999636	1.5219568e-06	2.099568e-06
126	no_pain	0.9999979	1.2074639e-06	8.9480363e-07
127	no_pain	0.99999905	4.2440888e-07	4.841e-07
128	no_pain	0.9999967	1.6923285e-06	1.5679777e-06
129	no_pain	0.9999985	7.7919583e-07	7.420127e-07
130	no_pain	0.9999986	6.313134e-07	6.7834617e-07
131	no_pain	0.99999875	5.407259e-07	6.667894e-07
132	no_pain	0.99999917	3.5896173e-07	4.3101565e-07
133	no_pain	0.9999961	2.1678566e-06	1.7425108e-06
134	no_pain	0.99999714	1.3595657e-06	1.5110688e-06
135	no_pain	0.9999944	3.0038193e-06	2.535896e-06
136	low_pain	3.9084307e-06	0.9999949	1.175611e-06
137	high_pain	0.1456777	0.00033536303	0.8539869
138	no_pain	0.999999	4.5092943e-07	5.811765e-07
139	no_pain	0.9999822	1.4488583e-05	3.3462402e-06
140	no_pain	0.9999985	5.7132854e-07	9.293009e-07
141	no_pain	0.9999986	6.736067e-07	6.876554e-07
142	no_pain	0.9634933	2.5510204e-05	0.03648125
143	no_pain	0.99999475	2.0562109e-06	3.213879e-06
144	high_pain	0.13874426	0.00048383445	0.86077183
145	no_pain	0.99999887	5.86266e-07	5.573244e-07
146	low_pain	0.0002260103	0.9997648	9.139868e-06
147	no_pain	0.9999963	2.1666117e-06	1.4309362e-06
148	low_pain	0.00022583094	0.9997678	6.388437e-06
149	no_pain	0.99999934	3.1487278e-07	3.9445257e-07
150	no_pain	0.9999968	1.8336222e-06	1.3289226e-06
151	no_pain	0.9999976	1.0654685e-06	1.3064101e-06
152	no_pain	0.9999961	1.981011e-06	1.9292354e-06
153	no_pain	0.99999934	3.1800874e-07	3.8070195e-07
154	no_pain	0.9999967	1.6103091e-06	1.690741e-06
155	no_pain	0.898055	2.4520767e-05	0.10192048
156	no_pain	0.82575357	4.7186106e-05	0.1741993
157	no_pain	0.999999	4.1685743e-07	6.127196e-07
158	no_pain	0.9999991	3.9968472e-07	4.5969097e-07
159	no_pain	0.75846404	0.000112148366	0.24142376
160	low_pain	4.4601613e-05	0.99995005	5.3004264e-06
161	no_pain	0.9999979	8.979934e-07	1.1800595e-06
162	no_pain	0.9999972	1.2514307e-06	1.5861889e-06
163	no_pain	0.99999857	5.676192e-07	9.12365e-07
164	no_pain	0.9999989	4.6775634e-07	6.0491067e-07
165	low_pain	0.0025442508	0.71165085	0.2858049
166	no_pain	0.9999979	9.1631154e-07	1.1658814e-06
167	no_pain	0.9999981	1.0123231e-06	9.0455393e-07
168	no_pain	0.8714925	0.0006005635	0.12790687
169	no_pain	0.9999987	5.597506e-07	6.865287e-07
170	no_pain	0.9999903	7.2766056e-06	2.4532126e-06
171	low_pain	7.333221e-05	0.99991655	1.01451815e-05
172	no_pain	0.9999984	6.700383e-07	9.831231e-07
173	no_pain	0.9826073	9.212799e-05	0.017300587
174	no_pain	0.99999726	1.2242183e-06	1.4466506e-06
175	high_pain	0.000120918405	0.003489116	0.99639
176	no_pain	0.99999416	1.734317e-06	4.1789945e-06
177	no_pain	0.99999934	2.7313212e-07	4.382104e-07
178	no_pain	0.9999992	3.4653175e-07	4.0148697e-07
179	no_pain	0.99999917	3.6366484e-07	4.5130597e-07
180	no_pain	0.9999977	1.0598836e-06	1.2996239e-06
181	no_pain	0.99999696	1.4868796e-06	1.6020864e-06
182	no_pain	0.99999624	1.8448105e-06	1.9260585e-06
183	no_pain	0.9999951	2.6003759e-06	2.2814206e-06
184	no_pain	0.9917894	0.008086269	0.00012429658
185	no_pain	0.99999887	4.329608e-07	7.205213e-07
186	high_pain	0.008957962	0.0013759573	0.98966604
187	no_pain	0.99999917	3.6405862e-07	4.6896815e-07
188	no_pain	0.91038215	6.444834e-05	0.08955343
189	high_pain	6.5623e-06	4.5800418e-05	0.9999476
190	no_pain	0.99999624	1.8544932e-06	1.8626591e-06
191	high_pain	0.34978756	0.0004511173	0.6497613
192	no_pain	0.9999965	1.8135607e-06	1.7564034e-06
193	no_pain	0.9999981	8.000419e-07	1.0914703e-06
194	no_pain	0.9999986	6.6921393e-07	6.509216e-07
195	no_pain	0.9999978	1.1319058e-06	1.0649751e-06
196	no_pain	0.99999094	4.7600784e-06	4.3143264e-06
197	no_pain	0.99998933	7.3983174e-06	3.265821e-06
198	low_pain	0.00015255933	0.9998421	5.3227063e-06
199	no_pain	0.99999034	2.64883e-06	7.0704023e-06
200	no_pain	0.99999756	1.2358365e-06	1.2295571e-06
201	high_pain	0.00013349066	0.00018260455	0.9996839
202	low_pain	3.6801964e-06	0.9999952	1.1514032e-06
203	low_pain	3.7612357e-05	0.999955	7.3991055e-06
204	no_pain	0.99999934	3.051562e-07	3.8334832e-07
205	no_pain	0.9999985	7.5340046e-07	7.3186624e-07
206	low_pain	0.0014238069	0.99856055	1.5613985e-05
207	no_pain	0.9999955	1.9731654e-06	2.5302465e-06
208	no_pain	0.99999446	2.3656587e-06	3.1203379e-06
209	no_pain	0.99999917	3.7575543e-07	3.83164e-07
210	no_pain	0.9999976	1.0536185e-06	1.299081e-06
211	no_pain	0.9999984	8.938844e-07	7.8818164e-07
212	no_pain	0.999998	1.2231787e-06	7.904467e-07
213	no_pain	0.9999992	3.2977772e-07	4.0565723e-07
214	low_pain	4.461319e-06	0.999994	1.527238e-06
215	no_pain	0.99999917	3.7295155e-07	4.5394563e-07
216	no_pain	0.9999965	1.6961284e-06	1.8943543e-06
217	no_pain	0.99999845	6.9827377e-07	8.9426914e-07
218	no_pain	0.9999977	1.0957449e-06	1.1779638e-06
219	no_pain	0.99999636	1.423519e-06	2.2454328e-06
220	low_pain	1.16439605e-05	0.9999843	4.005424e-06
221	no_pain	0.99999577	2.4505437e-06	1.7681806e-06
222	low_pain	2.487373e-06	0.9999956	1.9316853e-06
223	no_pain	0.99996394	1.7530638e-05	1.85112e-05
224	no_pain	0.99998295	2.4121343e-06	1.4655716e-05
225	no_pain	0.9999987	6.4828913e-07	6.372344e-07
226	low_pain	0.4620657	0.5363429	0.001591362
227	no_pain	0.99999934	2.802414e-07	4.3558097e-07
228	no_pain	0.9999991	3.572716e-07	5.714361e-07
229	no_pain	0.999997	1.5114678e-06	1.5005498e-06
230	no_pain	0.9999989	5.068262e-07	5.4561684e-07
231	no_pain	0.99999744	1.090632e-06	1.484891e-06
232	no_pain	0.9999984	8.751811e-07	7.6924346e-07
233	no_pain	0.999998	9.4981544e-07	1.0788335e-06
234	no_pain	0.99999905	3.5121576e-07	5.672176e-07
235	no_pain	0.99999696	1.5454199e-06	1.5373134e-06
236	no_pain	0.9999957	1.500185e-06	2.7540998e-06
237	no_pain	0.9999977	1.0435924e-06	1.2251063e-06
238	low_pain	0.14170709	0.85825735	3.5531615e-05
239	no_pain	0.99999774	9.851291e-07	1.246185e-06
240	no_pain	0.99999815	9.239111e-07	9.144248e-07
241	no_pain	0.9999946	2.967988e-06	2.5038994e-06
242	no_pain	0.9999985	7.0452694e-07	8.133684e-07
243	no_pain	0.9999992	3.330947e-07	4.532702e-07
244	no_pain	0.99998254	7.4427153e-06	9.986907e-06
245	no_pain	0.9999984	8.965691e-07	7.573746e-07
246	no_pain	0.99998915	4.268365e-06	6.576367e-06
247	no_pain	0.9999981	1.1335136e-06	7.731677e-07
248	no_pain	0.9999985	7.616915e-07	7.476475e-07
249	no_pain	0.99999934	3.1703308e-07	3.9539125e-07
250	no_pain	0.9999983	7.1022754e-07	9.900266e-07
251	low_pain	5.3925637e-06	0.9999933	1.3166429e-06
252	no_pain	0.999999	4.5360994e-07	5.5348926e-07
253	no_pain	0.9999991	3.9434335e-07	4.770032e-07
254	no_pain	0.9999959	1.6249317e-06	2.5054776e-06
255	no_pain	0.91186035	6.378779e-05	0.08807586
256	no_pain	0.9999977	1.1417508e-06	1.2037617e-06
257	high_pain	0.4259615	8.843661e-05	0.57395
258	no_pain	0.96822125	5.880266e-05	0.03171989
259	no_pain	0.99999756	1.1295552e-06	1.3805501e-06
260	no_pain	0.99999905	3.378115e-07	5.5953933e-07
261	high_pain	1.9132005e-05	6.64179e-05	0.99991447
262	no_pain	0.99999636	1.6646626e-06	1.937354e-06
263	no_pain	0.9999982	1.0337225e-06	7.6939085e-07
264	no_pain	0.99999714	1.3772699e-06	1.4870699e-06
265	no_pain	0.9999979	9.993715e-07	1.141763e-06
266	high_pain	0.00011363481	0.00023540508	0.99965096
267	no_pain	0.9999986	6.662617e-07	7.1483294e-07
268	high_pain	0.1429248	8.196201e-05	0.85699326
269	no_pain	0.99638593	4.3521675e-05	0.0035705299
270	low_pain	4.346504e-05	0.99994624	1.0268729e-05
271	no_pain	0.9999987	6.8336624e-07	6.003921e-07
272	low_pain	6.069324e-06	0.9999925	1.3742666e-06
273	low_pain	0.28433672	0.7156342	2.909895e-05
274	no_pain	0.9999979	9.1067875e-07	1.1872738e-06
275	no_pain	0.9999983	9.888296e-07	7.2171434e-07
276	high_pain	0.2959179	0.0037157054	0.7003664
277	no_pain	0.9999984	8.0671686e-07	8.491388e-07
278	no_pain	0.99999887	5.139437e-07	6.5490366e-07
279	no_pain	0.9999981	1.0556705e-06	8.452683e-07
280	no_pain	0.99999917	3.4406457e-07	4.9915695e-07
281	no_pain	0.99999887	4.8386175e-07	6.904448e-07
282	no_pain	0.9999975	1.3686239e-06	1.1464439e-06
283	no_pain	0.9999911	6.559506e-06	2.2227848e-06
284	no_pain	0.9999986	6.281239e-07	6.763639e-07
285	no_pain	0.9999986	6.7455323e-07	6.9023537e-07
286	no_pain	0.9999984	8.756037e-07	7.667976e-07
287	low_pain	0.00030853203	0.9996842	7.284071e-06
288	no_pain	0.999999	3.7051674e-07	6.67851e-07
289	no_pain	0.99999917	3.7002494e-07	4.700232e-07
290	no_pain	0.99999624	1.7915894e-06	1.965381e-06
291	low_pain	1.2377035e-05	0.9999856	2.0708565e-06
292	no_pain	0.9999979	7.643105e-07	1.3189913e-06
293	no_pain	0.99999857	6.8892285e-07	7.3152034e-07
294	low_pain	6.6145362e-06	0.9999914	1.9866668e-06
295	no_pain	0.9999987	6.188451e-07	6.4873376e-07
296	no_pain	0.99999756	1.2250965e-06	1.2247846e-06
297	no_pain	0.99999774	1.082037e-06	1.1275881e-06
298	no_pain	0.9999986	5.710661e-07	8.0977014e-07
299	no_pain	0.9999891	4.71119e-06	6.2304252e-06
300	low_pain	0.00051220047	0.76251894	0.23696887
301	no_pain	0.9999984	7.3991674e-07	8.6185446e-07
302	low_pain	1.6197298e-05	0.9999771	6.7273622e-06
303	no_pain	0.99999887	5.0581684e-07	6.466372e-07
304	no_pain	0.99999666	1.8043309e-06	1.5115222e-06
305	no_pain	0.99999845	8.8915664e-07	6.586527e-07
306	no_pain	0.9999984	8.034432e-07	7.756465e-07
307	no_pain	0.9999989	4.7752155e-07	6.2062685e-07
308	high_pain	0.006729656	0.14453916	0.84873116
309	no_pain	0.9999989	5.462971e-07	5.35299e-07
310	no_pain	0.99999803	9.148333e-07	1.0978973e-06
311	no_pain	0.9999956	2.9047042e-06	1.528587e-06
312	no_pain	0.9999975	1.2786693e-06	1.2387767e-06
313	no_pain	0.9999979	8.136356e-07	1.3132864e-06
314	no_pain	0.9999991	3.8852895e-07	4.5344225e-07
315	no_pain	0.9999953	2.5990246e-06	2.1223918e-06
316	no_pain	0.9999978	7.993296e-07	1.3593792e-06
317	no_pain	0.9999753	1.0564865e-05	1.4090671e-05
318	no_pain	0.99999917	3.474848e-07	4.574783e-07
319	high_pain	6.5413656e-06	1.32807745e-05	0.99998015
320	no_pain	0.99999565	1.5647863e-06	2.7422143e-06
321	low_pain	4.833909e-06	0.99999344	1.7164804e-06
322	low_pain	1.0108196e-05	0.999988	1.905194e-06
323	no_pain	0.99999857	7.670045e-07	6.733809e-07
324	no_pain	0.9999987	6.358453e-07	6.489336e-07
325	high_pain	0.00019195325	0.36933017	0.6304779
326	high_pain	0.14081262	6.253813e-05	0.8591248
327	no_pain	0.9999986	6.6447876e-07	7.154817e-07
328	no_pain	0.99999917	3.496412e-07	4.205476e-07
329	no_pain	0.9999981	1.055019e-06	8.870049e-07
330	low_pain	8.107178e-05	0.9999032	1.5683067e-05
331	no_pain	0.99999696	1.3515925e-06	1.69263e-06
332	no_pain	0.9999983	8.6164374e-07	8.5535663e-07
333	no_pain	0.99999875	6.1492705e-07	5.6503603e-07
334	high_pain	0.14243723	5.9739305e-05	0.857503
335	no_pain	0.99999875	5.7909455e-07	6.260324e-07
336	no_pain	0.9999965	1.7299428e-06	1.8762856e-06
337	no_pain	0.9999989	5.1551075e-07	6.1780327e-07
338	no_pain	0.8615741	2.779777e-05	0.1383981
339	no_pain	0.9999991	4.43959e-07	4.5155073e-07
340	low_pain	5.099395e-06	0.9999924	2.5444513e-06
341	no_pain	0.9999986	6.459313e-07	7.101774e-07
342	no_pain	0.99999875	6.28236e-07	5.9016685e-07
343	no_pain	0.9999992	3.3236773e-07	4.0533845e-07
344	no_pain	0.99999666	1.8711071e-06	1.4523004e-06
345	no_pain	0.9999973	1.2746534e-06	1.4161986e-06
346	no_pain	0.99999744	1.4171048e-06	1.1275808e-06
347	no_pain	0.9999991	4.0077848e-07	5.106548e-07
348	no_pain	0.9999979	1.2233486e-06	9.084741e-07
349	no_pain	0.9999991	3.3028294e-07	5.6858727e-07
350	no_pain	0.99991417	5.479026e-06	8.0312275e-05
351	no_pain	0.9999934	2.7128522e-06	3.9279957e-06
352	low_pain	1.1191373e-05	0.9999867	2.1001276e-06
353	no_pain	0.9999951	2.9137238e-06	1.9549238e-06
354	no_pain	0.99999815	6.9106545e-07	1.1234295e-06
355	no_pain	0.99999386	3.700991e-06	2.4155313e-06
356	no_pain	0.9999973	1.2532837e-06	1.3859848e-06
357	no_pain	0.9999991	4.0820527e-07	4.617402e-07
358	no_pain	0.9999966	1.7733398e-06	1.6372825e-06
359	no_pain	0.9999943	2.2871743e-06	3.4591474e-06
360	no_pain	0.9999991	3.8294112e-07	5.1060704e-07
361	no_pain	0.9999982	1.0072155e-06	8.203657e-07
362	no_pain	0.98864716	3.122434e-05	0.011321607
363	no_pain	0.9999977	1.0559841e-06	1.2922762e-06
364	no_pain	0.99999726	1.2999626e-06	1.4775075e-06
365	no_pain	0.9999981	8.3924596e-07	1.0368133e-06
366	no_pain	0.9999979	9.98478e-07	1.1049516e-06
367	no_pain	0.99999934	3.332505e-07	3.724404e-07
368	no_pain	0.99999917	3.567483e-07	4.0332318e-07
369	no_pain	0.9999922	3.4373388e-06	4.376584e-06
370	no_pain	0.99999857	6.620321e-07	7.220879e-07
371	low_pain	3.095596e-05	0.71424705	0.28572205
372	low_pain	6.750265e-06	0.99999154	1.6588116e-06
373	no_pain	0.9999889	8.830158e-06	2.274631e-06
374	no_pain	0.9999992	3.4050865e-07	4.0232834e-07
375	low_pain	6.270486e-06	0.9999925	1.2662396e-06
376	no_pain	0.9999987	6.68942e-07	6.2708926e-07
377	no_pain	0.9999947	2.150268e-06	3.1909117e-06
378	no_pain	0.9999979	9.4330784e-07	1.141886e-06
379	low_pain	1.1028554e-05	0.99998575	3.1956256e-06
380	no_pain	0.99999815	1.0521611e-06	7.85085e-07
381	low_pain	0.00037801842	0.9996096	1.2389649e-05
382	no_pain	0.9999986	7.022626e-07	6.829677e-07
383	no_pain	0.9999929	5.1056422e-06	1.916854e-06
384	no_pain	0.999997	1.3790208e-06	1.623901e-06
385	no_pain	0.96188354	4.3092652e-05	0.038073365
386	no_pain	0.9693094	5.5978286e-05	0.030634644
387	no_pain	0.99999917	3.2646872e-07	4.0594884e-07
388	no_pain	0.99990594	1.0086988e-05	8.398095e-05
389	no_pain	0.99999774	9.594687e-07	1.3209689e-06
390	no_pain	0.9999803	2.537318e-06	1.717387e-05
391	no_pain	0.9999991	3.8054267e-07	4.4969994e-07
392	low_pain	0.15362573	0.8462996	7.471283e-05
393	no_pain	0.9999978	8.931442e-07	1.2020316e-06
394	no_pain	0.9999977	1.2223871e-06	1.0453107e-06
395	no_pain	0.9999971	1.3938354e-06	1.5626956e-06
396	no_pain	0.9999989	5.789821e-07	5.386375e-07
397	no_pain	0.99999815	7.459107e-07	1.0771931e-06
398	no_pain	0.5710368	0.42894158	2.159055e-05
399	low_pain	4.969509e-05	0.9999443	5.9747895e-06
400	low_pain	6.764759e-05	0.9999218	1.0537934e-05
401	low_pain	2.4464794e-05	0.9998869	8.872339e-05
402	no_pain	0.9999955	2.5060149e-06	1.9778945e-06
403	no_pain	0.86138165	8.4855186e-05	0.13853346
404	no_pain	0.9999965	1.641892e-06	1.9324373e-06
405	no_pain	0.99372005	1.9072311e-05	0.0062609045
406	no_pain	0.999998	9.288937e-07	1.0619902e-06
407	no_pain	0.99999565	2.9045652e-06	1.5058322e-06
408	no_pain	0.9999983	9.016812e-07	8.1069857e-07
409	no_pain	0.99999905	3.9430012e-07	5.3601127e-07
410	no_pain	0.9999785	2.8810816e-06	1.8695613e-05
411	no_pain	0.99999815	8.043754e-07	1.0330472e-06
412	no_pain	0.99999917	3.8420498e-07	4.3388863e-07
413	low_pain	0.020079087	0.9798741	4.685233e-05
414	low_pain	0.12989569	0.86999357	0.00011077471
415	no_pain	0.999996	1.6819728e-06	2.3246737e-06
416	low_pain	7.60526e-06	0.9999909	1.5485803e-06
417	no_pain	0.99999905	4.2252546e-07	5.0685543e-07
418	low_pain	4.4668277e-06	0.99999434	1.1807821e-06
419	no_pain	0.9999984	7.7773785e-07	8.634385e-07
420	no_pain	0.9999946	1.9749486e-06	3.4590516e-06
421	high_pain	0.11716916	0.00092679483	0.88190407
422	no_pain	0.9999977	1.3549616e-06	9.4136357e-07
423	no_pain	0.9999978	1.2156627e-06	9.826666e-07
424	no_pain	0.99999857	7.096026e-07	7.328244e-07
425	no_pain	0.85630137	0.13862346	0.0050751525
426	low_pain	1.0658148e-05	0.9999871	2.1777685e-06
427	high_pain	4.6165387e-05	7.968139e-05	0.9998741
428	no_pain	0.8572382	2.3117855e-05	0.14273871
429	no_pain	0.9999986	6.106738e-07	7.4001986e-07
430	no_pain	0.99999493	2.7683377e-06	2.2365014e-06
431	no_pain	0.9999977	1.3129736e-06	9.783681e-07
432	no_pain	0.9999967	1.6131584e-06	1.637125e-06
433	no_pain	0.941299	4.880419e-05	0.058652163
434	no_pain	0.99999374	3.0679516e-06	3.1906618e-06
435	no_pain	0.9999987	6.2701747e-07	6.87336e-07
436	no_pain	0.74421835	6.8083515e-05	0.25571355
437	no_pain	0.79394513	9.812479e-05	0.20595674
438	no_pain	0.99999934	3.1668384e-07	3.5379188e-07
439	no_pain	0.9999982	7.588066e-07	1.0065718e-06
440	no_pain	0.99999875	6.346093e-07	5.8419937e-07
441	no_pain	0.9999989	4.7965887e-07	6.588084e-07
442	no_pain	0.9999984	8.6345506e-07	7.8907135e-07
443	no_pain	0.99999934	3.145877e-07	3.513962e-07
444	no_pain	0.99999845	7.383511e-07	8.202169e-07
445	no_pain	0.9999983	8.609847e-07	8.584006e-07
446	no_pain	0.9999986	5.057659e-07	7.8349433e-07
447	no_pain	0.9999979	1.0705244e-06	1.0451039e-06
448	no_pain	0.99999607	2.1694393e-06	1.8229739e-06
449	no_pain	0.9999968	1.4881808e-06	1.6965952e-06
450	low_pain	0.00040694055	0.8355421	0.16405097
451	no_pain	0.9999834	8.57589e-06	8.0848085e-06
452	no_pain	0.9059766	6.178701e-05	0.09396166
453	no_pain	0.9999975	1.1196215e-06	1.3764501e-06
454	high_pain	1.1497502e-05	3.07877e-05	0.99995774
455	no_pain	0.9999944	2.1388917e-06	3.447462e-06
456	no_pain	0.99999905	4.0230495e-07	5.063411e-07
457	no_pain	0.9999947	2.2638287e-06	2.9980354e-06
458	no_pain	0.99999887	5.241144e-07	6.5134054e-07
459	no_pain	0.99999726	1.3020095e-06	1.392185e-06
460	no_pain	0.86205643	7.6938995e-05	0.13786659
461	no_pain	0.999998	9.4378316e-07	1.0872084e-06
462	low_pain	2.5291145e-05	0.9999677	6.976256e-06
463	no_pain	0.96210235	3.9374685e-05	0.037858296
464	no_pain	0.9999989	5.060701e-07	5.9385496e-07
465	high_pain	8.824451e-06	2.7920478e-05	0.9999633
466	no_pain	0.9999984	7.189791e-07	8.5466564e-07
467	no_pain	0.9999991	3.906169e-07	4.6278382e-07
468	no_pain	0.9999989	4.5372468e-07	5.853911e-07
469	no_pain	0.99999803	1.1698859e-06	8.00581e-07
470	no_pain	0.9999746	1.1187708e-05	1.4227223e-05
471	no_pain	0.60786957	0.00011721801	0.39201316
472	no_pain	0.99999815	6.784866e-07	1.1661883e-06
473	no_pain	0.9999934	3.0101717e-06	3.5876958e-06
474	no_pain	0.9999981	8.480267e-07	1.0612696e-06
475	low_pain	0.005256295	0.99469316	5.0570416e-05
476	no_pain	0.9999977	1.1726262e-06	1.1077367e-06
477	no_pain	0.9999981	1.0665304e-06	8.371722e-07
478	high_pain	1.601189e-05	0.00011363178	0.99987036
479	no_pain	0.99999386	2.1540977e-06	3.99007e-06
480	no_pain	0.99999744	1.1220998e-06	1.4107188e-06
481	no_pain	0.99999905	4.128912e-07	4.794335e-07
482	no_pain	0.99999774	1.1624545e-06	1.0577136e-06
483	low_pain	0.00019816488	0.8278814	0.1719204
484	no_pain	0.99999917	3.617967e-07	4.2785865e-07
485	no_pain	0.9999979	8.996003e-07	1.2144885e-06
486	no_pain	0.99999934	3.2010345e-07	3.5666383e-07
487	no_pain	0.99692476	1.4910939e-05	0.0030603497
488	no_pain	0.99999076	3.5345954e-06	5.687313e-06
489	no_pain	0.9999984	9.593743e-07	6.128404e-07
490	low_pain	2.7159022e-06	0.9999962	1.1124692e-06
491	no_pain	0.9999966	2.0803775e-06	1.3387364e-06
492	high_pain	0.14285941	3.525859e-05	0.8571053
493	no_pain	0.99903613	0.0009289816	3.4942943e-05
494	no_pain	0.9999984	7.712467e-07	8.2879103e-07
495	no_pain	0.9999961	1.9539264e-06	1.9278618e-06
496	no_pain	0.9999981	8.7841875e-07	1.0321326e-06
497	no_pain	0.99999726	1.246366e-06	1.417459e-06
498	no_pain	0.9999989	4.8470156e-07	5.5582444e-07
499	no_pain	0.5905131	7.269825e-05	0.40941426
500	no_pain	0.9999978	1.0776097e-06	1.1503595e-06
501	no_pain	0.9999911	3.126448e-06	5.7166735e-06
502	no_pain	0.9999987	6.070516e-07	6.769981e-07
503	no_pain	0.99999845	8.6318624e-07	6.944816e-07
504	no_pain	0.9999982	8.6896125e-07	9.045421e-07
505	no_pain	0.9999989	4.874884e-07	6.0860435e-07
506	no_pain	0.99999934	2.9875233e-07	3.8204092e-07
507	no_pain	0.999993	4.492978e-06	2.4281912e-06
508	low_pain	0.00034159113	0.9606163	0.039042074
509	no_pain	0.9999981	1.0672641e-06	8.2092845e-07
510	low_pain	0.002977003	0.9969901	3.2916687e-05
511	no_pain	0.9999982	9.654972e-07	8.427317e-07
512	no_pain	0.9999989	5.5963164e-07	5.5410106e-07
513	no_pain	0.99999756	9.514426e-07	1.5169918e-06
514	no_pain	0.9999986	7.4645493e-07	5.9369216e-07
515	no_pain	0.87369794	7.58599e-05	0.12622614
516	low_pain	0.41369405	0.5861097	0.00019630013
517	no_pain	0.99999934	2.7403945e-07	4.287394e-07
518	no_pain	0.9999963	1.369084e-06	2.2256584e-06
519	no_pain	0.999998	9.3305044e-07	1.1004811e-06
520	no_pain	0.9999928	2.9542248e-06	4.3028253e-06
521	no_pain	0.9999935	3.1051836e-06	3.3916458e-06
522	no_pain	0.99999917	4.2590003e-07	4.2301468e-07
523	no_pain	0.923299	5.9255417e-05	0.07664167
524	no_pain	0.99999565	1.7961803e-06	2.5858947e-06
525	no_pain	0.99999845	7.882737e-07	7.662328e-07
526	no_pain	0.999998	1.1977719e-06	7.9868954e-07
527	no_pain	0.99999744	1.3549218e-06	1.2257296e-06
528	no_pain	0.9999977	1.0656807e-06	1.2585011e-06
529	low_pain	5.6596277e-06	0.999993	1.2931765e-06
530	no_pain	0.99999905	4.3436037e-07	4.860164e-07
531	high_pain	0.16179876	0.38562244	0.4525788
532	high_pain	6.596303e-05	0.000114714145	0.99981934
533	high_pain	0.1422635	0.00014339222	0.8575931
534	high_pain	8.349721e-05	0.28607354	0.713843
535	no_pain	0.9997878	5.5450373e-06	0.00020660242
536	low_pain	6.8496665e-05	0.9998366	9.481425e-05
537	no_pain	0.9999971	1.4406932e-06	1.4880545e-06
538	no_pain	0.9999981	1.1000169e-06	8.1390306e-07
539	no_pain	0.99468565	0.0052332864	8.107388e-05
540	low_pain	1.3168238e-06	0.99999774	9.492024e-07
541	no_pain	0.9999985	5.490678e-07	9.338658e-07
542	no_pain	0.9999992	3.454476e-07	4.1504276e-07
543	no_pain	0.9975093	2.5852018e-05	0.002464885
544	low_pain	6.329298e-06	0.99999183	1.8554044e-06
545	no_pain	0.60486734	6.296942e-05	0.39506975
546	no_pain	0.9999841	1.0831616e-05	5.083463e-06
547	no_pain	0.8516259	0.1483259	4.8185717e-05
548	no_pain	0.99999696	1.8235327e-06	1.2385947e-06
549	low_pain	8.641117e-05	0.9998997	1.3948981e-05
550	low_pain	1.9393192e-05	0.9999744	6.1382893e-06
551	no_pain	0.9999979	9.476675e-07	1.1586746e-06
552	no_pain	0.9999975	1.3265696e-06	1.1916287e-06
553	no_pain	0.99999714	1.2959952e-06	1.5558074e-06
554	no_pain	0.999999	4.5424085e-07	5.380581e-07
555	no_pain	0.9999979	9.028841e-07	1.2116789e-06
556	no_pain	0.9999978	1.1087943e-06	1.0440856e-06
557	no_pain	0.9999986	4.961027e-07	8.232986e-07
558	low_pain	7.804879e-06	0.99999	2.2410525e-06
559	no_pain	0.9999971	1.3401025e-06	1.5485102e-06
560	low_pain	8.718335e-06	0.9999891	2.2201305e-06
561	no_pain	0.9999949	2.9680157e-06	2.1320577e-06
562	no_pain	0.5207313	0.00027697426	0.47899178
563	no_pain	0.99999756	1.2125822e-06	1.2252718e-06
564	no_pain	0.9999982	9.629215e-07	7.6650184e-07
565	low_pain	6.830371e-06	0.9999914	1.7309756e-06
566	no_pain	0.99999887	4.5034858e-07	6.839422e-07
567	no_pain	0.99999845	7.8845966e-07	7.963249e-07
568	no_pain	0.9999992	3.253538e-07	4.057926e-07
569	no_pain	0.9999989	5.135976e-07	5.6988756e-07
570	no_pain	0.638352	0.36157688	7.106387e-05
571	no_pain	0.99999845	7.5252325e-07	7.910712e-07
572	no_pain	0.9999989	4.4019103e-07	6.0649046e-07
573	no_pain	0.9999941	2.3767393e-06	3.5332264e-06
574	no_pain	0.99999756	1.0935429e-06	1.3233317e-06
575	no_pain	0.99999857	6.917388e-07	7.738281e-07
576	no_pain	0.99999744	1.5157691e-06	1.059665e-06
577	low_pain	6.732694e-05	0.9999219	1.0772902e-05
578	no_pain	0.99999726	1.6961678e-06	1.0577771e-06
579	no_pain	0.99999875	4.7430566e-07	7.1668285e-07
580	low_pain	6.983063e-06	0.9999913	1.7703358e-06
581	no_pain	0.99999887	5.439125e-07	6.2393786e-07
582	low_pain	0.0019764097	0.9979883	3.5229994e-05
583	no_pain	0.9999987	7.044546e-07	5.710653e-07
584	low_pain	0.0033650715	0.90874374	0.087891206
585	no_pain	0.99999624	2.1999706e-06	1.573024e-06
586	no_pain	0.999997	1.3982418e-06	1.6378007e-06
587	no_pain	0.9999989	3.891178e-07	6.7945183e-07
588	no_pain	0.999999	4.454978e-07	5.4955206e-07
589	no_pain	0.9999951	2.860597e-06	2.089231e-06
590	no_pain	0.99999636	1.876467e-06	1.7326062e-06
591	no_pain	0.9999985	7.5591015e-07	7.6505336e-07
592	no_pain	0.999999	4.9416883e-07	5.0709707e-07
593	no_pain	0.9999989	4.679373e-07	6.246013e-07
594	no_pain	0.9999977	1.105225e-06	1.2166405e-06
595	no_pain	0.9999981	1.0249048e-06	9.024417e-07
596	no_pain	0.9999994	2.5970377e-07	3.497816e-07
597	low_pain	2.0214111e-05	0.9999761	3.7151083e-06
598	no_pain	0.99999636	1.8373574e-06	1.753715e-06
599	no_pain	0.99999917	3.405551e-07	4.2228842e-07
600	no_pain	0.9999981	9.729904e-07	9.1068785e-07
601	no_pain	0.9999986	6.000996e-07	7.677082e-07
602	no_pain	0.99999934	2.9817915e-07	3.926992e-07
603	no_pain	0.99999917	3.8610463e-07	4.600222e-07
604	no_pain	0.99999636	1.6325606e-06	1.9607974e-06
605	no_pain	0.998672	6.395863e-05	0.0012640561
606	no_pain	0.9999989	5.386582e-07	5.8319375e-07
607	no_pain	0.99999535	2.6371229e-06	1.9853212e-06
608	no_pain	0.999999	4.2943037e-07	5.955271e-07
609	no_pain	0.9999992	3.3371205e-07	3.897819e-07
610	no_pain	0.99999934	3.0331032e-07	3.8356725e-07
611	no_pain	0.99999917	3.3658787e-07	5.299506e-07
612	low_pain	3.4284706e-06	0.9999954	1.1591037e-06
613	high_pain	4.9698425e-05	9.3077e-05	0.9998573
614	no_pain	0.999998	1.1575485e-06	8.688624e-07
615	no_pain	0.9999978	1.0390967e-06	1.1313041e-06
616	low_pain	4.7188216e-05	0.999946	6.8500267e-06
617	no_pain	0.9999962	1.6619778e-06	2.1436822e-06
618	no_pain	0.99999917	4.2307778e-07	4.2092128e-07
619	no_pain	0.99999887	5.913597e-07	5.6424415e-07
620	no_pain	0.9999978	1.2311979e-06	9.1854014e-07
621	no_pain	0.99999624	5.790315e-07	3.1923714e-06
622	no_pain	0.9999978	1.2162675e-06	9.633045e-07
623	no_pain	0.99999744	1.2154948e-06	1.3971018e-06
624	no_pain	0.9964808	0.00014613417	0.0033730282
625	no_pain	0.99999726	1.3321411e-06	1.3466063e-06
626	no_pain	0.9999992	3.2150223e-07	4.2120794e-07
627	no_pain	0.999997	1.4255726e-06	1.5447425e-06
628	no_pain	0.99999714	1.3849494e-06	1.4676215e-06
629	no_pain	0.9999982	6.7748346e-07	1.0947097e-06
630	no_pain	0.99999726	1.4307061e-06	1.2896652e-06
631	no_pain	0.9999976	1.2891908e-06	1.0695362e-06
632	high_pain	0.36160836	0.00035995385	0.63803166
633	no_pain	0.9999966	2.008745e-06	1.4409045e-06
634	no_pain	0.8042638	4.776035e-05	0.19568841
635	no_pain	0.9999991	3.5994944e-07	5.122382e-07
636	no_pain	0.99999934	3.0889328e-07	3.8137145e-07
637	low_pain	5.7359943e-05	0.9999385	4.152964e-06
638	no_pain	0.99999803	1.1656908e-06	7.9469504e-07
639	low_pain	5.500532e-06	0.99999326	1.2376569e-06
640	no_pain	0.99999666	1.6661958e-06	1.6377926e-06
641	high_pain	0.14295197	8.189225e-05	0.85696614
642	low_pain	1.6218831e-06	0.9999972	1.1645409e-06
643	no_pain	0.9999982	7.6892906e-07	1.0270035e-06
644	no_pain	0.99999774	9.37178e-07	1.3277196e-06
645	no_pain	0.99999905	4.3025236e-07	4.9833983e-07
646	no_pain	0.927337	5.6386023e-05	0.07260666
647	low_pain	1.3171239e-06	0.9999978	8.7141325e-07
648	no_pain	0.999999	4.5953897e-07	5.871261e-07
649	no_pain	0.99999887	5.383452e-07	6.2684205e-07
650	no_pain	0.9999986	7.429054e-07	6.3400176e-07
651	no_pain	0.99999684	1.6867218e-06	1.4400258e-06
652	no_pain	0.99999726	1.303791e-06	1.4165525e-06
653	no_pain	0.9999932	3.1040963e-06	3.7652285e-06
654	no_pain	0.9999977	6.71722e-07	1.6154253e-06
655	no_pain	0.9999982	8.2690684e-07	9.697353e-07
656	no_pain	0.99999934	3.0600523e-07	3.4845303e-07
657	no_pain	0.6262086	0.00020664233	0.37358475
658	low_pain	4.935536e-06	0.99999154	3.4847562e-06
659	high_pain	2.303347e-05	0.14311479	0.8568622
660	no_pain	0.99999917	3.7708716e-07	4.6346852e-07
661	high_pain	6.0913017e-06	5.531158e-05	0.9999386
662	no_pain	0.99999875	6.308686e-07	5.940873e-07
663	no_pain	0.99999774	1.1596125e-06	1.0625823e-06
664	no_pain	0.9999986	6.866444e-07	6.6321314e-07
665	no_pain	0.99935246	0.00048987946	0.00015766085
666	no_pain	0.9999991	3.4059752e-07	5.506395e-07
667	no_pain	0.999998	8.341167e-07	1.2627953e-06
668	no_pain	0.9999968	1.277282e-06	1.912961e-06
669	no_pain	0.9999972	1.3841169e-06	1.3838677e-06
670	no_pain	0.99999857	7.1105984e-07	7.1371335e-07
671	no_pain	0.9999975	1.2430713e-06	1.2592307e-06
672	no_pain	0.99999875	6.574605e-07	5.870628e-07
673	no_pain	0.57629806	0.42365414	4.7836154e-05
674	no_pain	0.99999905	4.4037952e-07	5.3292894e-07
675	no_pain	0.9999981	1.0015863e-06	8.983565e-07
676	low_pain	3.6245895e-06	0.999994	2.319779e-06
677	no_pain	0.9999971	1.7772446e-06	1.1133278e-06
678	high_pain	0.000638946	0.22397926	0.77538174
679	no_pain	0.9999981	1.0328864e-06	8.872269e-07
680	no_pain	0.999999	5.3731645e-07	5.1910024e-07
681	no_pain	0.99999905	4.4315922e-07	4.792509e-07
682	no_pain	0.99999696	1.1464863e-06	1.9681206e-06
683	no_pain	0.6066821	0.00015901877	0.39315885
684	no_pain	0.9999994	2.540575e-07	3.8565227e-07
685	no_pain	0.99993974	8.676009e-06	5.1605923e-05
686	high_pain	2.6211492e-05	0.00011530209	0.9998585
687	high_pain	0.3313338	0.00031970354	0.6683465
688	no_pain	0.9999975	1.5005073e-06	1.0555079e-06
689	no_pain	0.99999774	1.2196522e-06	1.0687505e-06
690	no_pain	0.99999905	4.482105e-07	5.015123e-07
691	low_pain	6.6400544e-06	0.9999919	1.4552505e-06
692	no_pain	0.9999981	8.8821923e-07	1.0117338e-06
693	no_pain	0.9999992	3.4552673e-07	4.185867e-07
694	no_pain	0.99999875	6.027659e-07	5.4512697e-07
695	high_pain	0.000107567255	0.00017568213	0.99971676
696	no_pain	0.9999984	9.003479e-07	6.622791e-07
697	no_pain	0.9999971	1.7398954e-06	1.2096486e-06
698	low_pain	0.2658936	0.7340692	3.7113303e-05
699	no_pain	0.99999845	8.3119784e-07	7.125116e-07
700	no_pain	0.99999815	1.0648043e-06	8.189019e-07
701	no_pain	0.99999726	1.6106616e-06	1.0824349e-06
702	no_pain	0.999998	8.639276e-07	1.1701476e-06
703	no_pain	0.99999756	1.2292096e-06	1.2242269e-06
704	no_pain	0.99999803	1.1192603e-06	8.510738e-07
705	no_pain	0.9999989	5.3976595e-07	5.72612e-07
706	no_pain	0.9999981	9.311998e-07	9.4279085e-07
707	no_pain	0.9999951	2.6967791e-06	2.2006602e-06
708	no_pain	0.90678704	0.093161814	5.109356e-05
709	no_pain	0.999996	1.8948041e-06	2.1078097e-06
710	no_pain	0.99999803	1.1279413e-06	8.478865e-07
711	no_pain	0.99999756	1.3926638e-06	1.1022358e-06
712	no_pain	0.99999875	6.1755935e-07	6.304061e-07
713	no_pain	0.99999744	1.1198509e-06	1.453e-06
714	low_pain	0.25835085	0.741549	0.0001001128
715	no_pain	0.9999991	3.8019874e-07	5.208061e-07
716	no_pain	0.9999991	3.5867657e-07	5.662761e-07
717	low_pain	7.016812e-06	0.9999885	4.5153947e-06
718	low_pain	0.42861405	0.57136595	2.0028589e-05
719	no_pain	0.99999857	6.727801e-07	7.3988394e-07
720	no_pain	0.7305965	6.9439084e-05	0.2693341
721	low_pain	1.1048244e-05	0.99998605	2.9063347e-06
722	low_pain	3.6300724e-05	0.9999599	3.8109442e-06
723	no_pain	0.999997	1.5629304e-06	1.4663981e-06
724	no_pain	0.9997297	4.4913454e-06	0.0002658041
725	high_pain	2.7204489e-05	5.9776947e-05	0.99991304
726	no_pain	0.9999976	1.2697403e-06	1.099551e-06
727	no_pain	0.9999948	2.3647133e-06	2.8475638e-06
728	no_pain	0.99999875	5.6034503e-07	6.2264763e-07
729	no_pain	0.7144251	0.28552476	5.019677e-05
730	no_pain	0.9999947	1.8625981e-06	3.4485913e-06
731	low_pain	0.00021279088	0.99978065	6.5452086e-06
732	no_pain	0.8905811	0.10915277	0.0002661373
733	no_pain	0.9999986	7.1318243e-07	6.5386314e-07
734	no_pain	0.9999982	7.431939e-07	9.741021e-07
735	no_pain	0.99999774	1.2635861e-06	9.3772206e-07
736	no_pain	0.99999624	1.756359e-06	2.015961e-06
737	no_pain	0.99999774	9.5088495e-07	1.2962252e-06
738	no_pain	0.99999875	5.9674375e-07	6.5498085e-07
739	no_pain	0.99999917	3.731389e-07	4.7008123e-07
740	no_pain	0.99999744	1.2804978e-06	1.3143274e-06
741	no_pain	0.9999989	5.4815115e-07	5.097107e-07
742	low_pain	4.588175e-05	0.9999464	7.744117e-06
743	no_pain	0.9999873	6.329003e-06	6.3719926e-06
744	no_pain	0.99999815	8.227037e-07	1.0321586e-06
745	no_pain	0.9999984	9.4986143e-07	7.1909045e-07
746	no_pain	0.8572051	0.14276986	2.5058001e-05
747	no_pain	0.9999992	3.3379305e-07	4.0678023e-07
748	low_pain	4.7353e-06	0.999993	2.198402e-06
749	low_pain	3.823406e-06	0.9999949	1.271187e-06
750	no_pain	0.99997675	9.758189e-06	1.3473859e-05
751	no_pain	0.99999917	3.6496235e-07	4.5790858e-07
752	no_pain	0.999998	9.002051e-07	1.1488863e-06
753	no_pain	0.9999985	7.137104e-07	7.308649e-07
754	no_pain	0.57144576	1.1746267e-05	0.42854252
755	no_pain	0.9999983	8.0419056e-07	9.028785e-07
756	no_pain	0.9999624	1.7196886e-05	2.0325251e-05
757	high_pain	1.52144785e-05	0.00015945571	0.99982536
758	low_pain	1.24713615e-05	0.9999806	6.8706136e-06
759	low_pain	0.28676537	0.7132092	2.5360405e-05
760	no_pain	0.999998	1.2018829e-06	8.367134e-07
761	no_pain	0.9999986	5.109402e-07	8.454919e-07
762	no_pain	0.999999	4.6936748e-07	5.7712884e-07
763	no_pain	0.9999987	6.325511e-07	6.429836e-07
764	low_pain	0.42861205	0.5713305	5.7416037e-05
765	no_pain	0.99999744	1.2546283e-06	1.3549076e-06
766	no_pain	0.9999977	1.3355457e-06	9.407463e-07
767	no_pain	0.9999989	4.5319388e-07	6.3509793e-07
768	low_pain	2.3857248e-05	0.9999734	2.7053636e-06
769	no_pain	0.9999989	4.8551425e-07	5.8732815e-07
770	no_pain	0.99999934	3.0394736e-07	3.7525948e-07
771	no_pain	0.9999963	2.2935424e-06	1.3848473e-06
772	no_pain	0.9999991	4.2062828e-07	4.7653222e-07
773	no_pain	0.9999968	1.5105695e-06	1.6892576e-06
774	no_pain	0.99999875	5.0662544e-07	7.349942e-07
775	high_pain	0.14288363	7.1618306e-05	0.85704476
776	no_pain	0.99999887	5.457042e-07	6.081474e-07
777	no_pain	0.9999948	2.1582823e-06	3.0615668e-06
778	no_pain	0.99999905	4.7407525e-07	4.9681864e-07
779	low_pain	5.221639e-06	0.9999935	1.2520999e-06
780	no_pain	0.99999726	1.2334865e-06	1.4577124e-06
781	no_pain	0.999998	1.0166553e-06	1.0019054e-06
782	no_pain	0.8885493	4.3446777e-05	0.111407265
783	no_pain	0.99999857	6.1232123e-07	8.0955397e-07
784	no_pain	0.9999985	8.014294e-07	6.702834e-07
785	no_pain	0.9999989	5.88296e-07	5.583935e-07
786	low_pain	0.00023321004	0.9839959	0.015770903
787	no_pain	0.9999982	8.7132236e-07	9.175265e-07
788	no_pain	0.7179486	0.28199407	5.7240366e-05
789	no_pain	0.999998	9.3837923e-07	1.0837682e-06
790	no_pain	0.9999968	1.7373358e-06	1.5094871e-06
791	low_pain	0.28639722	0.7135936	9.130618e-06
792	no_pain	0.99999624	1.7959053e-06	1.943254e-06
793	no_pain	0.9999992	3.1928406e-07	3.9505446e-07
794	no_pain	0.99999726	1.2592071e-06	1.4947652e-06
795	no_pain	0.8571647	9.651582e-05	0.1427388
796	low_pain	5.1160014e-06	0.9999935	1.3739528e-06
797	no_pain	0.99999577	2.136128e-06	2.0767145e-06
798	no_pain	0.99999684	1.603483e-06	1.5081615e-06
799	no_pain	0.99999917	3.7514437e-07	4.761011e-07
800	no_pain	0.9999976	1.2744969e-06	1.1177282e-06
801	no_pain	0.9999987	6.560554e-07	6.415208e-07
802	no_pain	0.99999905	4.832156e-07	4.7134594e-07
803	no_pain	0.9999978	1.0107227e-06	1.1443506e-06
804	no_pain	0.9999989	5.3060023e-07	6.349492e-07
805	no_pain	0.9999982	8.4401734e-07	9.699722e-07
806	no_pain	0.9999975	1.1667325e-06	1.3376939e-06
807	no_pain	0.99999386	2.8523377e-06	3.2870976e-06
808	no_pain	0.9999987	6.5638295e-07	6.383321e-07
809	no_pain	0.9999979	1.236335e-06	9.1325785e-07
810	low_pain	5.26778e-06	0.9999925	2.2778095e-06
811	high_pain	0.0015303182	0.20896554	0.7895041
812	no_pain	0.9999987	6.8133266e-07	5.730109e-07
813	no_pain	0.99999905	4.4167103e-07	4.6090358e-07
814	low_pain	4.167005e-06	0.9999947	1.1286538e-06
815	no_pain	0.99999887	5.1093195e-07	6.3513136e-07
816	no_pain	0.999999	3.6527513e-07	6.478104e-07
817	no_pain	0.99999326	3.7523241e-06	2.9826163e-06
818	no_pain	0.9999979	1.140353e-06	9.655259e-07
819	no_pain	0.9999981	6.63158e-07	1.2320783e-06
820	no_pain	0.9999978	9.806288e-07	1.1884347e-06
821	no_pain	0.99999845	6.079581e-07	9.435276e-07
822	no_pain	0.9999977	1.0592469e-06	1.2837945e-06
823	no_pain	0.9999985	7.391996e-07	7.128072e-07
824	no_pain	0.9999978	8.7799395e-07	1.3019736e-06
825	high_pain	0.27883515	0.0054274397	0.7157374
826	no_pain	0.99999607	1.9702477e-06	1.942167e-06
827	no_pain	0.99999607	1.6663388e-06	2.3144173e-06
828	no_pain	0.99999845	7.718262e-07	7.852896e-07
829	low_pain	7.057274e-06	0.9999908	2.130406e-06
830	no_pain	0.99999714	1.5007647e-06	1.322542e-06
831	high_pain	0.43081766	0.00011569363	0.56906664
832	no_pain	0.99999523	1.5686101e-06	3.1438037e-06
833	no_pain	0.99999905	4.3189422e-07	4.790549e-07
834	no_pain	0.99999875	4.6673753e-07	7.267051e-07
835	no_pain	0.99999875	5.583102e-07	6.8921696e-07
836	no_pain	0.56912243	0.00030110258	0.4305764
837	no_pain	0.99999684	1.208571e-06	1.9319748e-06
838	no_pain	0.9999994	2.6424132e-07	3.508251e-07
839	no_pain	0.999997	1.31688e-06	1.6502783e-06
840	no_pain	0.8777178	7.6942946e-05	0.12220528
841	no_pain	0.99998945	4.2389916e-06	6.277588e-06
842	no_pain	0.99999565	2.7766166e-06	1.60934e-06
843	high_pain	0.0097157555	0.010521734	0.9797625
844	no_pain	0.99999905	4.5076428e-07	4.9027807e-07
845	no_pain	0.9999961	1.506815e-06	2.374005e-06
846	no_pain	0.9999986	6.6135664e-07	7.459791e-07
847	no_pain	0.9999991	4.2662663e-07	4.6635614e-07
848	no_pain	0.9999989	4.9486437e-07	6.0165996e-07
849	no_pain	0.99999714	1.4120313e-06	1.4849722e-06
850	no_pain	0.9999976	1.3991911e-06	9.79188e-07
851	no_pain	0.9999977	1.1271724e-06	1.1099858e-06
852	high_pain	1.2702519e-05	3.51455e-05	0.99995214
853	no_pain	0.9999989	4.3618493e-07	6.2547025e-07
854	no_pain	0.9999972	1.2018681e-06	1.5756689e-06
855	no_pain	0.99999756	1.0774172e-06	1.3685883e-06
856	no_pain	0.99999934	3.0427654e-07	3.915057e-07
857	low_pain	3.465875e-05	0.999956	9.360842e-06
858	low_pain	1.9288831e-05	0.9999774	3.320718e-06
859	no_pain	0.9999989	4.8036765e-07	6.200545e-07
860	no_pain	0.9999981	9.1963756e-07	1.0022965e-06
861	no_pain	0.99999934	3.0942257e-07	3.8771637e-07
862	low_pain	0.14579205	0.85415447	5.3504456e-05
863	no_pain	0.9999987	5.330177e-07	7.3104184e-07
864	no_pain	0.9999982	9.476189e-07	8.076387e-07
865	no_pain	0.999114	8.959194e-06	0.00087708427
866	no_pain	0.71844065	9.7165896e-05	0.28146216
867	no_pain	0.9999978	6.9276246e-07	1.4676734e-06
868	low_pain	0.06641584	0.933518	6.618932e-05
869	low_pain	0.00015224009	0.9998423	5.422014e-06
870	low_pain	1.1047911e-05	0.9999854	3.5216083e-06
871	no_pain	0.88342476	6.0596714e-05	0.11651458
872	no_pain	0.9999992	3.071725e-07	3.9956885e-07
873	no_pain	0.99999934	2.8067234e-07	3.9140613e-07
874	low_pain	0.009605753	0.8688369	0.12155736
875	no_pain	0.99992913	4.2219917e-06	6.6623754e-05
876	no_pain	0.99999565	2.4496944e-06	1.8870379e-06
877	no_pain	0.9999992	3.2337311e-07	3.8999906e-07
878	no_pain	0.9999981	8.680293e-07	1.0222855e-06
879	low_pain	4.387994e-05	0.9999134	4.2694624e-05
880	no_pain	0.6382006	7.762066e-05	0.36172178
881	no_pain	0.99999726	1.2322299e-06	1.4611654e-06
882	no_pain	0.9999978	1.3200333e-06	9.2317674e-07
883	no_pain	0.99999917	4.0356943e-07	4.3378236e-07
884	low_pain	2.07743e-06	0.99999696	9.56204e-07
885	low_pain	1.5673935e-06	0.99999726	1.1260064e-06
886	no_pain	0.99999845	8.2991016e-07	7.532961e-07
887	no_pain	0.99999756	1.0304746e-06	1.420486e-06
888	low_pain	0.0018012316	0.9981008	9.797575e-05
889	no_pain	0.9999968	1.6621617e-06	1.5461707e-06
890	no_pain	0.99999774	1.2109005e-06	1.061108e-06
891	low_pain	4.6070613e-06	0.99999416	1.2537686e-06
892	no_pain	0.9999967	1.3617401e-06	1.9315587e-06
893	no_pain	0.7507648	0.24896125	0.00027397438
894	low_pain	0.14308766	0.8568912	2.1108386e-05
895	no_pain	0.999997	1.73693e-06	1.2574403e-06
896	no_pain	0.9999977	1.1090564e-06	1.2377308e-06
897	no_pain	0.8645073	8.728825e-05	0.13540536
898	no_pain	0.9999991	3.8249118e-07	4.991801e-07
899	no_pain	0.9999992	3.1777353e-07	4.2206034e-07
900	no_pain	0.999998	9.743947e-07	1.0421254e-06
901	no_pain	0.99999946	2.484921e-07	3.5902502e-07
902	low_pain	1.0567154e-05	0.99998623	3.1826744e-06
903	no_pain	0.99999934	3.1040804e-07	3.970297e-07
904	no_pain	0.99999756	1.3467208e-06	1.0994081e-06
905	no_pain	0.9999991	3.7495622e-07	4.976135e-07
906	no_pain	0.9999981	1.0094105e-06	9.0256333e-07
907	no_pain	0.99999934	3.3413033e-07	3.832527e-07
908	no_pain	0.99999875	4.5804094e-07	7.399354e-07
909	no_pain	0.84279233	2.7160877e-05	0.15718055
910	no_pain	0.99999684	1.7113767e-06	1.4130575e-06
911	no_pain	0.99999934	3.2235363e-07	3.9716517e-07
912	no_pain	0.9999956	2.210532e-06	2.2243144e-06
913	no_pain	0.99999106	3.7189477e-06	5.1353963e-06
914	no_pain	0.9999979	8.234787e-07	1.2296365e-06
915	no_pain	0.9999962	1.7511337e-06	2.0579632e-06
916	no_pain	0.9999935	2.4689728e-06	4.0300897e-06
917	no_pain	0.9999973	1.1604377e-06	1.5349943e-06
918	no_pain	0.9999989	4.952727e-07	6.052164e-07
919	no_pain	0.83900505	3.350771e-05	0.16096146
920	no_pain	0.9999985	7.760036e-07	7.382755e-07
921	no_pain	0.99999875	6.133178e-07	6.3822324e-07
922	no_pain	0.9999892	3.882056e-06	6.901692e-06
923	low_pain	0.32812014	0.4316832	0.24019668
924	no_pain	0.99999684	1.4851321e-06	1.6808273e-06
925	no_pain	0.9999976	1.2720957e-06	1.0862153e-06
926	no_pain	0.9999948	1.8293657e-06	3.3082993e-06
927	no_pain	0.9999936	1.3436355e-06	5.0524764e-06
928	no_pain	0.999999	4.2182495e-07	5.5857834e-07
929	low_pain	9.415126e-06	0.99998856	2.052084e-06
930	low_pain	5.553873e-06	0.99999243	2.0525383e-06
931	no_pain	0.99999875	5.720487e-07	6.512204e-07
932	no_pain	0.9999984	6.7621204e-07	9.1905565e-07
933	no_pain	0.99999917	3.867651e-07	4.2965766e-07
934	no_pain	0.9999966	1.5443893e-06	1.8598569e-06
935	high_pain	0.14300351	0.0001270075	0.8568695
936	no_pain	0.99999905	3.584259e-07	6.19462e-07
937	low_pain	1.3061978e-05	0.9999843	2.5999009e-06
938	no_pain	0.99999917	3.4833093e-07	4.3920565e-07
939	no_pain	0.9999978	9.430199e-07	1.2775502e-06
940	no_pain	0.9999906	2.8260588e-06	6.5586823e-06
941	no_pain	0.9999992	3.236935e-07	3.9867527e-07
942	no_pain	0.99999577	2.4055591e-06	1.8639836e-06
943	low_pain	0.22265264	0.7770559	0.00029141502
944	no_pain	0.9999986	6.0018345e-07	7.349727e-07
945	no_pain	0.9999986	7.180096e-07	6.693307e-07
946	no_pain	0.5714422	2.4369429e-05	0.42853346
947	low_pain	0.4272136	0.5727553	3.114777e-05
948	no_pain	0.9999794	2.8967183e-06	1.7754874e-05
949	no_pain	0.91369194	0.00020240757	0.08610567
950	no_pain	0.9999978	9.2530416e-07	1.260686e-06
951	no_pain	0.9999985	5.960255e-07	8.9112064e-07
952	no_pain	0.99870735	0.0012748826	1.777432e-05
953	no_pain	0.999999	4.524315e-07	6.0799266e-07
954	no_pain	0.9999959	1.6393808e-06	2.4088147e-06
955	no_pain	0.9999986	6.611653e-07	7.2504247e-07
956	no_pain	0.9999965	1.6042577e-06	1.9542445e-06
957	no_pain	0.99999666	1.977398e-06	1.3582321e-06
958	no_pain	0.9999413	4.5287175e-06	5.4207037e-05
959	no_pain	0.999999	3.8768806e-07	6.5448177e-07
960	no_pain	0.86676353	8.189135e-05	0.1331546
961	no_pain	0.99999905	3.6089241e-07	5.9437036e-07
962	no_pain	0.9999984	9.3511073e-07	7.427413e-07
963	no_pain	0.78008544	6.281228e-05	0.21985175
964	no_pain	0.99999475	2.44947e-06	2.8042998e-06
965	no_pain	0.99999934	3.064911e-07	3.7128413e-07
966	no_pain	0.9999957	1.9314577e-06	2.341878e-06
967	no_pain	0.99999917	3.7802712e-07	4.4902137e-07
968	no_pain	0.99999875	6.215285e-07	6.224415e-07
969	no_pain	0.5705504	4.794612e-05	0.42940164
970	no_pain	0.99999577	2.4798294e-06	1.7772567e-06
971	no_pain	0.9999923	3.521168e-06	4.117632e-06
972	no_pain	0.9999989	4.7422503e-07	6.2846436e-07
973	no_pain	0.9999991	3.4483497e-07	5.490361e-07
974	no_pain	0.9999937	3.0887895e-06	3.2238356e-06
975	no_pain	0.9999991	3.3935416e-07	5.510953e-07
976	no_pain	0.63677174	0.3631889	3.9336326e-05
977	no_pain	0.99999875	4.8356986e-07	7.523587e-07
978	no_pain	0.5713466	7.2396397e-06	0.42864618
979	no_pain	0.99999756	1.0830505e-06	1.3422432e-06
980	no_pain	0.9999989	5.141543e-07	5.904968e-07
981	no_pain	0.99999696	1.6387681e-06	1.4257836e-06
982	no_pain	0.9999982	7.8913763e-07	1.0369811e-06
983	low_pain	2.8751823e-05	0.99996835	2.8937425e-06
984	no_pain	0.9999986	6.498606e-07	7.166153e-07
985	no_pain	0.9999979	8.026812e-07	1.2883403e-06
986	low_pain	0.2881917	0.71170807	0.00010022548
987	no_pain	0.9999729	6.5638997e-06	2.0573894e-05
988	no_pain	0.9999983	8.7721645e-07	8.347955e-07
989	no_pain	0.99999696	1.486509e-06	1.5716256e-06
990	high_pain	0.1454365	0.00026601256	0.8542975
991	low_pain	3.6868473e-06	0.99999464	1.6786164e-06
992	no_pain	0.99999654	1.4790287e-06	2.0126238e-06
993	no_pain	0.8688016	7.588521e-05	0.13112257
994	no_pain	0.9999987	5.846965e-07	6.552865e-07
995	high_pain	0.29998896	0.0005728525	0.69943815
996	no_pain	0.99999934	2.9323013e-07	3.8020946e-07
997	low_pain	5.1520266e-05	0.9999406	7.887483e-06
998	no_pain	0.99999756	1.1022078e-06	1.346967e-06
999	no_pain	0.99999845	7.4133703e-07	8.395972e-07
1000	no_pain	0.99999225	2.7421231e-06	5.027022e-06
1001	no_pain	0.99999845	8.254711e-07	7.4077576e-07
1002	no_pain	0.9999975	1.2827195e-06	1.2548213e-06
1003	no_pain	0.99999577	1.7759343e-06	2.4013718e-06
1004	no_pain	0.99999934	3.1375268e-07	3.8494954e-07
1005	no_pain	0.9999959	2.105812e-06	1.997861e-06
1006	high_pain	1.8069546e-05	6.792596e-05	0.999914
1007	no_pain	0.99999684	1.4907506e-06	1.6158025e-06
1008	no_pain	0.9999987	6.5397114e-07	6.2489335e-07
1009	no_pain	0.999998	8.903294e-07	1.2080789e-06
1010	no_pain	0.9999936	2.7905787e-06	3.6202523e-06
1011	no_pain	0.8480293	2.1394093e-05	0.15194929
1012	low_pain	0.14289884	0.85709125	9.928917e-06
1013	no_pain	0.999999	4.3454833e-07	5.62351e-07
1014	no_pain	0.99999577	2.949923e-06	1.3187889e-06
1015	no_pain	0.99999756	1.1268781e-06	1.3541166e-06
1016	no_pain	0.91366583	3.5194127e-05	0.086299
1017	no_pain	0.9999991	4.0213314e-07	4.943457e-07
1018	no_pain	0.9999977	1.4010888e-06	9.238358e-07
1019	no_pain	0.999998	9.927107e-07	1.0687743e-06
1020	no_pain	0.9999985	7.934638e-07	7.3812515e-07
1021	no_pain	0.99999815	7.435386e-07	1.1127574e-06
1022	no_pain	0.9999976	1.4390218e-06	9.553372e-07
1023	no_pain	0.999997	1.2233841e-06	1.7335357e-06
1024	high_pain	0.00070090004	0.0075948513	0.9917043
1025	no_pain	0.999998	1.1753137e-06	8.243575e-07
1026	no_pain	0.99999857	5.727365e-07	8.504095e-07
1027	no_pain	0.9999982	9.554722e-07	8.4635656e-07
1028	no_pain	0.99999684	1.4773312e-06	1.6470514e-06
1029	no_pain	0.9999992	3.2880754e-07	4.3105666e-07
1030	low_pain	0.21732418	0.7826061	6.9679765e-05
1031	no_pain	0.9974387	1.6496915e-05	0.0025448038
1032	no_pain	0.9999942	2.1907374e-06	3.6278664e-06
1033	low_pain	3.6293852e-06	0.99999446	1.8939505e-06
1034	no_pain	0.9999954	2.2639579e-06	2.2711079e-06
1035	no_pain	0.99999577	2.3936066e-06	1.8428539e-06
1036	no_pain	0.9999989	4.6813332e-07	6.001983e-07
1037	no_pain	0.99999714	1.3678175e-06	1.4909898e-06
1038	low_pain	8.683438e-06	0.999989	2.3550012e-06
1039	no_pain	0.9999979	9.098476e-07	1.2024448e-06
1040	no_pain	0.7284087	9.4716655e-05	0.27149665
1041	no_pain	0.99999714	1.5120165e-06	1.2936498e-06
1042	no_pain	0.99999934	2.4671218e-07	3.7397527e-07
1043	no_pain	0.9999952	2.6844566e-06	2.1761207e-06
1044	no_pain	0.9999986	6.242217e-07	6.864679e-07
1045	no_pain	0.99999917	3.6934762e-07	4.56253e-07
1046	no_pain	0.99988526	9.379656e-06	0.00010533859
1047	no_pain	0.99999845	6.1460076e-07	9.080804e-07
1048	no_pain	0.9999963	1.5748211e-06	2.1052954e-06
1049	no_pain	0.99999917	3.643848e-07	4.0027552e-07
1050	no_pain	0.99999917	3.4412204e-07	4.3366367e-07
1051	no_pain	0.99999887	5.630882e-07	6.218284e-07
1052	no_pain	0.99999744	1.2664194e-06	1.3288736e-06
1053	no_pain	0.99999875	6.2085104e-07	6.493685e-07
1054	no_pain	0.9999975	1.3241878e-06	1.1905258e-06
1055	no_pain	0.99999577	1.8176539e-06	2.361089e-06
1056	no_pain	0.9999983	7.0646183e-07	9.67523e-07
1057	low_pain	6.6504836e-06	0.9999917	1.6686997e-06
1058	no_pain	0.9999991	3.371912e-07	5.5061247e-07
1059	no_pain	0.99997854	4.7888966e-06	1.6685031e-05
1060	no_pain	0.9999984	6.436584e-07	9.863176e-07
1061	low_pain	1.156694e-05	0.99998605	2.4058609e-06
1062	low_pain	0.008656764	0.99128777	5.548333e-05
1063	no_pain	0.9999967	1.2433401e-06	2.0566245e-06
1064	no_pain	0.9999968	1.3613646e-06	1.8292351e-06
1065	high_pain	0.00039124303	0.14211443	0.85749435
1066	no_pain	0.99999934	2.7677441e-07	3.8525067e-07
1067	no_pain	0.9999979	1.014251e-06	1.1226891e-06
1068	low_pain	6.361756e-06	0.99999	3.6695753e-06
1069	no_pain	0.9999977	1.1086483e-06	1.1810113e-06
1070	no_pain	0.99999756	1.4653322e-06	9.640207e-07
1071	low_pain	0.00024352148	0.99974835	8.132753e-06
1072	no_pain	0.9999991	3.3038967e-07	5.9324714e-07
1073	low_pain	0.0004787547	0.99950993	1.1291696e-05
1074	no_pain	0.9999986	6.8499713e-07	6.857223e-07
1075	low_pain	6.292751e-05	0.9999332	3.8907033e-06
1076	no_pain	0.9999994	2.5031213e-07	3.8076936e-07
1077	low_pain	0.00022433045	0.99971825	5.746103e-05
1078	low_pain	0.00021633238	0.7141606	0.28562304
1079	no_pain	0.9999982	1.0351921e-06	7.838388e-07
1080	no_pain	0.9999992	3.2273937e-07	4.0494646e-07
1081	no_pain	0.8128117	5.340575e-05	0.1871349
1082	no_pain	0.9898476	2.1238666e-05	0.010131144
1083	no_pain	0.9999989	5.6103045e-07	5.308209e-07
1084	no_pain	0.9999983	1.0108286e-06	6.837862e-07
1085	no_pain	0.9999981	9.953189e-07	9.071386e-07
1086	no_pain	0.99999875	6.212241e-07	5.840462e-07
1087	low_pain	8.789596e-06	0.99998945	1.7438651e-06
1088	no_pain	0.99999714	1.2987309e-06	1.548683e-06
1089	low_pain	3.829208e-05	0.999955	6.7195806e-06
1090	no_pain	0.999998	8.3961817e-07	1.2208069e-06
1091	high_pain	0.42699823	3.3871373e-05	0.5729679
1092	no_pain	0.9999971	1.6781695e-06	1.2280406e-06
1093	no_pain	0.9999978	1.2825232e-06	8.7630445e-07
1094	no_pain	0.9999973	1.2613821e-06	1.3589039e-06
1095	no_pain	0.9999992	2.8988487e-07	4.6626954e-07
1096	no_pain	0.9999971	1.6995782e-06	1.2493217e-06
1097	no_pain	0.99999607	1.76007e-06	2.2299023e-06
1098	low_pain	2.307979e-06	0.99999607	1.6057737e-06
1099	no_pain	0.9999984	8.671995e-07	7.5466335e-07
1100	no_pain	0.9999977	1.3462402e-06	9.72682e-07
1101	no_pain	0.9999983	9.340947e-07	7.1276787e-07
1102	no_pain	0.9999966	1.8319358e-06	1.5222574e-06
1103	high_pain	0.08165455	0.072174154	0.84617126
1104	no_pain	0.99999845	7.267058e-07	8.610711e-07
1105	high_pain	0.44261393	0.0012342772	0.5561518
1106	high_pain	2.4827588e-05	7.7642e-05	0.99989754
1107	no_pain	0.9999963	1.7314978e-06	1.9513307e-06
1108	no_pain	0.99999523	3.2784233e-06	1.4726194e-06
1109	high_pain	7.510704e-06	5.5393255e-05	0.9999371
1110	no_pain	0.9999986	6.86994e-07	6.19962e-07
1111	no_pain	0.89688295	6.531169e-05	0.10305173
1112	no_pain	0.9999985	7.245608e-07	7.9559413e-07
1113	no_pain	0.99999756	1.0362302e-06	1.3754352e-06
1114	no_pain	0.99999857	6.7437384e-07	7.122706e-07
1115	low_pain	1.5020576e-05	0.99998146	3.5304517e-06
1116	no_pain	0.9999958	2.3629666e-06	1.7598185e-06
1117	no_pain	0.9999991	4.0041638e-07	4.9527864e-07
1118	low_pain	2.7597123e-05	0.99996775	4.620834e-06
1119	no_pain	0.99999917	3.701569e-07	4.7211583e-07
1120	high_pain	6.2577774e-06	1.3974578e-05	0.9999798
1121	no_pain	0.9996551	4.9440646e-06	0.00033997168
1122	high_pain	0.2858111	6.4646e-05	0.71412426
1123	no_pain	0.9999973	1.5675467e-06	1.0816055e-06
1124	no_pain	0.99999875	5.5566744e-07	6.1571916e-07
1125	no_pain	0.99999714	1.4697755e-06	1.4491694e-06
1126	no_pain	0.9999965	1.9993347e-06	1.5865652e-06
1127	low_pain	4.3743453e-06	0.999994	1.5783447e-06
1128	no_pain	0.99999714	1.399633e-06	1.4803361e-06
1129	no_pain	0.9999963	2.0772036e-06	1.5270369e-06
1130	no_pain	0.9999943	3.399286e-06	2.3622783e-06
1131	no_pain	0.9999989	5.2105423e-07	5.309213e-07
1132	no_pain	0.9999965	1.6590049e-06	1.8538832e-06
1133	no_pain	0.99999875	6.0515237e-07	5.7914247e-07
1134	low_pain	1.4969511e-05	0.9999813	3.776827e-06
1135	no_pain	0.9999992	3.292519e-07	3.9177925e-07
1136	no_pain	0.9999984	8.2388993e-07	8.3257277e-07
1137	no_pain	0.99999905	4.329376e-07	5.5873386e-07
1138	no_pain	0.99999905	4.5378516e-07	4.659968e-07
1139	no_pain	0.999994	3.7841364e-06	2.1710553e-06
1140	high_pain	6.985307e-06	1.8213714e-05	0.9999748
1141	no_pain	0.9999986	6.100133e-07	7.039971e-07
1142	no_pain	0.8620495	0.13791388	3.6571142e-05
1143	no_pain	0.99999887	5.8939986e-07	5.6613413e-07
1144	no_pain	0.99999905	3.5671718e-07	5.7954827e-07
1145	no_pain	0.9999991	3.5826264e-07	5.623223e-07
1146	high_pain	0.2746274	0.00027998307	0.7250926
1147	no_pain	0.9999992	3.5085552e-07	4.038645e-07
1148	no_pain	0.9999968	1.525918e-06	1.7051249e-06
1149	no_pain	0.9999982	1.0265804e-06	7.885155e-07
1150	no_pain	0.9998398	0.00014414663	1.6045638e-05
1151	low_pain	0.00011966876	0.99738985	0.002490476
1152	low_pain	0.4371593	0.56266916	0.00017155868
1153	no_pain	0.99999815	1.0528554e-06	7.7424255e-07
1154	no_pain	0.99999815	9.789644e-07	8.5178897e-07
1155	no_pain	0.9595875	0.040267795	0.00014466517
1156	high_pain	7.9097845e-05	3.450627e-05	0.9998864
1157	no_pain	0.9999986	6.3653493e-07	6.8274903e-07
1158	no_pain	0.9999989	4.6868513e-07	6.353257e-07
1159	low_pain	8.948925e-06	0.9999884	2.7246374e-06
1160	no_pain	0.8572005	1.3074678e-05	0.14278641
1161	no_pain	0.9999981	8.773114e-07	1.0047353e-06
1162	no_pain	0.99999875	5.9104644e-07	6.833783e-07
1163	no_pain	0.9999985	7.959701e-07	7.3542503e-07
1164	low_pain	0.14522968	0.85474694	2.3378392e-05
1165	no_pain	0.9999936	3.3656447e-06	2.97886e-06
1166	low_pain	6.646483e-06	0.99999136	2.014313e-06
1167	no_pain	0.9999985	7.2806193e-07	7.190674e-07
1168	low_pain	0.1417897	0.8581911	1.9264206e-05
1169	no_pain	0.9999991	3.2839617e-07	5.2734504e-07
1170	no_pain	0.99999934	2.9508652e-07	3.8004592e-07
1171	no_pain	0.99999887	4.6263628e-07	6.748316e-07
1172	no_pain	0.9999967	1.7864807e-06	1.4943752e-06
1173	no_pain	0.9843092	3.784034e-05	0.015652956
1174	low_pain	0.28425175	0.7157015	4.673048e-05
1175	no_pain	0.9999989	4.335597e-07	6.169935e-07
1176	no_pain	0.99999803	1.2095845e-06	8.1488133e-07
1177	no_pain	0.99999905	4.102929e-07	5.417258e-07
1178	no_pain	0.9999978	1.0603657e-06	1.1458262e-06
1179	low_pain	0.00010168547	0.99988705	1.1240751e-05
1180	no_pain	0.9999983	6.737849e-07	1.0331657e-06
1181	no_pain	0.99999917	3.656605e-07	4.6090707e-07
1182	no_pain	0.9999985	6.1317985e-07	8.709756e-07
1183	no_pain	0.9999903	4.1490794e-06	5.6120393e-06
1184	no_pain	0.9999977	1.1265754e-06	1.1704979e-06
1185	low_pain	1.2789072e-05	0.99998385	3.363062e-06
1186	high_pain	1.0583635e-05	2.29841e-05	0.99996644
1187	no_pain	0.99999905	4.5649762e-07	4.875353e-07
1188	no_pain	0.99999875	5.5513425e-07	6.791797e-07
1189	no_pain	0.9999935	3.6248207e-06	2.818326e-06
1190	low_pain	0.00049941725	0.999484	1.6627255e-05
1191	no_pain	0.9999986	6.986108e-07	6.2831856e-07
1192	no_pain	0.9999984	8.495026e-07	8.0523796e-07
1193	no_pain	0.9999982	9.1012026e-07	8.409302e-07
1194	low_pain	0.14311025	0.8568708	1.8953377e-05
1195	no_pain	0.99999774	1.0112032e-06	1.2847128e-06
1196	no_pain	0.9999986	6.3447436e-07	7.325839e-07
1197	low_pain	0.27924687	0.7206078	0.00014528565
1198	no_pain	0.99998146	8.812022e-06	9.757873e-06
1199	no_pain	0.99999917	3.9188853e-07	4.348969e-07
1200	no_pain	0.9999983	8.2410907e-07	8.273767e-07
1201	no_pain	0.99999934	2.9913886e-07	3.6068326e-07
1202	no_pain	0.8763903	7.201524e-05	0.123537734
1203	no_pain	0.99999917	4.0236677e-07	4.0944192e-07
1204	no_pain	0.9999962	2.176568e-06	1.6182227e-06
1205	no_pain	0.99999905	4.615304e-07	4.801207e-07
1206	no_pain	0.9999965	1.82879e-06	1.7591293e-06
1207	no_pain	0.9999978	9.2236104e-07	1.2680058e-06
1208	no_pain	0.999999	4.3713345e-07	5.6454195e-07
1209	low_pain	2.6484836e-06	0.9999963	1.0039479e-06
1210	low_pain	4.2014628e-05	0.99995196	6.0077805e-06
1211	low_pain	0.2804222	0.7174946	0.002083192
1212	no_pain	0.9999986	4.9959107e-07	8.462904e-07
1213	no_pain	0.99999917	3.552684e-07	4.591234e-07
1214	no_pain	0.9999976	9.748063e-07	1.4327171e-06
1215	no_pain	0.9999951	2.1062192e-06	2.7803221e-06
1216	no_pain	0.9999987	6.1351756e-07	7.033869e-07
1217	no_pain	0.99999917	3.185127e-07	5.202536e-07
1218	no_pain	0.8542839	9.8539655e-05	0.14561753
1219	no_pain	0.99999887	4.6787363e-07	6.3888416e-07
1220	no_pain	0.8010903	0.0005584586	0.19835122
1221	no_pain	0.9999975	1.5025523e-06	1.027758e-06
1222	no_pain	0.99999624	1.89849e-06	1.8370408e-06
1223	low_pain	1.3563183e-05	0.9999842	2.2569172e-06
1224	no_pain	0.99998325	6.3527827e-06	1.0379705e-05
1225	no_pain	0.999989	3.1354423e-06	7.960013e-06
1226	low_pain	1.6911564e-06	0.9999971	1.2519353e-06
1227	no_pain	0.9999986	7.4087023e-07	6.6834457e-07
1228	no_pain	0.99999887	5.4990244e-07	5.9761624e-07
1229	no_pain	0.99999917	3.7077527e-07	4.7919076e-07
1230	no_pain	0.99999905	3.4980593e-07	6.3034855e-07
1231	high_pain	0.4029908	0.0009299629	0.5960793
1232	no_pain	0.7692825	6.7777626e-05	0.23064968
1233	no_pain	0.9999978	1.243615e-06	8.9234214e-07
1234	high_pain	0.00017723841	0.14137796	0.85844475
1235	low_pain	6.514353e-06	0.999991	2.4427593e-06
1236	low_pain	0.42855278	0.5714331	1.4105457e-05
1237	high_pain	1.5379415e-05	4.1361985e-05	0.99994326
1238	high_pain	5.4857403e-05	0.0028447045	0.9971005
1239	no_pain	0.9999966	1.631363e-06	1.7711398e-06
1240	no_pain	0.9999989	4.361586e-07	6.566741e-07
1241	no_pain	0.9999963	1.3613868e-06	2.2785887e-06
1242	no_pain	0.9999989	4.7797863e-07	6.4572896e-07
1243	no_pain	0.99999845	6.936363e-07	8.671796e-07
1244	low_pain	0.1363577	0.86344725	0.0001950409
1245	no_pain	0.99999297	2.5269594e-06	4.5076426e-06
1246	low_pain	7.892806e-06	0.9999905	1.5283105e-06
1247	low_pain	0.30560613	0.6939922	0.00040171348
1248	no_pain	0.87977743	6.957286e-05	0.12015302
1249	no_pain	0.7531404	7.256913e-05	0.24678704
1250	no_pain	0.9999982	1.0484384e-06	7.412419e-07
1251	no_pain	0.9999991	3.6864543e-07	5.026642e-07
1252	high_pain	1.727525e-05	7.1613395e-05	0.9999111
1253	no_pain	0.9999989	4.5984828e-07	6.0026713e-07
1254	low_pain	1.1311035e-05	0.9999868	1.8405548e-06
1255	no_pain	0.9640869	3.4044777e-05	0.035879068
1256	no_pain	0.99999905	4.5029446e-07	5.337135e-07
1257	no_pain	0.99999845	8.3490625e-07	7.143804e-07
1258	no_pain	0.9999991	3.8255016e-07	4.7675607e-07
1259	no_pain	0.99999493	2.7847516e-06	2.293602e-06
1260	low_pain	5.5059363e-06	0.99999315	1.4009665e-06
1261	no_pain	0.99999905	4.16796e-07	5.621891e-07
1262	no_pain	0.99999887	4.9709854e-07	7.032909e-07
1263	no_pain	0.9999975	1.0536322e-06	1.449756e-06
1264	no_pain	0.9999944	2.5161357e-06	3.0971166e-06
1265	no_pain	0.99999917	3.732627e-07	4.683428e-07
1266	high_pain	0.16509986	0.0014148605	0.83348525
1267	no_pain	0.9999958	2.3892658e-06	1.8054409e-06
1268	low_pain	0.00033856026	0.9996538	7.635722e-06
1269	no_pain	0.9999986	7.29898e-07	6.629695e-07
1270	no_pain	0.99999756	1.1505355e-06	1.3207198e-06
1271	no_pain	0.9999992	3.089096e-07	4.0670642e-07
1272	no_pain	0.999998	9.291637e-07	1.0664595e-06
1273	no_pain	0.9999992	3.1883457e-07	4.3565396e-07
1274	no_pain	0.99999905	4.364046e-07	4.6196763e-07
1275	no_pain	0.9999979	1.0953406e-06	1.0572804e-06
1276	no_pain	0.99999905	4.408284e-07	4.872848e-07
1277	no_pain	0.9999986	5.2822395e-07	8.075018e-07
1278	no_pain	0.9999992	3.311636e-07	3.9802768e-07
1279	no_pain	0.99999905	4.803887e-07	4.813345e-07
1280	no_pain	0.999991	3.9408856e-06	5.0373965e-06
1281	no_pain	0.99999917	3.4601914e-07	4.4632856e-07
1282	high_pain	7.1081718e-06	1.2110482e-05	0.99998075
1283	no_pain	0.9999986	5.7434e-07	7.703317e-07
1284	no_pain	0.9999985	5.6101027e-07	9.103102e-07
1285	no_pain	0.9999982	8.50316e-07	9.218671e-07
1286	no_pain	0.9999981	1.0399339e-06	8.9608903e-07
1287	no_pain	0.99999917	3.575739e-07	4.180026e-07
1288	high_pain	2.9261852e-05	0.00032188167	0.99964887
1289	no_pain	0.999999	5.1341345e-07	5.1499256e-07
1290	no_pain	0.9999984	9.7056e-07	6.720457e-07
1291	no_pain	0.77211344	5.914723e-05	0.22782739
1292	no_pain	0.99999654	2.0028087e-06	1.4552817e-06
1293	low_pain	0.0003004466	0.9818212	0.017878389
1294	no_pain	0.9999987	5.4412914e-07	7.469029e-07
1295	low_pain	9.046701e-06	0.99998873	2.1848064e-06
1296	no_pain	0.99999845	7.7582746e-07	8.415762e-07
1297	no_pain	0.99999815	8.7628666e-07	9.42754e-07
1298	no_pain	0.9999977	1.2666407e-06	1.0576465e-06
1299	no_pain	0.99999875	6.316136e-07	5.917915e-07
1300	low_pain	0.00014884832	0.99983233	1.8778976e-05
1301	no_pain	0.9999981	8.6483686e-07	1.0188429e-06
1302	no_pain	0.9999984	7.067265e-07	9.1096337e-07
1303	no_pain	0.99999917	4.1409268e-07	4.4497583e-07
1304	no_pain	0.9999991	3.3524162e-07	5.563964e-07
1305	no_pain	0.9999977	1.2304179e-06	1.0789672e-06
1306	no_pain	0.9999984	7.328384e-07	8.6615125e-07
1307	no_pain	0.99999845	7.482239e-07	8.057174e-07
1308	no_pain	0.99999654	1.4252395e-06	2.0503526e-06
1309	low_pain	1.207668e-05	0.9999856	2.3696582e-06
1310	no_pain	0.9999981	8.766643e-07	1.0459697e-06
1311	high_pain	0.45940182	0.00017954678	0.5404186
1312	no_pain	0.99998873	5.5234736e-06	5.746908e-06
1313	no_pain	0.99999756	1.3655355e-06	1.0655701e-06
1314	no_pain	0.999998	1.0233367e-06	1.0220505e-06
1315	low_pain	0.0001698504	0.9998244	5.742797e-06
1316	no_pain	0.99998814	4.715753e-06	7.0974315e-06
1317	no_pain	0.99999464	2.9367263e-06	2.4076176e-06
1318	low_pain	7.4159354e-05	0.9999217	4.1999915e-06
1319	no_pain	0.99999624	1.7594721e-06	1.978551e-06
1320	no_pain	0.9999984	8.850763e-07	7.869048e-07
1321	no_pain	0.999999	4.4881295e-07	5.8306154e-07
1322	no_pain	0.99999905	4.842347e-07	4.4697825e-07
1323	no_pain	0.9999966	1.653306e-06	1.7196822e-06
