sample_index	label	no_pain	low_pain	high_pain
000	no_pain	0.9999842	1.3521096e-05	2.3041805e-06
001	no_pain	0.998011	9.5343865e-05	0.0018936694
002	no_pain	0.9999952	2.527462e-06	2.26308e-06
003	no_pain	0.99999684	1.3026626e-06	1.8355347e-06
004	no_pain	0.99997234	8.419874e-06	1.9236113e-05
005	no_pain	0.97493315	0.00028113739	0.024785694
006	no_pain	0.9996659	6.7484093e-06	0.00032734204
007	no_pain	0.99999756	1.858937e-06	5.6080233e-07
008	no_pain	0.9999938	2.1566177e-06	4.032191e-06
009	no_pain	0.9999908	6.9715074e-06	2.2346544e-06
010	no_pain	0.99999803	1.5661208e-06	4.0909688e-07
011	no_pain	0.99999815	1.2501678e-06	5.7393476e-07
012	no_pain	0.9999891	8.384266e-06	2.5217312e-06
013	no_pain	0.99998885	6.5864638e-06	4.6227333e-06
014	no_pain	0.99636495	0.00010053662	0.0035344742
015	no_pain	0.99990946	7.668866e-06	8.284114e-05
016	low_pain	3.6669292e-06	0.9999959	3.768476e-07
017	no_pain	0.9999586	1.1851454e-05	2.9577854e-05
018	low_pain	3.3388806e-05	0.99994797	1.8678906e-05
019	no_pain	0.999997	1.5743739e-06	1.424941e-06
020	no_pain	0.9999915	5.4383117e-06	3.0316623e-06
021	no_pain	0.9999965	2.366333e-06	1.1967271e-06
022	no_pain	0.73189694	8.647895e-05	0.26801658
023	low_pain	3.1479647e-08	1.0	5.5842233e-09
024	no_pain	0.87795293	7.371001e-05	0.12197334
025	no_pain	0.999997	2.204293e-06	7.984078e-07
026	low_pain	7.55241e-08	0.99999994	1.5402797e-08
027	no_pain	0.99999684	1.9213574e-06	1.1771348e-06
028	no_pain	0.99999124	6.9635603e-06	1.8384237e-06
029	no_pain	0.99776137	9.978072e-05	0.0021388365
030	no_pain	0.99998873	9.961108e-06	1.2440503e-06
031	no_pain	0.99996096	7.943439e-06	3.1088504e-05
032	no_pain	0.99998873	7.208181e-06	4.0208115e-06
033	no_pain	0.97659117	0.001285138	0.022123728
034	no_pain	0.999975	1.4536085e-05	1.047845e-05
035	no_pain	0.99999344	5.1861725e-06	1.3176606e-06
036	low_pain	4.106921e-08	1.0	6.5225043e-09
037	no_pain	0.7919759	8.8664885e-05	0.20793538
038	no_pain	0.9999757	1.6638707e-05	7.691096e-06
039	no_pain	0.9999665	1.1737221e-05	2.1780696e-05
040	no_pain	0.90376997	6.171726e-05	0.096168354
041	low_pain	3.6682448e-07	0.9999995	9.283873e-08
042	low_pain	2.503625e-07	0.9999991	6.122794e-07
043	low_pain	1.0768556e-06	0.99999857	3.4354647e-07
044	no_pain	0.9999979	1.6691534e-06	4.5454286e-07
045	high_pain	3.8530183e-05	0.00030603007	0.9996554
046	high_pain	5.9234833e-05	6.729061e-05	0.9998735
047	no_pain	0.99999005	7.720378e-06	2.2566944e-06
048	no_pain	0.9999986	7.49008e-07	6.1253377e-07
049	high_pain	2.3121142e-07	2.9820617e-07	0.99999946
050	high_pain	2.9584115e-05	3.7324096e-06	0.9999666
051	no_pain	0.99999744	1.7655424e-06	8.711049e-07
052	low_pain	2.25354e-06	0.99999756	1.5838982e-07
053	low_pain	0.28570804	0.7142916	3.3211464e-07
054	no_pain	0.9999976	1.7714361e-06	6.575288e-07
055	no_pain	0.93884176	4.4877648e-05	0.06111337
056	no_pain	0.9999889	8.429495e-06	2.6885405e-06
057	no_pain	0.8893431	0.11063387	2.3083809e-05
058	no_pain	0.9999658	9.660702e-06	2.4539459e-05
059	no_pain	0.99995285	2.650083e-05	2.0600075e-05
060	no_pain	0.6228932	0.00011682064	0.37699002
061	no_pain	0.9989156	0.00015534456	0.00092904357
062	no_pain	0.99984074	0.000119762495	3.9497314e-05
063	no_pain	0.9971715	0.00012105085	0.0027074548
064	no_pain	0.9999917	4.9493224e-06	3.3066935e-06
065	no_pain	0.9999963	2.769976e-06	9.32006e-07
066	no_pain	0.9999837	9.1625625e-06	7.0638057e-06
067	no_pain	0.99990433	7.1409704e-05	2.4202509e-05
068	no_pain	0.92396164	5.6765082e-05	0.075981624
069	no_pain	0.9999941	3.928509e-06	1.9654449e-06
070	no_pain	0.999998	1.7142039e-06	3.4782641e-07
071	low_pain	9.701464e-05	0.53157943	0.46832356
072	no_pain	0.9999929	5.270856e-06	1.7796108e-06
073	no_pain	0.78831565	0.00010853027	0.21157578
074	no_pain	0.9998748	3.3567063e-05	9.16343e-05
075	no_pain	0.9982947	7.707808e-05	0.0016282074
076	no_pain	0.8654832	0.00073759997	0.13377918
077	no_pain	0.99999684	2.1536205e-06	9.5107134e-07
078	no_pain	0.99999315	6.0879365e-06	8.0807934e-07
079	no_pain	0.9999927	4.543798e-06	2.6795317e-06
080	high_pain	0.20727973	8.2791325e-05	0.79263747
081	high_pain	6.420772e-05	8.655935e-06	0.9999271
082	high_pain	0.005908345	0.00081154023	0.9932801
083	no_pain	0.9999858	4.6731498e-06	9.5189625e-06
084	no_pain	0.99999946	4.6685554e-07	1.1114722e-07
085	no_pain	0.99916476	5.4216565e-05	0.000780983
086	no_pain	0.99999684	2.3064954e-06	8.5937415e-07
087	low_pain	0.28461868	0.71537215	9.150229e-06
088	no_pain	0.99999493	4.447264e-06	5.9057794e-07
089	no_pain	0.9999983	1.2215575e-06	4.5635815e-07
090	no_pain	0.80505294	0.000106103704	0.19484092
091	no_pain	0.9999905	7.4663267e-06	2.0158586e-06
092	no_pain	0.99999815	1.4230128e-06	4.2413754e-07
093	low_pain	7.9439e-07	0.99999905	1.3953039e-07
094	no_pain	0.999997	2.179946e-06	8.1037666e-07
095	no_pain	0.98032206	0.019653048	2.4823572e-05
096	no_pain	0.9999908	6.690477e-06	2.47608e-06
097	high_pain	3.0177767e-05	4.9392816e-06	0.99996483
098	high_pain	0.19482104	0.000196172	0.8049828
099	low_pain	1.2882519e-05	0.99996316	2.39538e-05
100	no_pain	0.9999922	6.4679475e-06	1.3547805e-06
101	no_pain	0.9999962	2.9933303e-06	8.358039e-07
102	low_pain	6.5461e-07	0.99999905	3.2025628e-07
103	low_pain	0.28542542	0.714573	1.5426962e-06
104	no_pain	0.999998	1.2346078e-06	8.178851e-07
105	no_pain	0.80790985	0.001646524	0.19044365
106	high_pain	4.938658e-05	4.770955e-06	0.9999458
107	no_pain	0.95454675	0.0003983399	0.04505493
108	no_pain	0.999998	1.4581794e-06	5.7887235e-07
109	no_pain	0.99999046	6.5168497e-06	2.9906678e-06
110	no_pain	0.9999958	3.6624e-06	4.9246006e-07
111	no_pain	0.99999195	6.3679977e-06	1.7120955e-06
112	high_pain	0.2859042	0.00014995477	0.71394587
113	no_pain	0.99999034	7.939225e-06	1.7592057e-06
114	no_pain	0.99999654	2.8397578e-06	6.521174e-07
115	no_pain	0.9984431	3.0822466e-05	0.0015260556
116	no_pain	0.99940413	2.8354481e-05	0.0005674593
117	high_pain	0.00056493137	0.00015706492	0.999278
118	high_pain	0.008218797	0.00023593863	0.99154526
119	no_pain	0.9998626	4.1617863e-05	9.579681e-05
120	no_pain	0.9999968	1.5504446e-06	1.5864922e-06
121	no_pain	0.99999624	3.023384e-06	7.470699e-07
122	no_pain	0.9999905	3.356188e-06	6.124137e-06
123	no_pain	0.9999981	1.5692713e-06	3.6194223e-07
124	no_pain	0.99999666	2.6071527e-06	7.40438e-07
125	no_pain	0.99999577	3.3663068e-06	8.8096556e-07
126	no_pain	0.99571836	0.00015161392	0.004130048
127	no_pain	0.99998647	9.339243e-06	4.169376e-06
128	no_pain	0.9999913	6.825947e-06	1.9354861e-06
129	no_pain	0.99999756	2.0607047e-06	4.528039e-07
130	no_pain	0.99999726	2.1321282e-06	5.9204683e-07
131	no_pain	0.9999977	1.7928722e-06	5.273014e-07
132	no_pain	0.9999875	9.434217e-06	3.0664326e-06
133	no_pain	0.9999972	2.083366e-06	6.8907167e-07
134	no_pain	0.9999877	9.301261e-06	2.9724797e-06
135	no_pain	0.99996626	2.6460795e-05	7.2047296e-06
136	low_pain	1.0711113e-07	0.9999997	1.4300083e-07
137	high_pain	0.14230491	3.213604e-05	0.85766304
138	no_pain	0.9999965	2.9215335e-06	6.6202585e-07
139	no_pain	0.99889165	0.0010885607	1.979941e-05
140	no_pain	0.9999947	3.4029258e-06	1.9296797e-06
141	no_pain	0.99999726	2.0893979e-06	6.336092e-07
142	no_pain	0.99348927	1.7448172e-05	0.006493247
143	no_pain	0.99999774	1.2592556e-06	9.996996e-07
144	high_pain	0.41897196	0.0005978542	0.5804302
145	no_pain	0.999999	7.136279e-07	3.321209e-07
146	low_pain	9.498911e-07	0.999998	1.1460787e-06
147	no_pain	0.9999699	2.1244728e-05	8.837328e-06
148	low_pain	2.0526136e-07	0.9999997	9.027395e-09
149	no_pain	0.99999344	5.453276e-06	1.0894535e-06
150	no_pain	0.9999984	8.3286295e-07	8.1610517e-07
151	no_pain	0.99998826	6.639374e-06	5.1215748e-06
152	no_pain	0.99997187	2.11506e-05	6.977628e-06
153	no_pain	0.99998814	9.959244e-06	1.9260406e-06
154	no_pain	0.99999684	1.8614558e-06	1.2540495e-06
155	no_pain	0.99999505	1.7094333e-06	3.2182338e-06
156	no_pain	0.7302679	5.7512825e-05	0.26967463
157	no_pain	0.9999207	5.9606326e-05	1.9732921e-05
158	no_pain	0.99999	7.640327e-06	2.3133127e-06
159	no_pain	0.51914865	0.00019867627	0.48065266
160	low_pain	6.2362565e-06	0.9999934	3.8964086e-07
161	no_pain	0.999991	6.3294015e-06	2.6194998e-06
162	no_pain	0.999996	2.6751052e-06	1.398787e-06
163	no_pain	0.9999914	5.300707e-06	3.2893367e-06
164	no_pain	0.9998675	9.8976176e-05	3.3518863e-05
165	low_pain	0.0045167594	0.99474007	0.00074315444
166	no_pain	0.99998456	1.2631711e-05	2.8572192e-06
167	no_pain	0.9999978	1.5830739e-06	5.535084e-07
168	no_pain	0.85821956	6.7900296e-06	0.14177367
169	no_pain	0.9999937	5.4094025e-06	9.298819e-07
170	no_pain	0.85722506	0.14271334	6.161472e-05
171	low_pain	1.930118e-06	0.999998	8.5928214e-08
172	no_pain	0.9998867	1.5344523e-05	9.791809e-05
173	no_pain	0.9995412	0.0004025794	5.6146167e-05
174	no_pain	0.9999855	1.0619821e-05	3.9113543e-06
175	low_pain	0.0005517131	0.5333073	0.46614096
176	no_pain	0.999977	5.516046e-06	1.7499853e-05
177	no_pain	0.9998601	4.2619973e-05	9.728545e-05
178	no_pain	0.9999847	1.1475304e-05	3.862435e-06
179	no_pain	0.9993418	0.00011708662	0.000541166
180	no_pain	0.9999792	4.4503972e-06	1.6298236e-05
181	no_pain	0.9999973	1.5616341e-06	1.0875981e-06
182	no_pain	0.9993717	4.1419185e-05	0.0005868467
183	no_pain	0.99995136	3.2416134e-05	1.6237795e-05
184	no_pain	0.8835459	0.116432115	2.199329e-05
185	no_pain	0.9996447	6.8909045e-05	0.00028635055
186	high_pain	0.00060050277	3.0586376e-05	0.99936897
187	no_pain	0.9999981	1.5790469e-06	2.8168395e-07
188	high_pain	0.15953815	6.924789e-05	0.84039265
189	high_pain	3.7518726e-07	4.833785e-07	0.99999917
190	no_pain	0.9999879	8.740067e-06	3.3550589e-06
191	high_pain	5.298699e-06	1.682102e-06	0.999993
192	no_pain	0.99997956	9.282425e-06	1.1125628e-05
193	no_pain	0.99999154	2.9359958e-06	5.491711e-06
194	no_pain	0.9999977	1.8264275e-06	4.8765e-07
195	no_pain	0.9999872	1.0531586e-05	2.2904348e-06
196	no_pain	0.999997	1.7051235e-06	1.2426678e-06
197	no_pain	0.999996	3.1135958e-06	8.926024e-07
198	low_pain	7.841131e-07	0.99999917	1.8814672e-08
199	no_pain	0.99999774	1.242108e-06	1.0208295e-06
200	no_pain	0.99999464	3.8681405e-06	1.4819634e-06
201	high_pain	0.099322595	0.010384282	0.8902931
202	low_pain	9.2396306e-08	0.9999999	1.0267777e-07
203	low_pain	0.00076624734	0.999229	4.725593e-06
204	no_pain	0.9999904	7.626106e-06	1.997078e-06
205	no_pain	0.9999985	1.0634333e-06	4.6311365e-07
206	low_pain	2.9691475e-06	0.9999965	5.437922e-07
207	no_pain	0.99999344	4.0037353e-06	2.5686418e-06
208	no_pain	0.9999474	1.7015544e-05	3.557521e-05
209	no_pain	0.99999434	4.9876494e-06	6.832037e-07
210	no_pain	0.99999416	5.3001154e-06	5.895243e-07
211	no_pain	0.999994	5.149264e-06	8.943634e-07
212	no_pain	0.9999989	7.150619e-07	3.4042634e-07
213	no_pain	0.9999928	6.0164593e-06	1.1944209e-06
214	low_pain	4.9035714e-07	0.9999994	1.07393966e-07
215	no_pain	0.999991	7.2779235e-06	1.6519846e-06
216	no_pain	0.99999756	1.3502158e-06	1.1053879e-06
217	no_pain	0.9999897	4.7447165e-06	5.5460264e-06
218	no_pain	0.99999535	2.4794006e-06	2.1139676e-06
219	no_pain	0.99976444	2.290326e-05	0.00021262393
220	low_pain	2.4527003e-06	0.99999076	6.8192644e-06
221	no_pain	0.99999726	1.9395848e-06	7.8601676e-07
222	high_pain	2.2969547e-05	0.018993303	0.98098373
223	no_pain	0.9999946	2.413255e-06	3.1170016e-06
224	no_pain	0.99999726	1.2508108e-06	1.4888103e-06
225	no_pain	0.999998	1.601361e-06	4.6131228e-07
226	no_pain	0.51108354	0.48873448	0.00018193609
227	no_pain	0.999695	6.764906e-05	0.00023735933
228	no_pain	0.968624	0.0002885552	0.031087458
229	no_pain	0.9999979	1.2070765e-06	9.226067e-07
230	no_pain	0.99999374	5.123294e-06	1.1701602e-06
231	no_pain	0.99999225	5.385172e-06	2.366301e-06
232	no_pain	0.99999815	1.3439918e-06	4.7147822e-07
233	no_pain	0.99995583	3.291787e-05	1.11770905e-05
234	no_pain	0.99727166	8.41474e-05	0.0026441093
235	no_pain	0.9999938	4.314172e-06	1.9067736e-06
236	no_pain	0.9999699	7.836846e-06	2.2244914e-05
237	no_pain	0.99999076	6.5410422e-06	2.6814632e-06
238	high_pain	0.0010167727	0.0022118995	0.9967713
239	no_pain	0.99999285	4.6576674e-06	2.5123686e-06
240	no_pain	0.9999981	1.148121e-06	7.218282e-07
241	no_pain	0.9999963	2.7323963e-06	9.801445e-07
242	no_pain	0.9999972	1.9839918e-06	8.173174e-07
243	no_pain	0.9999732	1.6458795e-05	1.0409792e-05
244	no_pain	0.99999493	3.3607814e-06	1.6716333e-06
245	no_pain	0.99999744	2.2096522e-06	3.851065e-07
246	no_pain	0.99999756	1.5621473e-06	8.676038e-07
247	no_pain	0.999999	5.380888e-07	4.7423038e-07
248	no_pain	0.99999684	1.552633e-06	1.5879834e-06
249	no_pain	0.9999905	7.442227e-06	2.0632433e-06
250	no_pain	0.9996643	5.8125293e-05	0.0002775159
251	low_pain	3.25128e-07	0.9999982	1.4595449e-06
252	no_pain	0.9955869	0.0003683208	0.004044838
253	no_pain	0.9989334	7.833785e-05	0.0009883024
254	no_pain	0.99998665	5.082976e-06	8.29384e-06
255	no_pain	0.9999968	1.4278072e-06	1.7710702e-06
256	no_pain	0.9999903	6.3004723e-06	3.4537527e-06
257	high_pain	0.37576962	4.6320165e-05	0.6241841
258	no_pain	0.9998904	1.1332858e-05	9.829019e-05
259	no_pain	0.99999803	1.3190266e-06	6.270184e-07
260	no_pain	0.99899834	4.586809e-05	0.0009557679
261	high_pain	0.026298834	0.00299643	0.97070473
262	no_pain	0.99997175	1.5438429e-05	1.2833391e-05
263	no_pain	0.99999875	8.324513e-07	3.7770863e-07
264	no_pain	0.9999816	1.0568306e-05	7.799897e-06
265	no_pain	0.99999225	5.0904378e-06	2.6757527e-06
266	no_pain	0.5711481	0.0026318333	0.42622003
267	no_pain	0.9999934	5.361537e-06	1.2446425e-06
268	high_pain	0.001016089	1.2079677e-05	0.9989718
269	no_pain	0.5543889	0.00014847865	0.4454626
270	low_pain	1.9354527e-06	0.9999959	2.1564108e-06
271	no_pain	0.99999416	5.1976945e-06	6.380356e-07
272	low_pain	2.2916046e-07	0.99999964	1.18514706e-07
273	low_pain	0.055368967	0.9446167	1.43875295e-05
274	no_pain	0.99999315	4.5464444e-06	2.320441e-06
275	no_pain	0.9999985	1.0035357e-06	5.1021203e-07
276	no_pain	0.8943364	0.0004478951	0.105215676
277	no_pain	0.9999867	8.117582e-06	5.165316e-06
278	no_pain	0.99968714	3.591568e-05	0.0002769314
279	no_pain	0.99999744	2.2302027e-06	3.7273793e-07
280	no_pain	0.9999874	9.680328e-06	2.9380597e-06
281	no_pain	0.91794884	0.0005506679	0.08150048
282	no_pain	0.9999868	1.1861632e-05	1.3160915e-06
283	no_pain	0.9999887	9.965916e-06	1.3785741e-06
284	no_pain	0.99999535	3.5798912e-06	1.0346021e-06
285	no_pain	0.999998	1.643649e-06	4.3605542e-07
286	no_pain	0.9999976	1.9741315e-06	4.24769e-07
287	low_pain	1.4652869e-06	0.9999985	3.280786e-08
288	no_pain	0.99856234	6.870528e-05	0.0013689465
289	no_pain	0.99805033	0.000112821894	0.0018368802
290	no_pain	0.999988	7.904137e-06	4.090612e-06
291	low_pain	7.4580285e-08	0.9999999	2.5974234e-08
292	no_pain	0.99999326	4.5616116e-06	2.1965636e-06
293	no_pain	0.99999505	3.9605147e-06	1.0421616e-06
294	low_pain	1.7232853e-06	0.9999956	2.6569885e-06
295	no_pain	0.999996	3.1731247e-06	8.47037e-07
296	no_pain	0.9999892	6.776728e-06	3.9779943e-06
297	no_pain	0.9999977	1.4768357e-06	8.119262e-07
298	no_pain	0.8781718	0.000828113	0.1210001
299	no_pain	0.9991446	4.468119e-05	0.00081068825
300	high_pain	1.1865499e-06	5.9976304e-05	0.99993885
301	no_pain	0.9999962	2.9282728e-06	8.6690034e-07
302	low_pain	2.3646385e-07	0.99999917	5.424327e-07
303	no_pain	0.999976	1.8768875e-05	5.3022445e-06
304	no_pain	0.99999285	5.650048e-06	1.5111689e-06
305	no_pain	0.9999581	3.9026374e-05	2.8712705e-06
306	no_pain	0.99999845	1.0959499e-06	4.483918e-07
307	no_pain	0.9999952	3.9622346e-06	8.825742e-07
308	low_pain	6.750845e-05	0.8939516	0.105980866
309	no_pain	0.99999034	8.217759e-06	1.4627265e-06
310	no_pain	0.99999297	4.672068e-06	2.3316393e-06
311	no_pain	0.9999937	5.4676448e-06	8.5425006e-07
312	no_pain	0.99999577	2.7889544e-06	1.4151326e-06
313	no_pain	0.9906438	2.7960337e-05	0.009328248
314	no_pain	0.9999865	9.634081e-06	3.8539683e-06
315	no_pain	0.9999718	2.3131137e-05	4.9870537e-06
316	no_pain	0.999803	2.7310432e-05	0.00016965238
317	no_pain	0.9999718	1.7324548e-05	1.0919362e-05
318	no_pain	0.9992375	6.9366535e-05	0.0006931965
319	high_pain	6.0835377e-05	0.00015928365	0.9997798
320	no_pain	0.99997944	7.976342e-06	1.2580073e-05
321	low_pain	1.2125574e-07	0.9999996	2.9584325e-07
322	low_pain	2.8648978e-08	1.0	5.749012e-09
323	no_pain	0.9999281	6.7867346e-05	3.962924e-06
324	no_pain	0.9999958	3.3953067e-06	7.5640037e-07
325	low_pain	8.00559e-05	0.96242565	0.037494343
326	high_pain	1.5782705e-05	2.2683491e-06	0.99998194
327	no_pain	0.9998	2.5524098e-05	0.00017446725
328	no_pain	0.99999225	6.3233224e-06	1.4487225e-06
329	no_pain	0.9999978	1.5875632e-06	5.715132e-07
330	low_pain	1.5662533e-07	0.9999998	1.4858118e-08
331	no_pain	0.9999985	9.343135e-07	5.2315175e-07
332	no_pain	0.999998	1.5157051e-06	4.9082763e-07
333	no_pain	0.9999987	8.6242216e-07	4.015612e-07
334	high_pain	4.545215e-06	1.1285663e-06	0.99999434
335	no_pain	0.99983114	1.6250338e-05	0.00015262446
336	no_pain	0.9999767	9.608145e-06	1.3728146e-05
337	no_pain	0.99983406	9.438965e-05	7.1523384e-05
338	no_pain	0.99999434	1.9854476e-06	3.7093607e-06
339	no_pain	0.9998836	4.232038e-05	7.414447e-05
340	low_pain	3.2441726e-06	0.9999872	9.528465e-06
341	no_pain	0.9999885	9.6649765e-06	1.8431463e-06
342	no_pain	0.99999756	1.7583295e-06	6.9206646e-07
343	no_pain	0.9999917	6.703977e-06	1.5986342e-06
344	no_pain	0.9999911	7.3121814e-06	1.5520906e-06
345	no_pain	0.99999815	1.0360421e-06	7.9617104e-07
346	no_pain	0.9999962	3.609532e-06	2.4885597e-07
347	no_pain	0.99992365	4.2345542e-05	3.398233e-05
348	no_pain	0.99998695	1.1111207e-05	1.9491247e-06
349	no_pain	0.9759221	0.00029785145	0.023780042
350	no_pain	0.99897945	2.6914937e-05	0.0009936836
351	no_pain	0.9999943	3.8124297e-06	1.905954e-06
352	low_pain	5.7669325e-08	0.99999994	1.5227702e-08
353	no_pain	0.99998826	9.935785e-06	1.7564817e-06
354	no_pain	0.9995246	3.7803715e-05	0.00043764658
355	no_pain	0.9999966	1.9772392e-06	1.4105372e-06
356	no_pain	0.9999895	6.387404e-06	4.133444e-06
357	no_pain	0.99998844	8.162244e-06	3.3370775e-06
358	no_pain	0.99999386	4.942081e-06	1.1995692e-06
359	no_pain	0.9999962	1.4783924e-06	2.333764e-06
360	no_pain	0.99999577	2.7846795e-06	1.4532492e-06
361	no_pain	0.99990594	8.4990425e-05	9.0334115e-06
362	no_pain	0.99844307	2.1889453e-05	0.0015350569
363	no_pain	0.99999136	5.9761674e-06	2.699903e-06
364	no_pain	0.9999899	4.686174e-06	5.3870804e-06
365	no_pain	0.9999824	8.0752725e-06	9.538987e-06
366	no_pain	0.9999932	4.988768e-06	1.8313957e-06
367	no_pain	0.99998325	1.230671e-05	4.4100243e-06
368	no_pain	0.9999922	6.166422e-06	1.6470573e-06
369	no_pain	0.9999781	1.3560594e-05	8.271544e-06
370	no_pain	0.9999922	4.4323638e-06	3.4279187e-06
371	low_pain	2.1701233e-06	0.99999523	2.6345567e-06
372	low_pain	2.112573e-07	0.99999917	5.708789e-07
373	no_pain	0.9999829	1.5384403e-05	1.7109908e-06
374	no_pain	0.99996895	2.3943225e-05	7.0957863e-06
375	low_pain	7.9186904e-08	0.9999999	5.4902873e-08
376	no_pain	0.9999984	9.110657e-07	6.9606904e-07
377	no_pain	0.999997	1.7429442e-06	1.2346496e-06
378	no_pain	0.9999942	2.4293272e-06	3.4125987e-06
379	low_pain	3.1178477e-06	0.9992229	0.00077399996
380	no_pain	0.9999943	4.9106106e-06	7.487982e-07
381	low_pain	0.13505946	0.86484045	0.00010009365
382	no_pain	0.99999756	1.9550919e-06	5.1800123e-07
383	no_pain	0.9999612	2.9380419e-05	9.433293e-06
384	no_pain	0.9999834	9.329118e-06	7.2759854e-06
385	no_pain	0.9998627	9.335507e-06	0.0001280004
386	no_pain	0.9954732	0.00039832407	0.004128496
387	no_pain	0.9999914	6.9477196e-06	1.6125138e-06
388	no_pain	0.9999965	2.0236228e-06	1.5367012e-06
389	no_pain	0.99991906	7.975526e-06	7.2957584e-05
390	no_pain	0.999997	1.230439e-06	1.7285627e-06
391	no_pain	0.99999434	4.2458546e-06	1.391568e-06
392	high_pain	0.0937146	0.14432546	0.7619599
393	no_pain	0.99998176	8.825132e-06	9.436169e-06
394	no_pain	0.999992	6.9553107e-06	1.0134888e-06
395	no_pain	0.9999972	1.6823718e-06	1.1093514e-06
396	no_pain	0.999994	4.7147937e-06	1.2625443e-06
397	no_pain	0.9989778	6.1691964e-05	0.0009604921
398	low_pain	0.27825218	0.7217421	5.698467e-06
399	low_pain	1.6501777e-07	0.9999999	1.0671642e-08
400	low_pain	1.059822e-06	0.99999887	9.0016606e-08
401	low_pain	3.993429e-07	0.99999803	1.5720859e-06
402	no_pain	0.9999972	1.9989925e-06	7.9589614e-07
403	no_pain	0.84173745	0.00016177355	0.15810083
404	no_pain	0.9999895	7.064547e-06	3.4052277e-06
405	no_pain	0.746747	0.000100474266	0.2531525
406	no_pain	0.9999892	3.343841e-06	7.406618e-06
407	no_pain	0.98143196	0.018563861	4.1386998e-06
408	no_pain	0.99999267	6.3952393e-06	1.0187616e-06
409	no_pain	0.9989169	7.389188e-05	0.0010092055
410	no_pain	0.9999967	1.4033657e-06	1.8165128e-06
411	no_pain	0.9999865	7.727555e-06	5.7675834e-06
412	no_pain	0.9994403	7.968144e-05	0.00047999524
413	low_pain	0.14285006	0.85714895	1.0100382e-06
414	low_pain	3.787072e-07	0.9999994	2.1613714e-07
415	no_pain	0.99958146	3.8307335e-05	0.00038023168
416	low_pain	2.8164172e-07	0.9999986	1.0567563e-06
417	no_pain	0.99998695	7.626079e-06	5.416497e-06
418	low_pain	8.225409e-08	0.9999999	6.3788846e-08
419	no_pain	0.99999803	1.3389563e-06	6.7762164e-07
420	no_pain	0.9998813	1.6085256e-05	0.00010262116
421	high_pain	0.009183688	0.008921229	0.9818951
422	no_pain	0.85732734	0.14266929	3.4070067e-06
423	no_pain	0.9999847	1.4210794e-05	1.1135454e-06
424	no_pain	0.99999684	2.1577443e-06	9.931882e-07
425	no_pain	0.79993767	0.19448355	0.0055787936
426	low_pain	1.1061596e-06	0.9999985	3.7233343e-07
427	high_pain	8.168942e-07	4.0307677e-07	0.99999875
428	no_pain	0.9545263	0.0020307011	0.043443017
429	high_pain	0.39061376	0.0028550779	0.60653114
430	no_pain	0.999997	2.159391e-06	8.36869e-07
431	no_pain	0.99999744	1.6375355e-06	9.307633e-07
432	no_pain	0.99998486	7.365353e-06	7.790579e-06
433	no_pain	0.8045737	0.00011929939	0.19530697
434	no_pain	0.99999124	3.1336233e-06	5.613674e-06
435	no_pain	0.9999871	5.7322327e-06	7.145977e-06
436	no_pain	0.8296382	9.354006e-05	0.17026828
437	no_pain	0.66367096	0.00013674845	0.3361923
438	no_pain	0.9999904	7.428138e-06	2.1240207e-06
439	no_pain	0.99999696	2.4270776e-06	6.447766e-07
440	no_pain	0.9999987	8.908094e-07	4.132278e-07
441	no_pain	0.992397	0.00019238543	0.0074105593
442	no_pain	0.9999967	2.6701096e-06	5.9796395e-07
443	no_pain	0.9999894	8.28042e-06	2.2523018e-06
444	no_pain	0.99999726	1.6557761e-06	1.0539828e-06
445	no_pain	0.99999756	1.8167159e-06	5.9264755e-07
446	no_pain	0.998151	0.00016750519	0.001681484
447	no_pain	0.9996418	0.00034665802	1.15974635e-05
448	no_pain	0.99999774	1.310868e-06	9.337852e-07
449	no_pain	0.9999789	1.2031562e-05	9.120841e-06
450	low_pain	3.805399e-06	0.99999183	4.3695586e-06
451	no_pain	0.9999854	6.5759173e-06	7.94311e-06
452	no_pain	0.62715584	7.994896e-05	0.37276417
453	no_pain	0.9999124	2.0522499e-05	6.711221e-05
454	high_pain	3.1870564e-07	4.716268e-07	0.99999917
455	no_pain	0.9999968	1.4393293e-06	1.7734837e-06
456	no_pain	0.99917233	6.539257e-05	0.0007622964
457	no_pain	0.9999332	2.5470637e-05	4.1340878e-05
458	no_pain	0.7005202	0.00044084582	0.2990389
459	no_pain	0.9999933	4.6094906e-06	2.1065375e-06
460	high_pain	0.18942057	9.742761e-05	0.81048197
461	no_pain	0.9999933	5.3142326e-06	1.332912e-06
462	low_pain	4.336885e-07	0.9999981	1.4672987e-06
463	no_pain	0.9997074	5.5927535e-06	0.00028698044
464	no_pain	0.99999666	1.8114746e-06	1.5382949e-06
465	high_pain	3.6525736e-07	4.536924e-07	0.99999917
466	no_pain	0.9999977	1.5292686e-06	8.3620654e-07
467	no_pain	0.9997385	4.3989596e-05	0.00021753069
468	no_pain	0.9999833	1.3288055e-05	3.4060363e-06
469	no_pain	0.9999989	7.124235e-07	3.5460047e-07
470	no_pain	0.8836804	0.11629016	2.9409755e-05
471	high_pain	0.28760666	3.4241184e-05	0.7123591
472	no_pain	0.9999904	4.417628e-06	5.186492e-06
473	no_pain	0.9977751	0.00012290177	0.0021020442
474	no_pain	0.9999887	6.338511e-06	4.930435e-06
475	low_pain	0.044464357	0.9481284	0.0074072345
476	no_pain	0.99999756	2.124149e-06	3.7145557e-07
477	no_pain	0.9999982	1.2960326e-06	4.5910943e-07
478	high_pain	0.43849954	0.053407434	0.508093
479	no_pain	0.85678613	1.3262377e-05	0.1432006
480	no_pain	0.99999285	3.951814e-06	3.2053733e-06
481	no_pain	0.99997765	1.33894455e-05	8.935176e-06
482	no_pain	0.9999975	1.6630446e-06	8.2393854e-07
483	low_pain	1.4057789e-06	0.9999968	1.7718195e-06
484	no_pain	0.99998474	9.481496e-06	5.804125e-06
485	no_pain	0.99998844	9.145734e-06	2.4480348e-06
486	no_pain	0.9999889	8.8232055e-06	2.2498268e-06
487	no_pain	0.6184989	6.34822e-05	0.38143754
488	no_pain	0.9999976	1.3249921e-06	1.0985261e-06
489	no_pain	0.99999535	4.388124e-06	2.1313811e-07
490	low_pain	7.4525715e-08	0.9999997	1.6138993e-07
491	no_pain	0.99938214	4.4207267e-05	0.000573656
492	high_pain	0.24770972	0.0050758966	0.7472144
493	no_pain	0.71658355	0.2834115	4.968152e-06
494	no_pain	0.71574396	0.28425023	5.8515825e-06
495	no_pain	0.999968	2.4816076e-05	7.1868717e-06
496	no_pain	0.99999774	1.387595e-06	8.622432e-07
497	no_pain	0.9999914	5.2435253e-06	3.32828e-06
498	no_pain	0.9999887	9.570685e-06	1.6999562e-06
499	no_pain	0.91810954	7.45994e-05	0.081815824
500	no_pain	0.99999416	3.0068936e-06	2.8239067e-06
501	no_pain	0.9999977	1.1778892e-06	1.1122065e-06
502	no_pain	0.999996	3.11825e-06	9.034896e-07
503	no_pain	0.9999985	1.0497898e-06	4.5809526e-07
504	no_pain	0.9999942	3.781974e-06	2.052613e-06
505	no_pain	0.99977857	0.00016841109	5.302163e-05
506	no_pain	0.9999898	8.0944565e-06	2.1333865e-06
507	no_pain	0.9928935	0.00027476292	0.006831759
508	low_pain	1.3188661e-06	0.99999636	2.2966565e-06
509	no_pain	0.99951273	3.8037415e-05	0.0004491931
510	low_pain	1.8132482e-07	0.9999999	1.9963533e-08
511	no_pain	0.9999984	1.2347552e-06	3.662089e-07
512	no_pain	0.9999928	5.85131e-06	1.3574071e-06
513	no_pain	0.99008083	3.769698e-05	0.0098814275
514	no_pain	0.9999256	7.0579285e-05	3.7788693e-06
515	high_pain	0.45671692	0.00010745908	0.54317564
516	no_pain	0.6998425	0.22448277	0.07567466
517	no_pain	0.99972624	6.2186715e-05	0.0002115694
518	no_pain	0.99997383	5.5312335e-06	2.0645102e-05
519	no_pain	0.99999154	5.482413e-06	2.937222e-06
520	no_pain	0.9999549	1.1825148e-05	3.321634e-05
521	no_pain	0.99999726	1.7186377e-06	1.0036839e-06
522	no_pain	0.99999845	1.2920025e-06	2.56388e-07
523	no_pain	0.91531885	6.30504e-05	0.08461809
524	no_pain	0.99996436	8.898077e-06	2.6756166e-05
525	no_pain	0.99999756	1.7754007e-06	7.0690686e-07
526	no_pain	0.99999917	4.6982177e-07	3.723281e-07
527	no_pain	0.9999955	3.6936685e-06	8.095855e-07
528	no_pain	0.9999954	3.7920504e-06	7.9853527e-07
529	low_pain	2.2186448e-07	0.99999964	1.241938e-07
530	no_pain	0.99998325	1.1782296e-05	4.9889472e-06
531	no_pain	0.54440176	0.009350068	0.4462481
532	high_pain	6.8306276e-06	9.645359e-06	0.9999835
533	high_pain	1.6115566e-05	1.7081386e-06	0.99998224
534	high_pain	3.4476147e-06	3.2561297e-06	0.9999933
535	no_pain	0.9999955	1.8829593e-06	2.648382e-06
536	low_pain	1.1921751e-05	0.99585634	0.004131714
537	no_pain	0.9999426	3.0007019e-05	2.7422868e-05
538	no_pain	0.9992687	4.2447908e-05	0.000688787
539	no_pain	0.94062775	0.059356265	1.5908288e-05
540	low_pain	2.3504515e-07	0.99999887	9.301313e-07
541	no_pain	0.9995569	3.3370987e-05	0.00040973077
542	no_pain	0.99999017	7.8914645e-06	1.9523131e-06
543	no_pain	0.9999946	2.1401147e-06	3.3061892e-06
544	low_pain	5.8824153e-06	0.99999315	1.0239545e-06
545	no_pain	0.7022802	3.787535e-05	0.2976819
546	no_pain	0.81034756	0.0033673777	0.18628512
547	no_pain	0.71484643	0.14232585	0.14282772
548	no_pain	0.9999982	8.3075787e-07	9.313127e-07
549	low_pain	1.5756771e-07	0.9999998	1.5559591e-08
550	low_pain	8.889553e-06	0.99028444	0.009706688
551	no_pain	0.99998176	4.058062e-06	1.4197162e-05
552	no_pain	0.99999774	1.6423236e-06	5.906355e-07
553	no_pain	0.99997824	1.7396222e-05	4.3135433e-06
554	no_pain	0.9999928	4.9026107e-06	2.3744292e-06
555	no_pain	0.99998707	7.680313e-06	5.2505743e-06
556	no_pain	0.99999416	3.7424938e-06	2.1077199e-06
557	no_pain	0.90138596	0.00048775546	0.09812628
558	low_pain	6.721117e-08	0.99999994	1.976977e-08
559	no_pain	0.9999879	7.822577e-06	4.3074047e-06
560	low_pain	2.4561377e-05	0.9999738	1.707723e-06
561	no_pain	0.99999607	3.0204085e-06	9.231877e-07
562	no_pain	0.56617916	0.0005750037	0.43324584
563	no_pain	0.99997586	1.095847e-05	1.3154102e-05
564	no_pain	0.9983015	8.012089e-05	0.0016184159
565	low_pain	1.3029883e-07	0.9999997	1.6241849e-07
566	no_pain	0.9284604	0.0005028449	0.07103674
567	no_pain	0.9999936	5.17094e-06	1.2564033e-06
568	no_pain	0.99999005	7.777516e-06	2.1772896e-06
569	no_pain	0.999998	1.2315779e-06	8.649553e-07
570	no_pain	0.77173096	0.22801922	0.00024977286
571	no_pain	0.99999493	4.016697e-06	1.0654798e-06
572	no_pain	0.9999963	3.0649408e-06	6.129548e-07
573	no_pain	0.9999703	9.802883e-06	1.987747e-05
574	no_pain	0.99999154	6.1987635e-06	2.2968582e-06
575	no_pain	0.9999936	5.1372986e-06	1.2647754e-06
576	no_pain	0.99049515	0.0002490065	0.009255889
577	low_pain	1.4148584e-07	0.9999998	2.364987e-08
578	no_pain	0.9986483	5.7677007e-05	0.0012940317
579	no_pain	0.9968295	0.0002129474	0.0029575736
580	low_pain	9.9979765e-08	0.9999999	6.663672e-08
581	no_pain	0.99997616	8.2267e-06	1.5708807e-05
582	low_pain	0.011348094	0.9886239	2.8019871e-05
583	no_pain	0.99991095	8.5112806e-05	3.9051256e-06
584	low_pain	8.5843986e-08	0.9999999	2.0761007e-08
585	no_pain	0.9999571	3.6674137e-05	6.2746335e-06
586	no_pain	0.9999825	8.58572e-06	8.975798e-06
587	no_pain	0.99999756	2.0594089e-06	3.85078e-07
588	no_pain	0.99987024	9.513419e-05	3.4690904e-05
589	no_pain	0.99999654	2.125944e-06	1.3346737e-06
590	no_pain	0.9999872	1.05822855e-05	2.2125096e-06
591	no_pain	0.99999744	2.0877617e-06	4.931953e-07
592	no_pain	0.99999267	5.6371196e-06	1.7140237e-06
593	no_pain	0.99999636	2.9190649e-06	6.9788706e-07
594	no_pain	0.9999625	1.7094033e-05	2.0397478e-05
595	no_pain	0.9999953	3.8729845e-06	8.555748e-07
596	no_pain	0.99999255	5.5926284e-06	1.8134897e-06
597	low_pain	6.775642e-08	0.99999994	1.4539746e-08
598	no_pain	0.9999548	3.914017e-05	6.028276e-06
599	no_pain	0.9999911	7.169423e-06	1.723658e-06
600	no_pain	0.999996	3.23619e-06	7.5221385e-07
601	no_pain	0.99999726	2.0816701e-06	6.2453074e-07
602	no_pain	0.99998844	8.910313e-06	2.6063096e-06
603	no_pain	0.99999124	6.9242888e-06	1.8520681e-06
604	no_pain	0.9999796	7.5885087e-06	1.2790789e-05
605	high_pain	0.28434083	0.0010952308	0.7145639
606	no_pain	0.99999124	4.279528e-06	4.538051e-06
607	no_pain	0.99999887	8.349707e-07	3.3539177e-07
608	no_pain	0.9972415	0.00012188259	0.0026366145
609	no_pain	0.9999865	1.0452603e-05	2.9876776e-06
610	no_pain	0.99999106	6.978641e-06	1.9602737e-06
611	no_pain	0.9960661	9.8939e-05	0.0038349703
612	low_pain	1.03331445e-07	0.9999998	1.00209085e-07
613	high_pain	0.11870742	0.0025769586	0.87871563
614	no_pain	0.99831676	8.3633415e-05	0.0015995932
615	no_pain	0.999993	3.3576118e-06	3.5545606e-06
616	low_pain	2.3199257e-06	0.9999975	1.8747728e-07
617	no_pain	0.99987614	4.8447833e-05	7.53727e-05
618	no_pain	0.9999946	4.6499017e-06	8.0817387e-07
619	no_pain	0.9999985	1.0318324e-06	4.1803966e-07
620	no_pain	0.9999914	7.711451e-06	8.75671e-07
621	no_pain	0.99561834	0.00012815783	0.004253493
622	no_pain	0.99999684	2.7197368e-06	4.521859e-07
623	no_pain	0.9999849	8.644433e-06	6.4448186e-06
624	no_pain	0.6991743	0.01207395	0.2887518
625	no_pain	0.9999822	1.2287691e-05	5.5966093e-06
626	no_pain	0.99999046	6.5990425e-06	2.9115126e-06
627	no_pain	0.99996513	1.717275e-05	1.7740731e-05
628	no_pain	0.99997395	9.465226e-06	1.6597462e-05
629	no_pain	0.9999898	5.982759e-06	4.2543734e-06
630	no_pain	0.999993	5.44343e-06	1.5242119e-06
631	no_pain	0.9999979	1.6169606e-06	4.9093853e-07
632	high_pain	0.0018235295	1.4202711e-05	0.99816227
633	no_pain	0.9990107	0.0009816035	7.704709e-06
634	no_pain	0.7704858	8.550249e-05	0.22942868
635	no_pain	0.8861327	0.11386102	6.289829e-06
636	no_pain	0.99999017	7.5334415e-06	2.3240357e-06
637	low_pain	1.7927843e-07	0.9999998	9.277815e-09
638	no_pain	0.9999985	1.0484675e-06	4.5728805e-07
639	low_pain	8.808581e-08	0.9999999	1.0227671e-07
640	no_pain	0.99998915	8.8313745e-06	1.9642089e-06
641	high_pain	0.42848352	3.0005813e-05	0.5714865
642	high_pain	0.0012240093	0.045055296	0.9537207
643	no_pain	0.9984141	1.0051449e-05	0.0015758082
644	no_pain	0.9999932	2.6858431e-06	4.121556e-06
645	no_pain	0.9999562	3.9170784e-05	4.660283e-06
646	no_pain	0.75768197	9.456376e-05	0.24222349
647	low_pain	4.005336e-06	0.9982539	0.001742101
648	no_pain	0.99814045	0.00010039042	0.0017591433
649	high_pain	0.48349664	0.00428846	0.51221484
650	no_pain	0.99999875	9.665475e-07	3.240807e-07
651	no_pain	0.99999505	2.9812836e-06	1.9560264e-06
652	no_pain	0.9999871	7.1387876e-06	5.7717366e-06
653	no_pain	0.9999973	1.614891e-06	1.028596e-06
654	no_pain	0.9999861	6.133973e-06	7.747679e-06
655	no_pain	0.9999984	9.833533e-07	6.2312785e-07
656	no_pain	0.99998844	8.845284e-06	2.73809e-06
657	high_pain	0.35443535	0.00061851286	0.64494616
658	high_pain	0.25275424	0.24245407	0.5047917
659	high_pain	8.066947e-07	3.6229496e-06	0.9999956
660	no_pain	0.9999943	4.148964e-06	1.5407795e-06
661	high_pain	4.0733033e-07	6.7098114e-07	0.9999989
662	no_pain	0.9999924	6.241654e-06	1.3452536e-06
663	no_pain	0.9999918	7.353824e-06	8.7198003e-07
664	no_pain	0.9999978	1.6628435e-06	5.232637e-07
665	no_pain	0.9997004	7.6360055e-05	0.00022326932
666	no_pain	0.9626158	0.00035850512	0.037025746
667	no_pain	0.9999967	2.4426479e-06	8.054702e-07
668	no_pain	0.99992186	1.229063e-05	6.5857676e-05
669	no_pain	0.9999846	1.2065402e-05	3.3176318e-06
670	no_pain	0.9999955	3.5242363e-06	9.3327395e-07
671	no_pain	0.99999183	5.957024e-06	2.2335191e-06
672	no_pain	0.9999989	7.099916e-07	3.7074796e-07
673	no_pain	0.5714417	0.4285572	1.0523667e-06
674	no_pain	0.9953276	0.00015920687	0.004513125
675	no_pain	0.99999225	6.595589e-06	1.1602546e-06
676	low_pain	5.3866777e-05	0.9998074	0.0001387
677	no_pain	0.9999952	4.0475793e-06	7.687087e-07
678	high_pain	7.4074924e-06	2.8218008e-06	0.9999898
679	no_pain	0.999998	1.5350363e-06	5.1710117e-07
680	no_pain	0.9999929	5.6378776e-06	1.395236e-06
681	no_pain	0.99949056	5.3220894e-05	0.00045623266
682	no_pain	0.9999819	5.0485714e-06	1.3090925e-05
683	high_pain	0.00012917625	7.900699e-06	0.99986285
684	no_pain	0.9999216	3.0269599e-05	4.8131766e-05
685	no_pain	0.99991626	5.3591875e-06	7.836005e-05
686	high_pain	0.00051519735	6.2008075e-05	0.99942285
687	high_pain	5.2113287e-06	1.4484937e-06	0.9999933
688	no_pain	0.9913931	0.00023044948	0.008376525
689	no_pain	0.9999872	1.1439676e-05	1.4174335e-06
690	no_pain	0.9999767	1.8318216e-05	4.917457e-06
691	low_pain	1.5804922e-07	0.9999997	1.4967743e-07
692	no_pain	0.9999958	2.9235728e-06	1.2452136e-06
693	no_pain	0.9999925	6.2618046e-06	1.1964129e-06
694	no_pain	0.999999	6.983896e-07	3.1336555e-07
695	high_pain	0.14286125	1.1203816e-06	0.8571376
696	no_pain	0.99999696	2.2328102e-06	7.796146e-07
697	no_pain	0.9999975	1.8073705e-06	6.9991427e-07
698	low_pain	0.13115194	0.8424713	0.026376737
699	no_pain	0.9999979	1.7463411e-06	3.3688352e-07
700	no_pain	0.9982415	8.006191e-05	0.0016784479
701	no_pain	0.9990975	5.173232e-05	0.0008507116
702	no_pain	0.9999909	5.590963e-06	3.5345215e-06
703	no_pain	0.9999952	3.962954e-06	8.9451817e-07
704	no_pain	0.9999941	5.215064e-06	7.365896e-07
705	no_pain	0.9999816	1.3876964e-05	4.553989e-06
706	no_pain	0.99999774	1.844395e-06	3.8968918e-07
707	no_pain	0.99998426	1.0638626e-05	5.0504323e-06
708	no_pain	0.857138	0.14286165	3.49894e-07
709	no_pain	0.99998194	1.0094879e-05	7.964532e-06
710	no_pain	0.9989586	5.7971367e-05	0.0009834376
711	no_pain	0.9999895	9.0291815e-06	1.4915438e-06
712	no_pain	0.99999774	1.8036902e-06	4.6696428e-07
713	no_pain	0.99996716	2.919348e-05	3.6236556e-06
714	low_pain	0.034798287	0.8962627	0.068939045
715	no_pain	0.99999195	6.473478e-06	1.6149876e-06
716	no_pain	0.99650484	7.929922e-05	0.003415859
717	high_pain	0.25076672	0.31219175	0.43704152
718	no_pain	0.5713884	0.42860457	6.9943926e-06
719	no_pain	0.9999975	1.981629e-06	5.2245076e-07
720	no_pain	0.9993948	1.6118413e-05	0.0005891128
721	low_pain	2.0207735e-07	0.99999964	1.371451e-07
722	low_pain	1.2389891e-07	0.9999999	3.288182e-08
723	no_pain	0.9999918	6.6762755e-06	1.5752805e-06
724	no_pain	0.99999726	1.2043072e-06	1.5496828e-06
725	high_pain	0.1464103	7.69214e-05	0.85351276
726	no_pain	0.99999374	5.2285104e-06	1.0160966e-06
727	no_pain	0.9999805	1.30251265e-05	6.5321997e-06
728	no_pain	0.9999975	1.9951558e-06	5.2665393e-07
729	no_pain	0.9999971	2.266071e-06	6.3122945e-07
730	no_pain	0.99999756	1.392066e-06	1.0612697e-06
731	low_pain	8.568292e-06	0.99999064	7.501436e-07
732	no_pain	0.9999655	9.264694e-06	2.5295982e-05
733	no_pain	0.99999267	5.7903962e-06	1.5126592e-06
734	no_pain	0.86672986	2.9030757e-06	0.13326722
735	no_pain	0.99999094	8.230448e-06	8.3804036e-07
736	no_pain	0.9999856	6.3792686e-06	8.042893e-06
737	no_pain	0.99998605	9.75511e-06	4.2035563e-06
738	no_pain	0.9777362	0.00090053555	0.021363253
739	no_pain	0.99850464	9.3978895e-05	0.0014013723
740	no_pain	0.99999046	6.1964483e-06	3.3350589e-06
741	no_pain	0.99999577	2.8786253e-06	1.354602e-06
742	low_pain	2.3839566e-06	0.99999744	1.6184724e-07
743	no_pain	0.9999417	1.7762719e-05	4.055607e-05
744	no_pain	0.999998	1.5811474e-06	3.9726754e-07
745	no_pain	0.9972323	0.000120250545	0.0026474984
746	no_pain	0.999994	4.9316927e-06	1.0094168e-06
747	no_pain	0.9999916	6.805198e-06	1.5825026e-06
748	low_pain	3.5257884e-07	0.99999917	4.6558876e-07
749	low_pain	5.9017243e-08	0.9999998	1.2897802e-07
750	no_pain	0.99999565	1.422999e-06	2.9558728e-06
751	no_pain	0.9985744	0.00010246864	0.0013231292
752	no_pain	0.9999935	4.420718e-06	2.079469e-06
753	no_pain	0.99999005	7.0214337e-06	2.907915e-06
754	high_pain	0.06820961	0.0024682533	0.9293221
755	no_pain	0.9967388	0.000117201576	0.003144035
756	no_pain	0.7113062	0.0018189606	0.2868748
757	high_pain	7.720106e-06	0.0096464995	0.9903458
758	low_pain	4.1817093e-06	0.99998325	1.2550862e-05
759	low_pain	0.4036229	0.596367	1.0078222e-05
760	no_pain	0.99999815	1.3214122e-06	5.13563e-07
761	no_pain	0.9959084	0.00022406675	0.0038675538
762	no_pain	0.999997	2.601452e-06	4.1419636e-07
763	no_pain	0.9995349	0.00045931462	5.8345854e-06
764	low_pain	0.31687304	0.683108	1.8933728e-05
765	no_pain	0.999991	5.9314657e-06	3.086347e-06
766	no_pain	0.99999344	5.415518e-06	1.1134509e-06
767	no_pain	0.99969757	2.8253296e-05	0.00027419243
768	low_pain	2.7395515e-08	1.0	4.3755315e-09
769	no_pain	0.99999416	4.0681425e-06	1.7662248e-06
770	no_pain	0.99999434	4.696902e-06	9.2051596e-07
771	no_pain	0.99998254	1.587991e-05	1.5150215e-06
772	no_pain	0.99999076	7.147155e-06	2.1538751e-06
773	no_pain	0.9999843	8.929543e-06	6.7624705e-06
774	no_pain	0.89540446	0.00050878077	0.10408674
775	no_pain	0.5585867	0.0009474313	0.44046587
776	no_pain	0.9999963	3.0594201e-06	6.523955e-07
777	no_pain	0.99998295	5.6005833e-06	1.1470977e-05
778	no_pain	0.9999936	5.2345054e-06	1.1532853e-06
779	low_pain	7.44121e-07	0.999999	2.8929384e-07
780	no_pain	0.9999914	6.0993602e-06	2.440304e-06
781	no_pain	0.9999978	1.328216e-06	8.272133e-07
782	no_pain	0.999997	1.2840034e-06	1.7361762e-06
783	no_pain	0.9998094	2.1080423e-05	0.00016955996
784	no_pain	0.99991184	8.191328e-05	6.248151e-06
785	no_pain	0.99999326	5.362182e-06	1.3816933e-06
786	low_pain	1.3839064e-06	0.99999744	1.1621092e-06
787	no_pain	0.9999982	1.1763578e-06	5.366176e-07
788	no_pain	0.5714062	0.42859218	1.6425089e-06
789	no_pain	0.99998325	8.203298e-06	8.532896e-06
790	no_pain	0.9999921	6.2832028e-06	1.5880562e-06
791	no_pain	0.51270944	0.47511786	0.012172734
792	no_pain	0.9999696	1.7806904e-05	1.2613792e-05
793	no_pain	0.9999906	7.437833e-06	1.948573e-06
794	no_pain	0.99998194	9.492927e-06	8.584395e-06
795	no_pain	0.9496748	0.0008713086	0.049453877
796	low_pain	8.08691e-08	0.9999997	1.8078397e-07
797	no_pain	0.9999428	2.83195e-05	2.8899314e-05
798	no_pain	0.999991	7.209658e-06	1.7636725e-06
799	no_pain	0.9979531	0.00012035206	0.0019265477
800	no_pain	0.9999875	1.1102936e-05	1.4164483e-06
801	no_pain	0.99999803	1.5624538e-06	4.16942e-07
802	no_pain	0.99999493	4.0324235e-06	1.0158657e-06
803	no_pain	0.9999982	1.0644513e-06	7.0251474e-07
804	no_pain	0.9999557	3.14438e-05	1.284349e-05
805	no_pain	0.99999136	5.122885e-06	3.5362423e-06
806	no_pain	0.99999505	3.296588e-06	1.6825416e-06
807	no_pain	0.99999505	1.1135087e-06	3.856262e-06
808	no_pain	0.9991289	6.80164e-05	0.0008030793
809	no_pain	0.9999985	1.0255359e-06	4.558489e-07
810	low_pain	5.799635e-07	0.9999963	3.050665e-06
811	high_pain	0.46943307	0.0005241561	0.53004277
812	no_pain	0.99993265	6.3904496e-05	3.4120967e-06
813	no_pain	0.9999922	6.9002986e-06	9.43327e-07
814	low_pain	1.0792151e-07	0.9999997	1.7322351e-07
815	no_pain	0.9996758	0.00013980616	0.000184348
816	no_pain	0.9808164	0.00022429181	0.018959284
817	no_pain	0.9999962	2.916456e-06	8.730373e-07
818	no_pain	0.9999987	8.409435e-07	4.636517e-07
819	no_pain	0.9999862	5.8074556e-06	8.058239e-06
820	no_pain	0.999991	6.773367e-06	2.193717e-06
821	no_pain	0.996294	0.00024174679	0.0034641768
822	no_pain	0.99999046	5.926862e-06	3.6388794e-06
823	no_pain	0.99999714	2.3877224e-06	5.250064e-07
824	no_pain	0.99999255	6.000269e-06	1.4551515e-06
825	high_pain	1.2003813e-06	7.093372e-07	0.9999981
826	no_pain	0.9999976	1.7306262e-06	6.4907965e-07
827	no_pain	0.9999432	1.10954215e-05	4.569856e-05
828	no_pain	0.99999744	2.1251533e-06	4.787016e-07
829	low_pain	3.682781e-07	0.9999995	8.488174e-08
830	no_pain	0.9999843	1.3961251e-05	1.6871279e-06
831	high_pain	0.4284366	1.1923794e-05	0.57155144
832	no_pain	0.99998313	4.9687324e-06	1.1938376e-05
833	no_pain	0.99997395	9.063925e-06	1.6908592e-05
834	no_pain	0.9973353	0.00020169248	0.0024629699
835	no_pain	0.9998342	0.00010492029	6.0840484e-05
836	no_pain	0.75281864	0.0072716204	0.2399097
837	no_pain	0.9996706	0.00032046912	8.82762e-06
838	no_pain	0.99999416	4.763344e-06	1.0688259e-06
839	no_pain	0.9999885	6.0583397e-06	5.457266e-06
840	no_pain	0.5322472	0.00015722467	0.46759558
841	no_pain	0.99993056	1.7219128e-05	5.2169886e-05
842	no_pain	0.9999973	1.2862373e-06	1.3969992e-06
843	high_pain	2.6614845e-07	3.6479582e-07	0.99999934
844	no_pain	0.99998814	7.922453e-06	3.927701e-06
845	no_pain	0.9999921	5.390648e-06	2.483701e-06
846	no_pain	0.999997	2.1268168e-06	8.7526615e-07
847	no_pain	0.99999446	4.551442e-06	9.4645645e-07
848	no_pain	0.9998226	0.00011699153	6.041322e-05
849	no_pain	0.99999726	1.967254e-06	7.1882636e-07
850	no_pain	0.9999984	8.7853294e-07	7.5820844e-07
851	no_pain	0.9999886	9.977118e-06	1.4163934e-06
852	high_pain	3.9216454e-07	4.6002356e-07	0.99999917
853	no_pain	0.999846	7.0542716e-05	8.3455634e-05
854	no_pain	0.99997836	1.5164503e-05	6.533493e-06
855	no_pain	0.99998873	6.6230327e-06	4.606459e-06
856	no_pain	0.9999885	8.645166e-06	2.8699965e-06
857	low_pain	5.632298e-08	1.0	6.9271526e-09
858	low_pain	5.8093082e-08	0.99999994	1.1498092e-08
859	no_pain	0.9999752	2.0628908e-05	4.1537255e-06
860	no_pain	0.99128205	0.0086978385	2.0079942e-05
861	no_pain	0.99998045	1.29090595e-05	6.6765315e-06
862	low_pain	0.00029787116	0.87402743	0.12567465
863	no_pain	0.99999654	2.8137924e-06	6.6170844e-07
864	no_pain	0.99961317	8.018566e-05	0.0003066426
865	no_pain	0.9999932	1.8223766e-06	5.013129e-06
866	high_pain	0.27016217	0.00027105978	0.72956675
867	no_pain	0.99981517	1.5679585e-05	0.00016908108
868	no_pain	0.82729715	0.0007813689	0.1719215
869	low_pain	5.245905e-07	0.99999946	1.5563645e-08
870	low_pain	2.2120871e-07	0.9999996	1.5584543e-07
871	high_pain	0.4675035	7.522054e-05	0.53242135
872	no_pain	0.9999878	9.2329055e-06	2.9713863e-06
873	no_pain	0.999992	6.25242e-06	1.6729966e-06
874	no_pain	0.57154	0.42772126	0.00073877454
875	no_pain	0.99998695	3.0419144e-06	1.0053642e-05
876	no_pain	0.99998873	8.30382e-06	2.969806e-06
877	no_pain	0.9965796	0.00028225392	0.0031381638
878	no_pain	0.9999924	4.5330708e-06	3.1274467e-06
879	low_pain	2.7290469e-06	0.9999942	3.0333213e-06
880	no_pain	0.67334974	0.00015976683	0.32649055
881	no_pain	0.9999803	1.4189997e-05	5.5308346e-06
882	no_pain	0.9955152	0.00016570561	0.00431911
883	no_pain	0.9999944	4.5499582e-06	1.0277828e-06
884	low_pain	2.5489263e-07	0.99999714	2.6183686e-06
885	high_pain	0.00041092918	0.00036798936	0.999221
886	no_pain	0.99999636	3.0202243e-06	6.250115e-07
887	no_pain	0.99997455	8.242284e-06	1.7193373e-05
888	high_pain	1.3722595e-06	3.3115773e-06	0.9999953
889	no_pain	0.99998426	1.1617215e-05	4.122976e-06
890	no_pain	0.9999985	9.907187e-07	4.23308e-07
891	low_pain	2.1602374e-07	0.99999964	8.955298e-08
892	no_pain	0.9999979	1.230147e-06	8.9310936e-07
893	low_pain	1.3145697e-05	0.9999867	1.6529361e-07
894	low_pain	0.1379148	0.86207783	7.330492e-06
895	no_pain	0.99998105	1.4677197e-05	4.2907204e-06
896	no_pain	0.99999374	2.4816388e-06	3.7940663e-06
897	high_pain	0.05543949	0.00026260974	0.94429785
898	no_pain	0.99992275	5.1443323e-05	2.574851e-05
899	no_pain	0.999982	1.135229e-05	6.6697853e-06
900	no_pain	0.99999803	1.1524971e-06	8.2945337e-07
901	no_pain	0.99997777	1.278254e-05	9.45109e-06
902	low_pain	0.13561437	0.8636542	0.00073145056
903	no_pain	0.99979573	8.007815e-05	0.00012423028
904	no_pain	0.9999975	1.9790307e-06	5.2547557e-07
905	no_pain	0.9999785	1.0035059e-05	1.1516961e-05
906	no_pain	0.99999875	8.8528833e-07	3.3029897e-07
907	no_pain	0.9999816	1.4051448e-05	4.322735e-06
908	no_pain	0.94877785	0.00045117488	0.050770942
909	no_pain	0.9999937	2.3382258e-06	4.0064597e-06
910	no_pain	0.9999901	5.8337455e-06	4.0349437e-06
911	no_pain	0.99999225	6.414652e-06	1.3879433e-06
912	no_pain	0.9999862	1.0169016e-05	3.6848385e-06
913	no_pain	0.9997205	3.41846e-05	0.00024532608
914	no_pain	0.99999297	5.375862e-06	1.6635197e-06
915	no_pain	0.99998844	4.6642685e-06	6.898749e-06
916	no_pain	0.99999416	4.9030373e-06	9.3631235e-07
917	no_pain	0.99999154	6.1611963e-06	2.2438076e-06
918	no_pain	0.9997288	0.00011024821	0.0001608912
919	no_pain	0.916112	6.209211e-05	0.0838259
920	no_pain	0.99999243	4.8534025e-06	2.697964e-06
921	no_pain	0.9999951	3.872646e-06	9.883645e-07
922	no_pain	0.9999691	1.31735815e-05	1.766145e-05
923	high_pain	3.971824e-06	4.463981e-06	0.99999154
924	no_pain	0.9999868	9.069373e-06	4.048348e-06
925	no_pain	0.9999894	9.394692e-06	1.1692717e-06
926	no_pain	0.99996895	7.2340986e-06	2.3845781e-05
927	no_pain	0.9921914	1.9558796e-05	0.007789065
928	no_pain	0.9999965	2.9389937e-06	5.866336e-07
929	low_pain	1.7659373e-07	0.9999996	1.9367839e-07
930	low_pain	4.7038202e-07	0.99999934	2.2231255e-07
931	no_pain	0.999997	2.2855274e-06	6.9857333e-07
932	no_pain	0.8059296	0.0007020492	0.19336833
933	no_pain	0.99998325	9.437643e-06	7.298863e-06
934	no_pain	0.9999911	5.805119e-06	3.0133353e-06
935	high_pain	0.29055804	0.0038980623	0.70554394
936	no_pain	0.9983764	6.2321335e-05	0.0015612375
937	low_pain	1.8116781e-06	0.99999243	5.743954e-06
938	no_pain	0.9999985	1.165752e-06	3.3680803e-07
939	no_pain	0.999973	4.9372297e-06	2.2037395e-05
940	no_pain	0.99999756	1.3912766e-06	1.0992653e-06
941	no_pain	0.9999925	6.2807935e-06	1.2077643e-06
942	no_pain	0.9999959	3.086287e-06	9.665921e-07
943	no_pain	0.99964267	0.000338471	1.888583e-05
944	no_pain	0.9999943	4.3037735e-06	1.4279868e-06
945	no_pain	0.9996053	6.976503e-05	0.0003249103
946	no_pain	0.57110333	6.877173e-05	0.4288279
947	low_pain	0.0010463503	0.9989518	1.8816008e-06
948	no_pain	0.9999966	1.4390571e-06	1.9763677e-06
949	no_pain	0.99118984	0.00022677376	0.008583424
950	no_pain	0.99999183	5.6463728e-06	2.507855e-06
951	no_pain	0.88689655	0.00075666275	0.11234673
952	no_pain	0.9999918	6.8394215e-06	1.3945315e-06
953	no_pain	0.9999966	2.7326e-06	6.6393386e-07
954	no_pain	0.9999023	1.4476803e-05	8.3191306e-05
955	no_pain	0.9999954	3.7014195e-06	8.8374753e-07
956	no_pain	0.9999934	4.4184285e-06	2.168664e-06
957	low_pain	0.44677883	0.5531119	0.00010921397
958	no_pain	0.99999493	1.8076096e-06	3.2304026e-06
959	no_pain	0.99749506	6.7708e-05	0.0024372276
960	high_pain	0.28991833	6.601154e-05	0.7100157
961	no_pain	0.9986545	5.3578955e-05	0.0012919275
962	no_pain	0.99999076	7.174323e-06	2.0745592e-06
963	no_pain	0.99950546	1.0037626e-05	0.00048450622
964	no_pain	0.9999774	1.01574215e-05	1.2499588e-05
965	no_pain	0.99999416	4.8643174e-06	9.848184e-07
966	no_pain	0.999989	7.9630245e-06	3.115921e-06
967	no_pain	0.9999901	7.790904e-06	2.1004234e-06
968	no_pain	0.9999982	1.4402394e-06	3.6559268e-07
969	high_pain	0.4284032	0.00013609455	0.5714607
970	no_pain	0.99999684	2.3145478e-06	7.8043325e-07
971	no_pain	0.9999973	1.7577137e-06	8.9633517e-07
972	no_pain	0.9999962	3.144609e-06	7.052154e-07
973	no_pain	0.97644186	0.00029266925	0.023265472
974	no_pain	0.9945814	0.00014753961	0.0052710543
975	no_pain	0.9555055	0.00038666956	0.04410785
976	no_pain	0.5311242	0.4061682	0.06270769
977	no_pain	0.9997859	0.0001223063	9.175623e-05
978	high_pain	0.12979649	0.0004789999	0.86972445
979	no_pain	0.9999889	6.5903864e-06	4.5635475e-06
980	no_pain	0.9999972	2.2792897e-06	5.22362e-07
981	no_pain	0.999994	5.1276033e-06	8.8869234e-07
982	no_pain	0.99999815	1.2375375e-06	6.2492734e-07
983	low_pain	6.5887164e-08	0.99999994	6.7166956e-09
984	no_pain	0.99999684	2.1150875e-06	1.0237884e-06
985	no_pain	0.85031474	0.00065809145	0.1490272
986	low_pain	7.8040813e-07	0.99999887	3.7247733e-07
987	no_pain	0.9999966	1.9815086e-06	1.3932846e-06
988	no_pain	0.9999975	2.1146025e-06	4.2156645e-07
989	no_pain	0.99998987	7.691601e-06	2.4530475e-06
990	high_pain	0.13371736	0.0010279804	0.8652547
991	low_pain	9.532612e-08	0.99999964	2.0882612e-07
992	no_pain	0.99998754	7.973381e-06	4.481841e-06
993	high_pain	0.47461388	0.000111573136	0.5252745
994	no_pain	0.99999565	3.4309273e-06	9.533607e-07
995	high_pain	0.42794892	0.00092456717	0.5711265
996	no_pain	0.99999416	4.4878643e-06	1.4079953e-06
997	low_pain	0.1136186	0.85077304	0.035608318
998	no_pain	0.9999932	4.3148016e-06	2.4448414e-06
999	no_pain	0.9999959	2.3500893e-06	1.7213648e-06
1000	no_pain	0.99999714	1.5982727e-06	1.2401782e-06
1001	no_pain	0.9999979	1.7200256e-06	3.5144572e-07
1002	no_pain	0.99999434	4.7398894e-06	8.6868295e-07
1003	no_pain	0.99997336	1.4639963e-05	1.2027121e-05
1004	no_pain	0.99999386	5.1192683e-06	1.0318716e-06
1005	no_pain	0.99998134	1.2518118e-05	6.118689e-06
1006	high_pain	9.913124e-06	7.2972803e-06	0.99998283
1007	no_pain	0.9999524	2.5544881e-05	2.2071443e-05
1008	no_pain	0.9999923	6.0979655e-06	1.6082938e-06
1009	no_pain	0.99999774	1.3447461e-06	9.2337257e-07
1010	no_pain	0.9993216	5.0595987e-05	0.0006278201
1011	high_pain	0.28570658	9.272443e-06	0.7142841
1012	no_pain	0.58582956	0.3815105	0.03265997
1013	no_pain	0.9999963	3.077467e-06	5.9723715e-07
1014	no_pain	0.99999416	5.0480653e-06	8.201992e-07
1015	no_pain	0.9999896	6.7568167e-06	3.632e-06
1016	no_pain	0.7045859	5.1858347e-05	0.2953623
1017	no_pain	0.99870837	8.792442e-05	0.0012036897
1018	no_pain	0.9999986	7.5086245e-07	6.455401e-07
1019	no_pain	0.9999901	7.2718426e-06	2.565109e-06
1020	no_pain	0.99999857	1.046825e-06	4.407091e-07
1021	no_pain	0.99999034	6.315887e-06	3.4248897e-06
1022	no_pain	0.9972648	0.00012312843	0.0026121028
1023	no_pain	0.999991	3.61341e-06	5.3599106e-06
1024	low_pain	0.016916635	0.9830409	4.2368625e-05
1025	no_pain	0.99999845	7.388272e-07	8.156602e-07
1026	high_pain	0.03898797	0.00012750298	0.9608845
1027	no_pain	0.99999803	1.4844854e-06	5.043372e-07
1028	no_pain	0.9994522	5.916497e-05	0.00048866915
1029	no_pain	0.99999005	7.843433e-06	2.0729954e-06
1030	low_pain	8.4924534e-07	0.99999905	8.862834e-08
1031	no_pain	0.5714282	1.28108995e-05	0.42855904
1032	no_pain	0.99996835	1.08498725e-05	2.0812395e-05
1033	low_pain	1.1141948e-06	0.99999094	7.915564e-06
1034	no_pain	0.50372666	0.002667848	0.49360552
1035	no_pain	0.9999872	1.0779608e-05	2.0673353e-06
1036	no_pain	0.9999963	3.0361332e-06	6.682407e-07
1037	no_pain	0.9999858	6.874976e-06	7.235568e-06
1038	low_pain	2.7258824e-07	0.9999996	1.7345272e-07
1039	no_pain	0.99997526	2.1535334e-05	3.2305652e-06
1040	no_pain	0.9992212	1.8803834e-05	0.00076000177
1041	no_pain	0.9999772	2.1059848e-05	1.7366305e-06
1042	no_pain	0.99995905	1.9194891e-05	2.1750344e-05
1043	no_pain	0.99999726	1.988059e-06	7.449822e-07
1044	no_pain	0.99999535	3.5351745e-06	1.0646027e-06
1045	no_pain	0.99998105	1.4824901e-05	4.118701e-06
1046	no_pain	0.9999955	2.0494388e-06	2.3936348e-06
1047	no_pain	0.87156963	0.00068571593	0.12774463
1048	no_pain	0.9999977	1.3458467e-06	1.001495e-06
1049	no_pain	0.9996827	7.120189e-05	0.00024610042
1050	no_pain	0.9999894	8.259893e-06	2.3593104e-06
1051	no_pain	0.9999984	1.2107233e-06	4.0981254e-07
1052	no_pain	0.999987	9.626451e-06	3.3852123e-06
1053	no_pain	0.9999979	1.6057381e-06	5.043293e-07
1054	no_pain	0.99998695	1.1637611e-05	1.451271e-06
1055	no_pain	0.99990237	3.415621e-05	6.345239e-05
1056	no_pain	0.8137259	0.00072763726	0.18554652
1057	low_pain	1.5395069e-06	0.9999861	1.2380105e-05
1058	no_pain	0.9628727	0.0003361988	0.03679106
1059	no_pain	0.85730916	4.303164e-05	0.14264783
1060	no_pain	0.99990207	1.5072465e-05	8.294713e-05
1061	low_pain	6.765914e-08	0.9999999	2.522442e-08
1062	low_pain	0.22625439	0.7715636	0.002182008
1063	no_pain	0.9999803	5.868922e-06	1.3921692e-05
1064	no_pain	0.9999892	6.7558926e-06	3.9745996e-06
1065	high_pain	9.150238e-05	0.23488088	0.76502764
1066	no_pain	0.99999225	5.5382548e-06	2.1829621e-06
1067	no_pain	0.99999344	4.866112e-06	1.7000878e-06
1068	low_pain	7.359789e-08	0.9999999	2.661156e-08
1069	no_pain	0.9999978	1.2554007e-06	8.6084026e-07
1070	no_pain	0.9992953	4.3838085e-05	0.00066080195
1071	high_pain	0.1431138	0.28583077	0.5710554
1072	no_pain	0.97964275	0.00026074317	0.02009654
1073	low_pain	4.807068e-07	0.9999994	1.4417856e-07
1074	no_pain	0.9999977	1.8766657e-06	4.423116e-07
1075	low_pain	5.5774727e-08	0.99999994	8.003007e-09
1076	no_pain	0.99996597	1.8979144e-05	1.5021637e-05
1077	high_pain	0.00012636698	0.0001172929	0.99975634
1078	high_pain	0.042502355	0.13093443	0.82656324
1079	no_pain	0.99999875	9.1451574e-07	3.4275098e-07
1080	no_pain	0.9999905	7.607727e-06	1.8819619e-06
1081	no_pain	0.77482814	9.873673e-05	0.22507311
1082	no_pain	0.7613277	9.092905e-05	0.2385814
1083	no_pain	0.9999932	4.9613736e-06	1.8041352e-06
1084	no_pain	0.9999989	5.830255e-07	4.7493583e-07
1085	no_pain	0.99882454	0.00015667171	0.0010187852
1086	no_pain	0.99999374	4.4951853e-06	1.7077164e-06
1087	low_pain	1.0383787e-07	0.9999999	1.25992825e-08
1088	no_pain	0.99999315	4.582599e-06	2.3309458e-06
1089	low_pain	8.370656e-08	0.9999999	2.0886295e-08
1090	no_pain	0.9999773	4.5748125e-06	1.811049e-05
1091	high_pain	0.20286615	0.0012969791	0.79583687
1092	no_pain	0.9999975	1.9055494e-06	6.242189e-07
1093	no_pain	0.9966695	0.00013399945	0.003196504
1094	no_pain	0.9999736	1.2698047e-05	1.3741027e-05
1095	no_pain	0.99969655	6.725422e-05	0.0002361787
1096	no_pain	0.99999666	2.4036235e-06	9.712011e-07
1097	no_pain	0.9999754	9.316041e-06	1.528108e-05
1098	low_pain	7.6608484e-07	0.999998	1.2462557e-06
1099	no_pain	0.9989537	6.184556e-05	0.0009844844
1100	no_pain	0.9999944	4.400538e-06	1.2110413e-06
1101	no_pain	0.99999857	9.819756e-07	4.109272e-07
1102	no_pain	0.99998915	8.5807515e-06	2.2785086e-06
1103	no_pain	0.9819627	0.0004393311	0.017597958
1104	no_pain	0.99999434	3.6583244e-06	1.9892016e-06
1105	no_pain	0.5565542	8.974351e-05	0.4433561
1106	high_pain	0.00022791306	1.26075165e-05	0.9997595
1107	no_pain	0.9999075	2.4203173e-05	6.8292444e-05
1108	no_pain	0.9999958	2.9331527e-06	1.2247501e-06
1109	high_pain	5.0193484e-07	4.2651914e-07	0.99999905
1110	no_pain	0.99999887	7.608348e-07	3.5753686e-07
1111	no_pain	0.8663699	4.448046e-05	0.13358559
1112	no_pain	0.9999943	4.501368e-06	1.1875527e-06
1113	no_pain	0.9999909	3.1208199e-06	6.0119382e-06
1114	no_pain	0.99999416	4.726305e-06	1.0863356e-06
1115	low_pain	9.684621e-06	0.9951087	0.004881597
1116	no_pain	0.9999975	1.8680582e-06	6.8727707e-07
1117	no_pain	0.9999858	1.1055412e-05	3.1379218e-06
1118	low_pain	8.506605e-07	0.99999905	1.0380158e-07
1119	no_pain	0.99874973	9.054812e-05	0.001159721
1120	high_pain	8.554705e-05	0.00016216282	0.9997522
1121	no_pain	0.9999966	1.4499931e-06	1.9915894e-06
1122	high_pain	0.43093887	0.00027014132	0.568791
1123	no_pain	0.9999989	6.400782e-07	4.4878465e-07
1124	no_pain	0.9999955	3.4957197e-06	9.821794e-07
1125	no_pain	0.9999972	2.1480332e-06	6.700298e-07
1126	no_pain	0.99998754	1.0640718e-05	1.7922384e-06
1127	low_pain	2.5908255e-07	0.9999992	5.154368e-07
1128	no_pain	0.999997	1.7627115e-06	1.249616e-06
1129	no_pain	0.999978	1.7361614e-05	4.6486175e-06
1130	no_pain	0.9999965	2.6362989e-06	9.499942e-07
1131	no_pain	0.99999654	2.3933444e-06	1.0555435e-06
1132	no_pain	0.9999753	9.420338e-06	1.519919e-05
1133	no_pain	0.9999923	4.6521423e-06	2.9997439e-06
1134	low_pain	6.842173e-05	0.58308345	0.41684815
1135	no_pain	0.99999154	6.4653823e-06	2.0151629e-06
1136	no_pain	0.9999967	2.7216713e-06	6.054273e-07
1137	no_pain	0.99994487	4.3863056e-05	1.11827185e-05
1138	no_pain	0.9999987	9.3122463e-07	3.277821e-07
1139	no_pain	0.99999666	2.1579256e-06	1.168076e-06
1140	high_pain	4.1375088e-07	4.2934826e-07	0.99999917
1141	no_pain	0.88243705	0.00045266753	0.11711027
1142	no_pain	0.9861191	1.9124442e-05	0.013861851
1143	no_pain	0.99986947	0.00012120527	9.325762e-06
1144	no_pain	0.998124	6.354004e-05	0.0018124313
1145	no_pain	0.9976098	7.274254e-05	0.0023173958
1146	high_pain	0.42845634	0.14277534	0.4287683
1147	no_pain	0.9999823	1.3497039e-05	4.1487865e-06
1148	no_pain	0.999983	9.564178e-06	7.402793e-06
1149	no_pain	0.99908817	4.787324e-05	0.00086400856
1150	no_pain	0.80192566	0.103785396	0.09428897
1151	low_pain	4.0224104e-06	0.99999464	1.3581741e-06
1152	no_pain	0.57261837	0.42672858	0.0006530623
1153	no_pain	0.99999934	3.990148e-07	2.6671827e-07
1154	no_pain	0.99999875	8.673364e-07	3.7720912e-07
1155	no_pain	0.6774179	0.32221168	0.00037045707
1156	high_pain	3.766967e-06	1.3355046e-06	0.9999949
1157	no_pain	0.9999951	3.930141e-06	9.834588e-07
1158	no_pain	0.9996162	0.00015269431	0.00023110048
1159	low_pain	1.979146e-06	0.99999756	4.8283863e-07
1160	no_pain	0.99999136	2.4336139e-06	6.243973e-06
1161	no_pain	0.9999927	4.945467e-06	2.371336e-06
1162	no_pain	0.99999774	1.247438e-06	9.969885e-07
1163	no_pain	0.9999973	2.1926364e-06	4.6750344e-07
1164	low_pain	0.016379619	0.98360926	1.1068753e-05
1165	no_pain	0.9999937	3.756586e-06	2.5675306e-06
1166	low_pain	1.5013154e-06	0.99999803	4.983125e-07
1167	no_pain	0.99999684	2.5390484e-06	5.5621274e-07
1168	low_pain	8.947738e-07	0.99999875	3.2174623e-07
1169	no_pain	0.99880314	5.3743202e-05	0.0011431443
1170	no_pain	0.99997187	1.5817894e-05	1.2308671e-05
1171	no_pain	0.99984825	6.515089e-05	8.661072e-05
1172	no_pain	0.99999046	8.073038e-06	1.4602005e-06
1173	no_pain	0.57896656	5.2587922e-05	0.42098084
1174	low_pain	0.0012989694	0.9986925	8.5687e-06
1175	no_pain	0.9999965	2.8672391e-06	6.2847084e-07
1176	no_pain	0.99999875	6.525828e-07	5.7657587e-07
1177	no_pain	0.99999875	9.3972227e-07	2.5490934e-07
1178	no_pain	0.99998826	6.7353926e-06	4.9780515e-06
1179	low_pain	4.677874e-06	0.9999952	1.632543e-07
1180	no_pain	0.9999995	2.8320943e-07	1.5739488e-07
1181	no_pain	0.99868435	8.457974e-05	0.0012311246
1182	no_pain	0.56445557	0.0008420142	0.43470243
1183	no_pain	0.999997	1.8063554e-06	1.1290322e-06
1184	no_pain	0.9999983	1.0285032e-06	6.665733e-07
1185	low_pain	0.272418	0.72092235	0.006659679
1186	high_pain	1.1369316e-05	1.4483566e-06	0.9999872
1187	no_pain	0.99999154	7.2942616e-06	1.0942139e-06
1188	no_pain	0.99999565	3.2379103e-06	1.157645e-06
1189	no_pain	0.99997264	2.0427748e-05	6.919921e-06
1190	low_pain	6.16824e-05	0.999937	1.3492921e-06
1191	no_pain	0.99999875	8.617404e-07	3.8721055e-07
1192	no_pain	0.9849609	0.00102913	0.014009938
1193	no_pain	0.9998988	2.6242744e-05	7.498336e-05
1194	low_pain	0.15743737	0.8425254	3.721758e-05
1195	no_pain	0.9999906	5.982209e-06	3.414503e-06
1196	no_pain	0.99999774	1.9376735e-06	3.1526994e-07
1197	high_pain	0.2855627	9.333244e-05	0.71434397
1198	no_pain	0.9999895	5.4768657e-06	5.007541e-06
1199	no_pain	0.99855524	0.00013746216	0.0013072722
1200	no_pain	0.6925666	0.3074004	3.3012213e-05
1201	no_pain	0.99999386	5.080914e-06	1.0402484e-06
1202	no_pain	0.7735172	0.00010770456	0.22637512
1203	no_pain	0.9999932	6.051027e-06	8.064017e-07
1204	no_pain	0.9999966	2.5131428e-06	9.400857e-07
1205	no_pain	0.999988	9.9545805e-06	2.0116865e-06
1206	no_pain	0.9999929	5.6662125e-06	1.428456e-06
1207	no_pain	0.9999816	4.1399576e-06	1.4268502e-05
1208	no_pain	0.99999636	2.9723394e-06	6.3190583e-07
1209	low_pain	1.18283374e-07	0.9999999	4.8492105e-08
1210	low_pain	0.0005104803	0.9994849	4.647165e-06
1211	low_pain	0.016246479	0.9837022	5.1323867e-05
1212	no_pain	0.9982686	0.0002000731	0.0015313494
1213	no_pain	0.99883765	7.863499e-05	0.0010836854
1214	no_pain	0.99999094	6.6676907e-06	2.3915106e-06
1215	no_pain	0.9999906	5.595414e-06	3.8045125e-06
1216	no_pain	0.9999963	2.863781e-06	8.1929204e-07
1217	no_pain	0.93181545	0.0005570958	0.06762747
1218	no_pain	0.5538307	8.0302976e-05	0.44608903
1219	no_pain	0.99996996	2.3126497e-05	6.9210005e-06
1220	high_pain	0.3142015	1.9342036e-05	0.68577915
1221	no_pain	0.99940735	4.178937e-05	0.0005508158
1222	no_pain	0.99999464	2.8911734e-06	2.4680267e-06
1223	low_pain	5.476433e-07	0.99999917	2.2170363e-07
1224	no_pain	0.9999961	2.104146e-06	1.7964222e-06
1225	no_pain	0.9999977	1.3169353e-06	1.0353059e-06
1226	low_pain	4.33959e-07	0.9999989	6.38779e-07
1227	no_pain	0.9999914	6.727017e-06	1.8290929e-06
1228	no_pain	0.9999965	2.9058538e-06	5.912917e-07
1229	no_pain	0.99999183	6.858489e-06	1.347191e-06
1230	no_pain	0.99594134	0.000100794874	0.003957875
1231	high_pain	0.031578112	0.00014808573	0.96827376
1232	no_pain	0.99951744	1.0116763e-05	0.00047238675
1233	no_pain	0.9946105	0.0001836922	0.005205833
1234	high_pain	6.848763e-06	0.14316282	0.8568303
1235	low_pain	7.644054e-06	0.9999628	2.9536675e-05
1236	no_pain	0.7333407	0.26527348	0.0013858415
1237	no_pain	0.57113093	4.5009834e-05	0.4288241
1238	high_pain	4.4654385e-06	0.00012100065	0.99987453
1239	no_pain	0.9999715	1.3838852e-05	1.4640032e-05
1240	no_pain	0.9372451	0.0004979329	0.062256973
1241	no_pain	0.9999871	3.545192e-06	9.362588e-06
1242	no_pain	0.9999948	3.932993e-06	1.2086263e-06
1243	no_pain	0.9999947	3.4949549e-06	1.777701e-06
1244	low_pain	7.7501903e-07	0.99999917	4.6883013e-08
1245	no_pain	0.99999714	1.4866117e-06	1.3357674e-06
1246	low_pain	1.277627e-06	0.9999983	4.3871037e-07
1247	low_pain	9.8136275e-05	0.9999004	1.4441749e-06
1248	no_pain	0.5774026	4.8401223e-05	0.422549
1249	no_pain	0.9995591	8.265113e-06	0.00043257783
1250	no_pain	0.9999987	7.5444274e-07	5.465708e-07
1251	no_pain	0.9990426	7.1479975e-05	0.0008859616
1252	high_pain	0.0013949724	0.0002791209	0.9983259
1253	no_pain	0.9999962	3.0957665e-06	6.954723e-07
1254	low_pain	2.7788465e-08	1.0	4.5455097e-09
1255	no_pain	0.9999747	3.966732e-06	2.1265932e-05
1256	no_pain	0.9999982	1.5248944e-06	2.8627534e-07
1257	no_pain	0.99992514	6.9475784e-05	5.342674e-06
1258	no_pain	0.99621254	0.00036558072	0.0034218354
1259	no_pain	0.99998903	5.7005577e-06	5.2303517e-06
1260	low_pain	8.5815014e-07	0.99999887	3.1518798e-07
1261	no_pain	0.9978889	9.74065e-05	0.0020136756
1262	no_pain	0.9037717	0.00048651858	0.095741786
1263	no_pain	0.99999183	5.391558e-06	2.7948422e-06
1264	no_pain	0.99993813	2.8875522e-05	3.29897e-05
1265	no_pain	0.9988931	7.679094e-05	0.0010301868
1266	high_pain	0.02357276	0.0012027106	0.9752245
1267	no_pain	0.99997807	1.5849882e-05	6.091434e-06
1268	low_pain	1.6980256e-06	0.9999983	3.2967534e-08
1269	no_pain	0.9999984	1.0495771e-06	5.329327e-07
1270	no_pain	0.99998456	3.5887242e-06	1.188268e-05
1271	no_pain	0.9999861	9.604854e-06	4.2478578e-06
1272	no_pain	0.99991137	6.704107e-05	2.1575335e-05
1273	no_pain	0.99983495	5.0338433e-05	0.00011470518
1274	no_pain	0.99999416	4.756364e-06	1.0558908e-06
1275	no_pain	0.9999915	6.792668e-06	1.6991584e-06
1276	no_pain	0.9999855	1.061657e-05	3.849764e-06
1277	no_pain	0.9999929	5.4950256e-06	1.6180775e-06
1278	no_pain	0.9999898	7.891182e-06	2.331794e-06
1279	no_pain	0.99999267	5.26846e-06	2.061363e-06
1280	no_pain	0.9999971	1.9339384e-06	9.767647e-07
1281	no_pain	0.999992	6.426264e-06	1.5204183e-06
1282	high_pain	1.3844199e-06	6.567614e-07	0.999998
1283	no_pain	0.86427975	0.0007086488	0.13501158
1284	no_pain	0.88213354	0.0005272809	0.11733912
1285	no_pain	0.9999954	2.627799e-06	1.9230927e-06
1286	no_pain	0.999998	1.5434954e-06	4.6112115e-07
1287	no_pain	0.99996716	8.777625e-06	2.4001592e-05
1288	high_pain	3.8377954e-07	3.5409522e-07	0.9999992
1289	no_pain	0.99999374	5.191318e-06	1.0990263e-06
1290	no_pain	0.9999989	5.973551e-07	4.645398e-07
1291	no_pain	0.83158815	0.0001169442	0.16829494
1292	no_pain	0.99999624	2.8165553e-06	9.0567363e-07
1293	high_pain	0.07436617	0.08774699	0.8378868
1294	no_pain	0.9981297	0.00019820721	0.0016720655
1295	low_pain	0.0016066363	0.99837	2.340225e-05
1296	no_pain	0.9999971	2.4686835e-06	5.135123e-07
1297	no_pain	0.99992067	7.240508e-05	6.956325e-06
1298	no_pain	0.9999892	9.5450105e-06	1.1827885e-06
1299	no_pain	0.9999922	6.7855462e-06	1.0867063e-06
1300	low_pain	0.000115530434	0.9998824	2.0334737e-06
1301	no_pain	0.9999873	9.558728e-06	3.0807819e-06
1302	no_pain	0.99999565	2.6200148e-06	1.7697666e-06
1303	no_pain	0.99999046	7.273734e-06	2.2390952e-06
1304	no_pain	0.9991422	4.5441408e-05	0.0008123398
1305	no_pain	0.9999978	1.6559177e-06	5.548964e-07
1306	no_pain	0.99998623	6.229983e-06	7.576467e-06
1307	no_pain	0.9999986	9.037697e-07	4.8664555e-07
1308	no_pain	0.9999942	2.8298298e-06	2.991193e-06
1309	low_pain	1.7841293e-06	0.9999979	3.3913764e-07
1310	no_pain	0.9999895	3.1048755e-06	7.423543e-06
1311	high_pain	0.16158342	6.572634e-05	0.83835083
1312	no_pain	0.99999475	2.0890684e-06	3.2026367e-06
1313	no_pain	0.9999984	1.2009002e-06	4.1266523e-07
1314	no_pain	0.99999666	2.3598548e-06	1.0235518e-06
1315	low_pain	1.3206444e-06	0.9999986	2.6223116e-08
1316	no_pain	0.94015616	6.615914e-05	0.059777685
1317	no_pain	0.99999714	2.14394e-06	7.288805e-07
1318	low_pain	1.2375175e-06	0.99999875	2.7363345e-08
1319	no_pain	0.99997574	1.1369869e-05	1.284684e-05
1320	no_pain	0.9999324	6.313676e-05	4.393482e-06
1321	no_pain	0.9999963	2.9942862e-06	6.684314e-07
1322	no_pain	0.9999937	5.558282e-06	7.902085e-07
1323	no_pain	0.99995	3.0836152e-05	1.9187124e-05
