sample_index	label	no_pain	low_pain	high_pain
000	no_pain	0.999992	5.914853e-06	2.0614098e-06
001	no_pain	0.99999875	3.684616e-07	8.949648e-07
002	no_pain	0.99999714	1.3031001e-06	1.4693351e-06
003	no_pain	0.99995327	7.101283e-06	3.963906e-05
004	no_pain	0.99999726	3.32049e-07	2.4066019e-06
005	no_pain	0.9999148	8.184182e-05	3.2505982e-06
006	no_pain	0.97260684	0.00013136721	0.0272618
007	no_pain	0.9999987	6.6526843e-07	6.9451045e-07
008	no_pain	0.9997829	1.4414798e-05	0.00020267881
009	no_pain	0.9999918	3.1630352e-06	5.0399995e-06
010	no_pain	0.9999979	1.0603044e-06	9.767526e-07
011	no_pain	0.99999857	7.4293837e-07	6.529742e-07
012	no_pain	0.9999973	1.411938e-06	1.2398883e-06
013	no_pain	0.9999981	8.224339e-07	1.1108539e-06
014	no_pain	0.99999887	3.4575032e-07	8.278624e-07
015	no_pain	0.9960507	4.9751317e-05	0.0038995538
016	low_pain	1.1446301e-08	1.0	9.059331e-09
017	no_pain	0.99999875	2.3157634e-07	1.0076066e-06
018	low_pain	2.3549614e-08	0.9999999	7.7205e-08
019	no_pain	0.99998915	2.1719088e-06	8.604629e-06
020	no_pain	0.9999987	3.5080583e-07	9.4916595e-07
021	no_pain	0.99999464	1.0302153e-06	4.3515256e-06
022	no_pain	0.79775155	4.623746e-05	0.20220225
023	low_pain	2.2055766e-09	1.0	4.804757e-09
024	no_pain	0.8699895	0.0004398615	0.1295706
025	no_pain	0.99999857	5.7334415e-07	8.236146e-07
026	low_pain	4.153592e-09	1.0	8.021784e-09
027	no_pain	0.99999845	8.870643e-07	6.9325324e-07
028	no_pain	0.9999987	1.1942318e-06	1.8327562e-07
029	no_pain	0.99999887	3.154518e-07	7.864536e-07
030	no_pain	0.9999978	8.4938335e-07	1.3402739e-06
031	no_pain	0.9999992	2.4577366e-07	4.6833875e-07
032	no_pain	0.99999934	3.646433e-07	3.0704115e-07
033	no_pain	0.98959035	0.010404117	5.490757e-06
034	no_pain	0.99999744	1.3869079e-06	1.1670415e-06
035	no_pain	0.9999984	8.263404e-07	8.4618387e-07
036	low_pain	2.326653e-09	1.0	6.4756653e-09
037	no_pain	0.8389217	0.0004803806	0.16059794
038	no_pain	0.99999875	6.555297e-07	6.1531546e-07
039	no_pain	0.99999917	4.120771e-07	4.6768636e-07
040	no_pain	0.9019842	0.0003605107	0.0976553
041	low_pain	2.262171e-08	1.0	2.7312051e-08
042	low_pain	9.221186e-09	1.0	1.0002524e-08
043	low_pain	1.5257616e-08	1.0	1.24313e-08
044	no_pain	0.9999987	5.057278e-07	7.8691244e-07
045	high_pain	4.7402986e-07	1.2416563e-05	0.9999871
046	high_pain	7.611123e-09	2.866799e-09	1.0
047	no_pain	0.99999845	1.3167869e-06	1.9295162e-07
048	no_pain	0.9999982	1.0636177e-06	7.0954644e-07
049	high_pain	1.2466144e-08	3.2014147e-09	1.0
050	high_pain	1.0537327e-05	9.770475e-07	0.99998856
051	no_pain	0.9999949	2.3204534e-06	2.7871308e-06
052	low_pain	7.146492e-09	1.0	1.47967585e-08
053	low_pain	0.19998412	0.8000148	1.1297809e-06
054	no_pain	0.99999857	6.4144865e-07	8.04068e-07
055	no_pain	0.99706286	2.3472967e-05	0.0029136455
056	no_pain	0.9999983	1.5225145e-06	2.1257196e-07
057	low_pain	0.2024281	0.79755545	1.6459944e-05
058	no_pain	0.9999992	3.698875e-07	4.4194084e-07
059	no_pain	0.9999924	5.258902e-06	2.315375e-06
060	no_pain	0.8692252	0.00041723088	0.13035758
061	no_pain	0.9999989	4.159073e-07	6.747532e-07
062	no_pain	0.9999997	7.143932e-08	1.7520792e-07
063	no_pain	0.99999845	4.7495843e-07	1.0504509e-06
064	no_pain	0.9999983	4.4840857e-07	1.2790467e-06
065	no_pain	0.9999981	8.824124e-07	1.0541386e-06
066	no_pain	0.9999984	5.080422e-07	1.0687835e-06
067	no_pain	0.9999999	5.1611245e-08	1.1759462e-07
068	no_pain	0.9410739	0.000251962	0.058674145
069	no_pain	0.99999875	2.7743175e-07	9.707944e-07
070	no_pain	0.9999973	1.5867784e-06	1.0995949e-06
071	low_pain	1.4887291e-06	0.99998844	1.0010164e-05
072	no_pain	0.99999774	1.06522e-06	1.2408434e-06
073	no_pain	0.6134776	0.0005289343	0.38599354
074	no_pain	0.9999995	1.2410189e-07	3.3412485e-07
075	no_pain	0.99999875	3.8836902e-07	8.4967417e-07
076	no_pain	0.9999994	9.6396136e-08	4.5842097e-07
077	no_pain	0.99999845	6.095598e-07	8.5860603e-07
078	no_pain	0.99999297	4.3671125e-06	2.6872603e-06
079	no_pain	0.99999934	3.923247e-07	2.9459707e-07
080	high_pain	9.483977e-06	9.138742e-07	0.9999896
081	high_pain	4.656821e-08	5.553836e-09	1.0
082	high_pain	2.7013607e-08	1.48924e-08	1.0
083	no_pain	0.99998415	8.3856764e-07	1.4985347e-05
084	no_pain	0.99999297	4.7350177e-06	2.2948864e-06
085	no_pain	0.99999887	3.9453963e-07	8.6799264e-07
086	no_pain	0.99999857	5.846674e-07	8.18264e-07
087	low_pain	2.589776e-06	0.9999968	6.6736914e-07
088	no_pain	0.99999315	4.559087e-06	2.3415137e-06
089	no_pain	0.99999857	8.0106054e-07	6.523874e-07
090	no_pain	0.86141205	0.00038650673	0.13820148
091	no_pain	0.9999982	1.5347465e-06	2.1973877e-07
092	no_pain	0.9999983	9.27592e-07	8.353466e-07
093	low_pain	0.39999232	0.6000069	8.1914084e-07
094	no_pain	0.99999857	5.946646e-07	8.295416e-07
095	no_pain	0.7999844	0.20001252	3.1083212e-06
096	no_pain	0.9999994	1.7941932e-07	3.4541617e-07
097	high_pain	4.461779e-08	1.6831018e-08	1.0
098	high_pain	0.0029546558	1.5303096e-05	0.9970301
099	low_pain	9.769627e-09	1.0	5.186205e-08
100	no_pain	0.99999857	6.443722e-07	8.185274e-07
101	no_pain	0.99999845	7.363753e-07	7.695665e-07
102	low_pain	2.8848698e-08	1.0	2.8111984e-08
103	low_pain	5.84789e-09	1.0	5.834303e-09
104	no_pain	0.99999774	1.4260993e-06	8.482804e-07
105	no_pain	0.7617173	9.2079485e-05	0.23819062
106	high_pain	1.2248017e-07	3.4405964e-08	0.9999998
107	no_pain	0.9999976	5.602873e-07	1.8699657e-06
108	no_pain	0.99999636	1.8686908e-06	1.7476475e-06
109	no_pain	0.9999987	3.0597647e-07	1.0009237e-06
110	no_pain	0.9999922	5.229688e-06	2.603128e-06
111	no_pain	0.9999978	1.7185491e-06	4.3241567e-07
112	low_pain	2.0807938e-05	0.99997807	1.1261711e-06
113	no_pain	0.9999987	4.9101016e-07	8.6605843e-07
114	no_pain	0.99999905	4.683324e-07	4.6988674e-07
115	no_pain	0.7948946	8.711709e-05	0.20501831
116	no_pain	0.99998635	9.967423e-07	1.2611215e-05
117	high_pain	7.3449753e-09	2.4188607e-09	1.0
118	high_pain	3.131874e-08	4.6687645e-09	1.0
119	no_pain	0.9999987	7.2998597e-07	5.838559e-07
120	no_pain	0.99966514	1.836073e-05	0.00031647412
121	no_pain	0.9999979	1.0203701e-06	1.1594386e-06
122	no_pain	0.9999755	2.3271355e-06	2.2202203e-05
123	no_pain	0.9999976	1.2818724e-06	1.0894931e-06
124	no_pain	0.999996	6.701413e-07	3.3373549e-06
125	no_pain	0.99999857	5.614053e-07	8.26535e-07
126	no_pain	0.99999857	4.625901e-07	1.0256334e-06
127	no_pain	0.99999905	2.690684e-07	6.379089e-07
128	no_pain	0.9999987	5.010564e-07	8.8071846e-07
129	no_pain	0.99999774	1.3331957e-06	9.521342e-07
130	no_pain	0.9999987	6.1834567e-07	6.876056e-07
131	no_pain	0.99999887	5.216878e-07	6.577374e-07
132	no_pain	0.9999921	3.058663e-06	4.8441375e-06
133	no_pain	0.99999845	6.3307584e-07	8.5363143e-07
134	no_pain	0.99999684	1.9272418e-06	1.1771402e-06
135	no_pain	0.9999983	4.0909043e-07	1.3271116e-06
136	low_pain	4.321273e-09	1.0	8.990639e-09
137	high_pain	9.717796e-08	1.7037934e-08	0.9999999
138	no_pain	0.99999905	4.52616e-07	4.8542415e-07
139	no_pain	0.999681	0.00030036148	1.8676385e-05
140	no_pain	0.99999696	1.6376407e-06	1.4083298e-06
141	no_pain	0.99999845	7.1605774e-07	7.550974e-07
142	no_pain	0.8117048	0.0004635614	0.18783161
143	no_pain	0.999992	1.8533799e-06	6.18142e-06
144	high_pain	0.17704308	6.7281384e-05	0.8228896
145	no_pain	0.99999744	1.1234467e-06	1.4350858e-06
146	low_pain	1.5109512e-08	1.0	1.335147e-08
147	no_pain	0.9999982	6.2045285e-07	1.2148429e-06
148	low_pain	3.5616754e-09	1.0	5.0048663e-09
149	no_pain	0.9999979	1.6367123e-06	4.2347997e-07
150	no_pain	0.9999979	1.153797e-06	9.2674316e-07
151	no_pain	0.9999992	2.568801e-07	5.419264e-07
152	no_pain	0.9999955	2.8349252e-06	1.6517939e-06
153	no_pain	0.9999989	5.3931007e-07	4.8091545e-07
154	no_pain	0.9999938	2.3666769e-06	3.836256e-06
155	no_pain	0.99331987	0.00016904772	0.00651108
156	no_pain	0.83247155	0.00030058288	0.16722782
157	no_pain	0.9999984	2.6569487e-07	1.3648026e-06
158	no_pain	0.99999046	3.7397635e-06	5.780228e-06
159	no_pain	0.7044414	3.677178e-05	0.29552183
160	low_pain	7.966626e-08	0.9999999	3.7826887e-08
161	no_pain	0.9999995	1.3854752e-07	3.4041318e-07
162	no_pain	0.9999978	7.501538e-07	1.4058799e-06
163	no_pain	0.9999976	1.1892499e-06	1.196568e-06
164	no_pain	0.9999998	5.138792e-08	2.2055076e-07
165	low_pain	1.0227135e-08	1.0	1.06593365e-08
166	no_pain	0.9999992	2.2861062e-07	4.961272e-07
167	no_pain	0.9999983	7.870928e-07	9.506242e-07
168	no_pain	0.999992	2.0373914e-06	5.997968e-06
169	no_pain	0.9999983	6.585201e-07	1.0522789e-06
170	low_pain	0.39999756	0.60000175	7.123647e-07
171	low_pain	2.2907782e-08	0.9999999	5.29342e-08
172	no_pain	0.9999992	2.6346024e-07	4.6194268e-07
173	no_pain	0.9999827	2.995305e-06	1.4256102e-05
174	no_pain	0.99999607	9.716958e-07	2.912818e-06
175	high_pain	1.5295363e-06	0.3999954	0.60000306
176	no_pain	0.99999744	2.7048716e-07	2.2685442e-06
177	no_pain	0.9999981	1.132681e-06	8.2025633e-07
178	no_pain	0.9999989	5.485181e-07	4.8723007e-07
179	no_pain	0.99999887	5.687265e-07	4.957082e-07
180	no_pain	0.99999905	5.47955e-07	3.8670913e-07
181	no_pain	0.99999416	1.5247116e-06	4.281623e-06
182	no_pain	0.9999994	2.1429165e-07	3.6616547e-07
183	no_pain	0.9999956	3.034284e-06	1.3419937e-06
184	no_pain	0.99954015	1.0010623e-05	0.00044981897
185	no_pain	0.99991494	3.807896e-06	8.12449e-05
186	high_pain	3.727177e-08	1.0480791e-08	1.0
187	no_pain	0.9999989	5.384413e-07	5.0494225e-07
188	no_pain	0.8274781	0.0002750882	0.17224678
189	high_pain	1.2859725e-08	2.5635887e-09	1.0
190	no_pain	0.99999607	2.3958667e-06	1.4891444e-06
191	high_pain	8.0599144e-05	2.3054406e-06	0.99991715
192	no_pain	0.99999964	1.1305972e-07	2.9454304e-07
193	no_pain	0.99999934	3.484252e-07	3.3343002e-07
194	no_pain	0.9999984	8.757719e-07	7.5903245e-07
195	no_pain	0.9999968	2.1236497e-06	1.1341357e-06
196	no_pain	0.99999857	8.527618e-07	5.676792e-07
197	no_pain	0.99999905	6.035094e-07	3.7929595e-07
198	low_pain	4.1696575e-09	1.0	4.130139e-09
199	no_pain	0.9999906	2.1546332e-06	7.307267e-06
200	no_pain	0.999998	6.2505126e-07	1.3275001e-06
201	high_pain	3.4179003e-08	3.4333738e-08	1.0
202	low_pain	4.191471e-09	1.0	6.2809953e-09
203	low_pain	3.2730192e-08	1.0	2.1359146e-08
204	no_pain	0.99999845	1.2552438e-06	1.9027891e-07
205	no_pain	0.9999963	1.4675552e-06	2.2496893e-06
206	low_pain	1.3934368e-08	1.0	1.0306645e-08
207	no_pain	0.999998	9.282805e-07	1.1308454e-06
208	no_pain	0.9999962	3.912406e-07	3.4847508e-06
209	no_pain	0.9999956	2.6570513e-06	1.7418904e-06
210	no_pain	0.999975	2.4573921e-05	4.415694e-07
211	no_pain	0.9999975	1.143006e-06	1.4130562e-06
212	no_pain	0.99999857	9.565581e-07	4.826053e-07
213	no_pain	0.99999726	2.519551e-06	2.9037074e-07
214	low_pain	9.059719e-09	1.0	7.902351e-09
215	no_pain	0.999994	2.543068e-06	3.4174438e-06
216	no_pain	0.9999944	1.5030081e-06	4.073244e-06
217	no_pain	0.9999994	1.998068e-07	3.3862793e-07
218	no_pain	0.99999315	2.438007e-06	4.394272e-06
219	no_pain	0.99998444	8.132819e-07	1.4755622e-05
220	low_pain	4.531232e-08	0.9999998	1.0878642e-07
221	no_pain	0.99999857	6.40435e-07	8.2486423e-07
222	low_pain	2.032907e-06	0.9999757	2.2316397e-05
223	no_pain	0.9999878	7.873106e-06	4.3066166e-06
224	no_pain	0.9997959	2.0568352e-05	0.00018352667
225	no_pain	0.9999983	8.755998e-07	8.192931e-07
226	no_pain	0.8122514	0.187529	0.00021960246
227	no_pain	0.9999979	1.2036246e-06	8.722942e-07
228	no_pain	0.999998	5.8509806e-07	1.4182793e-06
229	no_pain	0.9999949	1.3748909e-06	3.7654995e-06
230	no_pain	0.99999845	7.79516e-07	7.1608355e-07
231	no_pain	0.99999875	3.763732e-07	8.619215e-07
232	no_pain	0.9999987	5.7389207e-07	7.3381113e-07
233	no_pain	0.99999636	2.5887343e-06	1.0112477e-06
234	no_pain	0.99999934	1.6445713e-07	5.0926764e-07
235	no_pain	0.9999982	6.63024e-07	1.1690857e-06
236	no_pain	0.9999943	5.729481e-07	5.1323414e-06
237	no_pain	0.9999992	1.9678627e-07	5.112158e-07
238	low_pain	1.6899778e-06	0.9999982	1.5290664e-07
239	no_pain	0.99999934	1.4193844e-07	5.6523925e-07
240	no_pain	0.999996	1.3193577e-06	2.6861248e-06
241	no_pain	0.99999875	4.5882885e-07	7.5986554e-07
242	no_pain	0.99999857	4.8558917e-07	9.382601e-07
243	no_pain	0.9999958	2.2209028e-06	1.9685976e-06
244	no_pain	0.79999894	0.20000045	5.716582e-07
245	no_pain	0.99999696	1.9319814e-06	1.1925189e-06
246	no_pain	0.99999845	9.112853e-07	5.9369523e-07
247	no_pain	0.9999979	1.093085e-06	9.474902e-07
248	no_pain	0.99999106	2.7912308e-06	6.1481346e-06
249	no_pain	0.9999987	1.1736165e-06	1.866131e-07
250	no_pain	0.99999464	1.0845934e-06	4.279442e-06
251	low_pain	1.0448451e-08	1.0	1.0205058e-08
252	no_pain	0.99998605	2.6898729e-06	1.1255812e-05
253	no_pain	0.9999982	4.601618e-07	1.3315655e-06
254	no_pain	0.99999887	2.0964913e-07	9.390069e-07
255	no_pain	0.9999588	5.36601e-06	3.577816e-05
256	no_pain	0.99999857	3.3196687e-07	1.1267916e-06
257	high_pain	0.19513631	9.781091e-05	0.8047659
258	no_pain	0.9995492	1.7065136e-05	0.00043368345
259	no_pain	0.9999943	2.309708e-06	3.424338e-06
260	no_pain	0.9999994	1.395791e-07	4.623298e-07
261	high_pain	7.0689743e-09	2.4384712e-09	1.0
262	no_pain	0.9999994	2.134298e-07	3.8393105e-07
263	no_pain	0.99999636	1.9697363e-06	1.6196285e-06
264	no_pain	0.9999995	1.2523361e-07	3.6134904e-07
265	no_pain	0.99999887	3.370172e-07	7.8907215e-07
266	high_pain	1.4328599e-06	1.8974106e-07	0.9999984
267	no_pain	0.99999774	7.799109e-07	1.5728074e-06
268	high_pain	1.8195466e-07	4.6738535e-08	0.9999998
269	high_pain	0.3998687	4.7946564e-06	0.60012645
270	low_pain	1.2200521e-08	1.0	1.1103628e-08
271	no_pain	0.99998266	1.3462812e-05	3.8667513e-06
272	low_pain	7.4432434e-09	1.0	8.470547e-09
273	low_pain	0.19991958	0.8000795	8.9039804e-07
274	no_pain	0.99999934	1.6331614e-07	4.5444216e-07
275	no_pain	0.9999978	1.5467797e-06	6.90775e-07
276	no_pain	0.75024986	0.000119682416	0.24963048
277	no_pain	0.9913106	0.00011663475	0.008572762
278	no_pain	0.9999992	3.3401702e-07	4.0689375e-07
279	no_pain	0.99999714	1.7398054e-06	1.1167649e-06
280	no_pain	0.99999845	9.107636e-07	5.549796e-07
281	no_pain	0.99999905	1.2040043e-07	8.9671596e-07
282	no_pain	0.9999979	8.238518e-07	1.3312202e-06
283	no_pain	0.79543555	0.20447357	9.09248e-05
284	no_pain	0.9999979	6.491994e-07	1.4367857e-06
285	no_pain	0.99999845	7.486521e-07	7.92527e-07
286	no_pain	0.9999973	1.5558302e-06	1.0626256e-06
287	low_pain	4.964343e-09	1.0	7.1493744e-09
288	no_pain	0.99999887	3.9015518e-07	7.6939966e-07
289	no_pain	0.99999857	3.7329468e-07	1.0808214e-06
290	no_pain	0.99999845	4.941086e-07	9.797915e-07
291	low_pain	3.3658192e-09	1.0	6.0009917e-09
292	no_pain	0.9999984	9.367359e-07	6.3509634e-07
293	no_pain	0.99999774	8.034464e-07	1.4994631e-06
294	low_pain	3.5170228e-08	0.9999999	3.0845875e-08
295	no_pain	0.99999774	9.1510464e-07	1.4370114e-06
296	no_pain	0.99999887	3.8271054e-07	7.1092836e-07
297	no_pain	0.99999917	4.3570026e-07	3.7649286e-07
298	no_pain	0.9999994	1.0052437e-07	4.7005855e-07
299	high_pain	0.400001	9.243566e-07	0.5999981
300	low_pain	2.3837703e-08	0.9999999	7.9807215e-08
301	no_pain	0.9999981	9.4385575e-07	9.075837e-07
302	low_pain	9.131583e-09	1.0	9.719136e-09
303	no_pain	0.7999903	3.056232e-05	0.1999791
304	no_pain	0.99999875	5.1269905e-07	7.2432476e-07
305	no_pain	0.999973	1.7276816e-06	2.523565e-05
306	no_pain	0.9999989	4.4622612e-07	5.600811e-07
307	no_pain	0.9999978	1.2535007e-06	9.1330094e-07
308	low_pain	1.00991935e-08	1.0	1.4676497e-08
309	no_pain	0.99998647	1.0362764e-05	3.2173623e-06
310	no_pain	0.9999989	3.1217536e-07	7.2133105e-07
311	no_pain	0.9999922	5.2611476e-06	2.63231e-06
312	no_pain	0.9999941	2.218965e-06	3.7149553e-06
313	no_pain	0.9999693	2.1516064e-06	2.8505001e-05
314	no_pain	0.99998987	3.85578e-06	6.2393215e-06
315	no_pain	0.9999924	6.6101275e-06	1.0395094e-06
316	no_pain	0.9999954	6.5919164e-07	3.9575325e-06
317	no_pain	0.99999857	5.5349e-07	8.9576133e-07
318	no_pain	0.9999984	3.4307888e-07	1.217951e-06
319	high_pain	7.759185e-09	3.734125e-09	1.0
320	no_pain	0.9999881	7.3989827e-07	1.1188886e-05
321	low_pain	2.9052591e-08	1.0	2.4025272e-08
322	low_pain	2.702526e-09	1.0	4.39669e-09
323	no_pain	0.9987014	1.5207441e-05	0.0012833895
324	no_pain	0.9999976	1.3409901e-06	1.0173022e-06
325	low_pain	0.16120778	0.80441654	0.03437563
326	high_pain	0.03234033	0.00018846155	0.96747124
327	no_pain	0.99999845	4.9998647e-07	1.0048533e-06
328	no_pain	0.9999975	2.2151773e-06	2.7545735e-07
329	no_pain	0.9999987	6.2964375e-07	7.7250934e-07
330	low_pain	4.2808592e-09	1.0	3.831782e-09
331	no_pain	0.99999636	1.1378957e-06	2.4987626e-06
332	no_pain	0.9999983	7.3323025e-07	9.1041386e-07
333	no_pain	0.9999976	8.838817e-07	1.4694293e-06
334	high_pain	3.376847e-07	5.6994605e-08	0.99999964
335	no_pain	0.99999857	4.777381e-07	9.502487e-07
336	no_pain	0.99999964	9.658263e-08	2.7533252e-07
337	no_pain	0.9999999	5.2846037e-08	1.5512506e-07
338	no_pain	0.9962304	0.00012675332	0.0036428072
339	no_pain	0.99999845	7.4748385e-07	8.545214e-07
340	low_pain	4.337531e-08	0.9999999	6.5094284e-08
341	no_pain	0.999993	4.769833e-06	2.2188347e-06
342	no_pain	0.99999845	9.0198336e-07	5.6497356e-07
343	no_pain	0.9999975	2.2857207e-06	2.7674793e-07
344	no_pain	0.9999987	5.306721e-07	7.787934e-07
345	no_pain	0.9999949	1.4757686e-06	3.6470956e-06
346	no_pain	0.99998415	1.4142664e-05	1.7294522e-06
347	no_pain	0.9999997	6.8153234e-08	1.9334553e-07
348	no_pain	0.9989255	1.069707e-05	0.0010638477
349	no_pain	0.9999979	8.3048064e-07	1.3015023e-06
350	no_pain	0.9791466	0.00011770546	0.020735774
351	no_pain	0.99999917	4.31761e-07	4.3967694e-07
352	low_pain	3.1641185e-09	1.0	5.0240643e-09
353	no_pain	0.99999857	6.622648e-07	7.804116e-07
354	no_pain	0.99999934	2.3889652e-07	4.3679074e-07
355	no_pain	0.99999297	6.0756533e-06	1.0049364e-06
356	no_pain	0.99999845	4.3927622e-07	1.0696783e-06
357	no_pain	0.9999994	4.0303453e-07	2.860955e-07
358	no_pain	0.9999979	9.148581e-07	1.1762754e-06
359	no_pain	0.9999496	4.469585e-05	5.7447446e-06
360	no_pain	0.99999887	6.151074e-07	5.31564e-07
361	no_pain	0.99886245	1.2106798e-05	0.00112547
362	no_pain	0.99361646	4.436265e-05	0.0063392
363	no_pain	0.99999845	3.0193186e-07	1.1742543e-06
364	no_pain	0.99999934	2.1125891e-07	4.230918e-07
365	no_pain	0.9999987	5.8519896e-07	7.699806e-07
366	no_pain	0.9999987	7.120075e-07	6.8918416e-07
367	no_pain	0.99999887	6.1437675e-07	4.876798e-07
368	no_pain	0.99999887	6.471593e-07	5.0989104e-07
369	no_pain	0.9999983	5.172373e-07	1.1578287e-06
370	no_pain	0.9999994	1.8224479e-07	3.549883e-07
371	low_pain	9.770025e-09	1.0	1.0742842e-08
372	low_pain	8.592087e-09	1.0	8.893704e-09
373	low_pain	8.991272e-06	0.99999046	5.1157184e-07
374	no_pain	0.99999887	6.0534705e-07	5.437167e-07
375	low_pain	4.1155817e-09	1.0	6.875709e-09
376	no_pain	0.9999983	1.1959494e-06	5.5972134e-07
377	no_pain	0.99999076	2.0153147e-06	7.1896166e-06
378	no_pain	0.9999989	5.4809453e-07	4.823567e-07
379	low_pain	1.542507e-08	1.0	3.589571e-08
380	no_pain	0.99999285	4.788076e-06	2.3299337e-06
381	low_pain	1.170319e-08	1.0	1.0553372e-08
382	no_pain	0.99999857	7.204464e-07	7.2496834e-07
383	no_pain	0.99999857	6.200024e-07	7.606916e-07
384	no_pain	0.9999995	1.3900728e-07	3.3895998e-07
385	no_pain	0.99899876	1.338054e-05	0.0009878522
386	high_pain	1.7353104e-05	1.1143132e-05	0.9999715
387	no_pain	0.9999975	2.305825e-06	2.8346233e-07
388	no_pain	0.999998	1.054148e-06	9.270626e-07
389	no_pain	0.99999905	5.554747e-07	4.3692998e-07
390	no_pain	0.9874032	0.00024066548	0.012356075
391	no_pain	0.9999994	2.681299e-07	3.0630082e-07
392	low_pain	8.9695e-05	0.9999094	9.634368e-07
393	no_pain	0.9999992	2.6975312e-07	5.4388937e-07
394	no_pain	0.99999714	1.1891e-06	1.7188983e-06
395	no_pain	0.9999983	8.792467e-07	7.6051595e-07
396	no_pain	0.99999845	8.127914e-07	7.2160594e-07
397	no_pain	0.9999876	1.7717066e-06	1.0643422e-05
398	low_pain	1.7870914e-08	1.0	1.0377912e-08
399	low_pain	4.378214e-09	1.0	3.2926526e-09
400	low_pain	3.2483488e-08	0.9999998	1.1274011e-07
401	low_pain	6.836673e-08	0.9999998	6.5252706e-08
402	no_pain	0.9999987	5.5901677e-07	7.846676e-07
403	high_pain	0.19677106	2.392992e-05	0.803205
404	no_pain	0.9999989	4.85467e-07	5.9289175e-07
405	no_pain	0.79878	3.5181227e-05	0.20118475
406	no_pain	0.99999934	3.679009e-07	2.8719654e-07
407	low_pain	1.7150912e-06	0.9999982	1.1898892e-07
408	no_pain	0.9999973	1.1423728e-06	1.6042761e-06
409	no_pain	0.9999983	4.128802e-07	1.2879512e-06
410	no_pain	0.9997179	2.0448419e-05	0.00026160644
411	no_pain	0.99999887	4.4729632e-07	6.740822e-07
412	no_pain	0.99999887	5.556697e-07	5.6638135e-07
413	low_pain	2.2169239e-08	1.0	1.584316e-08
414	low_pain	8.171905e-08	0.9999998	3.6862225e-08
415	no_pain	0.9999963	4.4527343e-07	3.3190347e-06
416	low_pain	1.0327139e-08	1.0	1.0956405e-08
417	no_pain	0.99999934	2.0625711e-07	4.0341547e-07
418	low_pain	4.0178563e-09	1.0	6.6260206e-09
419	no_pain	0.9999958	1.7408089e-06	2.4178735e-06
420	no_pain	0.99996215	1.8486951e-06	3.6008438e-05
421	high_pain	7.1593527e-09	2.8658849e-09	1.0
422	no_pain	0.9999927	6.1415135e-06	1.1546341e-06
423	no_pain	0.99999684	1.9171423e-06	1.2287576e-06
424	no_pain	0.9999987	3.523021e-07	1.0126441e-06
425	no_pain	0.8017691	0.19822048	1.04855e-05
426	low_pain	1.6803583e-08	1.0	1.3411276e-08
427	high_pain	6.680358e-08	1.1235218e-08	1.0
428	no_pain	0.99999887	5.742128e-07	6.141474e-07
429	high_pain	0.05749678	0.00013815689	0.94236505
430	no_pain	0.99999845	6.407394e-07	8.30745e-07
431	no_pain	0.99998456	3.0074955e-06	1.2456752e-05
432	no_pain	0.99999964	9.339436e-08	2.46537e-07
433	no_pain	0.7134558	0.00056347984	0.2859807
434	no_pain	0.9999981	9.720834e-07	9.628372e-07
435	no_pain	0.9999995	1.7544085e-07	3.229769e-07
436	no_pain	0.80731165	0.0006026505	0.1920857
437	no_pain	0.5764979	0.0009298137	0.42257223
438	no_pain	0.9999992	4.2474858e-07	4.0052313e-07
439	no_pain	0.99999845	6.089018e-07	8.3014754e-07
440	no_pain	0.9999981	8.6138925e-07	1.031365e-06
441	no_pain	0.99999684	1.474372e-06	1.6418498e-06
442	no_pain	0.9999979	1.2587678e-06	8.949775e-07
443	no_pain	0.99999905	4.7390054e-07	4.2670132e-07
444	no_pain	0.9999995	3.5911404e-07	1.4876517e-07
445	no_pain	0.9999983	8.16015e-07	8.960995e-07
446	no_pain	0.9999992	8.1833036e-08	6.0459405e-07
447	no_pain	0.9999927	6.0669577e-06	1.1978088e-06
448	no_pain	0.99999505	1.4823835e-06	3.448981e-06
449	no_pain	0.99999964	1.12132014e-07	3.0283906e-07
450	low_pain	1.1464878e-08	1.0	1.1433366e-08
451	no_pain	0.5989635	8.6286045e-06	0.40102786
452	no_pain	0.75096035	0.0002226891	0.24881694
453	no_pain	0.99999917	2.5611334e-07	5.438463e-07
454	high_pain	2.4563866e-08	8.821961e-09	1.0
455	no_pain	0.99999654	1.0014762e-06	2.5071085e-06
456	no_pain	0.99999857	3.511129e-07	1.1061807e-06
457	no_pain	0.99999714	2.84217e-07	2.5947406e-06
458	no_pain	0.9999579	3.7822774e-06	3.8298604e-05
459	no_pain	0.99999845	6.2926006e-07	8.4276996e-07
460	high_pain	1.647887e-05	1.6560423e-06	0.9999819
461	no_pain	0.99999875	6.4830056e-07	5.3137353e-07
462	low_pain	7.934666e-09	1.0	3.3443378e-08
463	no_pain	0.8388181	0.00042145458	0.16076049
464	no_pain	0.99999917	6.0483785e-07	2.830979e-07
465	high_pain	1.2714115e-08	3.139613e-09	1.0
466	no_pain	0.9999958	1.8151935e-06	2.4418318e-06
467	no_pain	0.9999994	1.8144219e-07	3.8116318e-07
468	no_pain	0.98362887	0.00083514024	0.015535973
469	no_pain	0.99999607	1.6561601e-06	2.2505872e-06
470	no_pain	0.9999973	1.1098844e-06	1.5977035e-06
471	high_pain	6.041608e-05	6.050378e-06	0.99993354
472	no_pain	0.9999981	3.5942537e-07	1.5126714e-06
473	no_pain	0.99999845	2.5373578e-07	1.242616e-06
474	no_pain	0.99999934	2.2028925e-07	4.7005796e-07
475	low_pain	1.15997025e-08	1.0	1.070334e-08
476	no_pain	0.9973415	0.0026437398	1.4775997e-05
477	no_pain	0.9999962	2.0326067e-06	1.8335674e-06
478	low_pain	0.00021671197	0.63786316	0.36192015
479	high_pain	0.19998123	8.438698e-07	0.80001795
480	no_pain	0.99999887	3.5240228e-07	7.877144e-07
481	no_pain	0.99998915	2.507112e-06	8.4268195e-06
482	no_pain	0.99999905	5.7451086e-07	3.5764833e-07
483	low_pain	1.9056133e-08	0.9999999	6.198717e-08
484	no_pain	0.9999822	3.9764313e-06	1.3863227e-05
485	no_pain	0.9999995	1.3870924e-07	3.284813e-07
486	no_pain	0.99999905	4.7778593e-07	4.306442e-07
487	no_pain	0.5998813	4.793075e-06	0.4001139
488	no_pain	0.9999968	1.3434217e-06	1.8572355e-06
489	low_pain	0.00076823204	0.99922884	2.836119e-06
490	low_pain	2.2301553e-08	1.0	2.6791835e-08
491	no_pain	0.99999887	3.2151829e-07	7.9969516e-07
492	high_pain	0.39793968	1.5002387e-05	0.6020453
493	no_pain	0.99996555	3.0505233e-05	3.8640596e-06
494	no_pain	0.999987	1.1436522e-05	1.5638456e-06
495	no_pain	0.99999684	1.7825492e-06	1.3919134e-06
496	no_pain	0.9999935	1.8771341e-06	4.560161e-06
497	no_pain	0.9999984	9.3063136e-07	6.9154856e-07
498	no_pain	0.9999927	4.839859e-06	2.3799478e-06
499	no_pain	0.79344	0.00055152003	0.20600846
500	no_pain	0.99999887	9.195408e-07	2.220859e-07
501	no_pain	0.9999954	1.5488655e-06	3.0677475e-06
502	no_pain	0.9999979	7.378376e-07	1.4328637e-06
503	no_pain	0.9999976	9.873966e-07	1.3898401e-06
504	no_pain	0.99999934	2.2372119e-07	4.421485e-07
505	no_pain	0.9999998	5.3096887e-08	1.6441415e-07
506	no_pain	0.99999714	1.5934695e-06	1.2688614e-06
507	no_pain	0.9999943	2.5186623e-06	3.2472733e-06
508	low_pain	1.077116e-08	1.0	1.3821063e-08
509	no_pain	0.99999887	3.72248e-07	8.3692555e-07
510	low_pain	4.0329637e-09	1.0	7.474673e-09
511	no_pain	0.99999887	7.6462413e-07	3.593827e-07
512	no_pain	0.9999979	1.1991035e-06	9.785549e-07
513	no_pain	0.9999606	2.1060569e-06	3.728844e-05
514	no_pain	0.999949	2.067527e-06	4.8956463e-05
515	no_pain	0.73566115	0.00045886016	0.26388
516	no_pain	0.6000091	0.39998895	2.0000732e-06
517	no_pain	0.9999981	8.807234e-07	1.00189e-06
518	no_pain	0.99997586	1.1630472e-06	2.2940818e-05
519	no_pain	0.99999887	3.304141e-07	7.4246043e-07
520	no_pain	0.9999949	3.8206207e-07	4.729884e-06
521	no_pain	0.99999845	9.380149e-07	6.214524e-07
522	no_pain	0.7993678	0.20061967	1.2523383e-05
523	no_pain	0.9887289	8.112527e-05	0.011190003
524	no_pain	0.9999868	7.6590516e-07	1.2377149e-05
525	no_pain	0.9999959	1.6095795e-06	2.4781557e-06
526	no_pain	0.99999845	9.679728e-07	6.00931e-07
527	no_pain	0.9999981	9.128331e-07	1.0187998e-06
528	no_pain	0.99999845	7.386633e-07	7.827233e-07
529	low_pain	6.612884e-09	1.0	6.8776758e-09
530	no_pain	0.99999046	3.6019999e-06	5.9858735e-06
531	low_pain	0.45355862	0.5430915	0.0033498674
532	high_pain	0.19999069	7.1167838e-06	0.8000022
533	high_pain	1.2534633e-07	4.1874017e-08	0.9999998
534	high_pain	5.3819356e-05	0.2121495	0.7877966
535	no_pain	0.99989045	1.1230138e-05	9.829836e-05
536	low_pain	2.9771929e-08	1.0	1.6898683e-08
537	no_pain	0.9999995	1.2711261e-07	3.0227295e-07
538	no_pain	0.9999987	4.2898927e-07	9.358317e-07
539	no_pain	0.599166	0.4008189	1.5168442e-05
540	low_pain	5.5047497e-08	0.9999999	4.6613597e-08
541	no_pain	0.99999905	3.1743542e-07	5.747099e-07
542	no_pain	0.999997	2.6557568e-06	3.0384157e-07
543	no_pain	0.9999958	1.6792959e-06	2.5261502e-06
544	low_pain	3.175179e-08	1.0	1.888069e-08
545	no_pain	0.79488266	0.0001693554	0.204948
546	no_pain	0.99998885	4.019598e-06	7.147371e-06
547	low_pain	0.40000254	0.59999144	5.9518125e-06
548	no_pain	0.9999976	1.2184171e-06	1.1424866e-06
549	low_pain	5.3448836e-09	1.0	3.9583474e-09
550	low_pain	9.3162384e-09	1.0	1.4698751e-08
551	no_pain	0.9999989	5.961338e-07	4.3064318e-07
552	no_pain	0.99999845	6.975035e-07	7.8677806e-07
553	no_pain	0.99875116	1.2380139e-05	0.0012364829
554	no_pain	0.99999917	4.2112114e-07	4.8451585e-07
555	no_pain	0.99999905	2.528503e-07	6.831037e-07
556	no_pain	0.99999464	1.7745921e-06	3.5590215e-06
557	no_pain	0.99999917	1.0146867e-07	7.415483e-07
558	low_pain	3.061056e-09	1.0	4.2434336e-09
559	no_pain	0.9999983	4.0889853e-07	1.2766453e-06
560	low_pain	2.5206234e-08	1.0	1.6367666e-08
561	no_pain	0.99999845	6.144496e-07	8.792969e-07
562	high_pain	0.19868538	0.012079513	0.7892351
563	no_pain	0.9999992	2.2419394e-07	4.494312e-07
564	no_pain	0.99999857	4.3953128e-07	9.570067e-07
565	low_pain	8.814986e-09	1.0	8.924829e-09
566	no_pain	0.99999917	1.0100886e-07	7.307478e-07
567	no_pain	0.99999774	7.921209e-07	1.4661777e-06
568	no_pain	0.9999982	1.5549409e-06	2.1777666e-07
569	no_pain	0.9913107	7.66776e-05	0.008612672
570	low_pain	0.2001261	0.79947466	0.0003992663
571	no_pain	0.9999981	9.357491e-07	9.56193e-07
572	no_pain	0.99999905	4.7267775e-07	4.775972e-07
573	no_pain	0.9999933	5.0186065e-07	6.217941e-06
574	no_pain	0.9999994	1.6393173e-07	4.309464e-07
575	no_pain	0.9999976	8.253457e-07	1.5471657e-06
576	no_pain	0.9999981	7.9605115e-07	1.1429808e-06
577	low_pain	4.219705e-09	1.0	1.0758258e-08
578	no_pain	0.99999887	3.464162e-07	7.93602e-07
579	no_pain	0.9999992	9.0832145e-08	6.7260726e-07
580	low_pain	2.9254968e-08	1.0	2.696919e-08
581	no_pain	0.9999995	2.2257261e-07	2.7336188e-07
582	low_pain	1.0242625e-08	1.0	1.6310882e-08
583	no_pain	0.999994	7.251506e-07	5.2928613e-06
584	low_pain	4.5696673e-09	1.0	7.412294e-09
585	no_pain	0.9999937	5.268602e-06	1.0704813e-06
586	no_pain	0.99999964	1.230258e-07	3.186798e-07
587	no_pain	0.99999845	7.7139094e-07	7.3689654e-07
588	no_pain	0.9999995	1.4456408e-07	3.3964704e-07
589	no_pain	0.9999983	1.1197619e-06	5.9236885e-07
590	no_pain	0.9999987	5.0712066e-07	7.8629074e-07
591	no_pain	0.99999714	1.835266e-06	1.018619e-06
592	no_pain	0.9999989	5.062494e-07	5.210307e-07
593	no_pain	0.99999917	3.655676e-07	4.3361473e-07
594	no_pain	0.9999927	2.449567e-06	4.752798e-06
595	no_pain	0.999997	1.2736922e-06	1.6899128e-06
596	no_pain	0.99999857	4.2565443e-07	9.562962e-07
597	low_pain	3.9330526e-09	1.0	9.137412e-09
598	no_pain	0.99999726	1.1829142e-06	1.5649281e-06
599	no_pain	0.9999975	2.2311172e-06	2.7519675e-07
600	no_pain	0.99999875	4.9424e-07	7.403926e-07
601	no_pain	0.99999887	5.0632394e-07	6.7356024e-07
602	no_pain	0.999997	1.5443042e-06	1.4327452e-06
603	no_pain	0.9999936	2.6114958e-06	3.7664554e-06
604	no_pain	0.99999934	1.8649212e-07	4.348629e-07
605	no_pain	0.6771583	5.6336186e-05	0.32278532
606	no_pain	0.9999995	1.9951952e-07	2.6226846e-07
607	no_pain	0.9999793	1.993916e-05	7.885483e-07
608	no_pain	0.99999875	3.7253236e-07	8.933821e-07
609	no_pain	0.99999905	5.343533e-07	4.383795e-07
610	no_pain	0.99999857	1.2225407e-06	1.8292079e-07
611	no_pain	0.9999992	1.615559e-07	5.9385667e-07
612	low_pain	1.0271381e-08	1.0	9.511815e-09
613	high_pain	2.8903447e-08	7.774444e-09	1.0
614	no_pain	0.9999987	4.0779832e-07	9.045549e-07
615	no_pain	0.9999937	2.43477e-06	3.932763e-06
616	low_pain	7.0883788e-09	1.0	1.2887455e-08
617	no_pain	0.99999857	3.1235453e-07	1.0870405e-06
618	no_pain	0.9999997	1.0607594e-07	2.0675722e-07
619	no_pain	0.99999774	9.0899323e-07	1.3639408e-06
620	no_pain	0.9999963	1.8822136e-06	1.8309668e-06
621	no_pain	0.9999982	3.8260418e-07	1.4339796e-06
622	no_pain	0.99999905	5.6362285e-07	3.795056e-07
623	no_pain	0.99999964	8.285045e-08	2.4430452e-07
624	no_pain	0.60214764	1.5268997e-05	0.39783707
625	no_pain	0.9999984	3.228622e-07	1.3245868e-06
626	no_pain	0.999996	1.6454933e-06	2.2988843e-06
627	no_pain	0.99999964	1.05824014e-07	3.061594e-07
628	no_pain	0.9999995	1.7756449e-07	3.3953353e-07
629	no_pain	0.9999987	7.7295283e-07	6.263939e-07
630	no_pain	0.99999875	4.3777845e-07	7.948346e-07
631	no_pain	0.9999987	6.516502e-07	7.485581e-07
632	high_pain	0.19905204	1.0022511e-05	0.80093795
633	no_pain	0.99999666	2.0832927e-06	1.2186763e-06
634	no_pain	0.76160234	0.00023631375	0.2381613
635	no_pain	0.9999937	5.084896e-06	1.1638572e-06
636	no_pain	0.99999845	1.322497e-06	2.0087046e-07
637	low_pain	3.416075e-09	1.0	7.0958395e-09
638	no_pain	0.9999949	2.9248376e-06	2.2756162e-06
639	low_pain	4.310508e-09	1.0	6.90438e-09
640	no_pain	0.9999978	9.1286313e-07	1.2257481e-06
641	high_pain	9.0615035e-09	2.9404594e-09	1.0
642	low_pain	5.3463957e-08	0.9999998	9.6318175e-08
643	no_pain	0.99998605	2.2177487e-06	1.1766811e-05
644	no_pain	0.9999994	3.8315278e-07	2.920986e-07
645	no_pain	0.9999998	6.501669e-08	1.7105054e-07
646	no_pain	0.7914858	0.0005588549	0.20795536
647	low_pain	1.7835934e-08	1.0	1.7877158e-08
648	no_pain	0.99999654	1.4801975e-06	2.02685e-06
649	high_pain	9.472325e-06	8.89522e-07	0.9999897
650	no_pain	0.99999917	4.4851336e-07	4.0308896e-07
651	no_pain	0.9999935	2.518266e-06	3.9768215e-06
652	no_pain	0.9999995	1.3317961e-07	3.604758e-07
653	no_pain	0.9999984	9.573387e-07	6.5893033e-07
654	no_pain	0.99999934	2.2734211e-07	4.205066e-07
655	no_pain	0.99999636	1.0247245e-06	2.6021783e-06
656	no_pain	0.99999917	4.4200743e-07	4.161292e-07
657	high_pain	1.3135325e-06	2.483707e-07	0.99999845
658	low_pain	2.39079e-07	0.9999995	2.1679735e-07
659	high_pain	1.8482059e-08	8.73828e-09	1.0
660	no_pain	0.9999987	6.073064e-07	7.0269687e-07
661	high_pain	1.3072501e-08	2.7822185e-09	1.0
662	no_pain	0.9999987	7.075323e-07	6.6224175e-07
663	no_pain	0.999996	2.0806096e-06	1.8905581e-06
664	no_pain	0.99999857	5.849726e-07	8.437739e-07
665	no_pain	0.9999989	5.0648697e-07	5.7858443e-07
666	no_pain	0.9999979	6.014735e-07	1.4509534e-06
667	no_pain	0.9999987	5.3783384e-07	7.5861044e-07
668	no_pain	0.9999892	7.153677e-07	1.0086526e-05
669	no_pain	0.99999887	6.6205513e-07	5.2563985e-07
670	no_pain	0.99999774	8.0850396e-07	1.4258798e-06
671	no_pain	0.99999905	6.1364693e-07	3.3898772e-07
672	no_pain	0.99999636	1.5205642e-06	2.1583191e-06
673	low_pain	0.19999978	0.8000001	1.2753438e-07
674	no_pain	0.99999845	5.524631e-07	1.0134216e-06
675	no_pain	0.99999714	1.2096693e-06	1.6321122e-06
676	low_pain	3.5798696e-08	0.9999999	8.0197225e-08
677	no_pain	0.9999973	1.6793783e-06	1.0257721e-06
678	high_pain	2.50315e-08	3.4438123e-09	1.0
679	no_pain	0.9999987	5.925849e-07	7.3991276e-07
680	no_pain	0.99999845	7.81985e-07	7.497787e-07
681	no_pain	0.99999887	5.853204e-07	5.6273313e-07
682	no_pain	0.9999868	8.018487e-07	1.2290509e-05
683	high_pain	0.03593579	0.17008321	0.793981
684	no_pain	0.99999845	8.6630536e-07	6.8046216e-07
685	no_pain	0.99998933	1.1409991e-06	9.517128e-06
686	high_pain	7.2079778e-09	2.3117543e-09	1.0
687	high_pain	3.1220634e-07	4.0960696e-08	0.99999964
688	no_pain	0.999998	7.8618706e-07	1.2076703e-06
689	no_pain	0.9999978	9.214747e-07	1.2766816e-06
690	no_pain	0.9988798	0.0011137992	6.3841812e-06
691	low_pain	1.084623e-08	1.0	9.912039e-09
692	no_pain	0.9999987	4.2532952e-07	9.773296e-07
693	no_pain	0.9999973	2.405859e-06	2.8523576e-07
694	no_pain	0.99999774	1.0453512e-06	1.2222748e-06
695	no_pain	0.5999814	2.3892367e-06	0.40001616
696	no_pain	0.9999984	8.455221e-07	7.825053e-07
697	no_pain	0.99999887	5.498435e-07	5.961909e-07
698	low_pain	1.7917731e-08	1.0	1.7505732e-08
699	no_pain	0.9999975	1.3954595e-06	1.0567812e-06
700	no_pain	0.99999845	4.8807823e-07	1.0399759e-06
701	no_pain	0.99999887	3.2908483e-07	7.976096e-07
702	no_pain	0.99999845	5.5099247e-07	9.803572e-07
703	no_pain	0.9999987	6.339272e-07	7.404139e-07
704	no_pain	0.9999924	5.0690096e-06	2.5328586e-06
705	no_pain	0.99998504	1.138885e-05	3.5354344e-06
706	no_pain	0.99999857	7.608695e-07	7.3090894e-07
707	no_pain	0.9999982	6.7181907e-07	1.1412552e-06
708	low_pain	1.56225e-06	0.9999984	4.5840785e-08
709	no_pain	0.99999774	1.0587656e-06	1.2943457e-06
710	no_pain	0.9999987	4.1751258e-07	9.0143175e-07
711	no_pain	0.99999726	1.1762919e-06	1.5899013e-06
712	no_pain	0.9999979	1.1616922e-06	9.39683e-07
713	no_pain	0.9999992	2.446248e-07	5.3436895e-07
714	low_pain	4.3439274e-09	1.0	6.7905774e-09
715	no_pain	0.9999925	3.0454141e-06	4.5073907e-06
716	no_pain	0.9999992	1.4607805e-07	5.9622556e-07
717	low_pain	2.1316563e-07	0.9999995	2.487029e-07
718	low_pain	0.3999657	0.6000296	4.6642576e-06
719	no_pain	0.99999845	7.961794e-07	7.223726e-07
720	no_pain	0.9270121	0.00028998885	0.07269792
721	low_pain	2.3995986e-08	1.0	2.115263e-08
722	low_pain	1.6232374e-07	0.9999998	5.0130474e-08
723	no_pain	0.99999875	4.6206532e-07	7.957316e-07
724	no_pain	0.9999285	8.422662e-06	6.3015905e-05
725	high_pain	9.6030895e-08	1.4807716e-08	0.9999999
726	no_pain	0.9999879	1.4548552e-06	1.0595149e-05
727	no_pain	0.99999845	4.963872e-07	1.0452712e-06
728	no_pain	0.9999979	1.0823733e-06	9.576117e-07
729	no_pain	0.9999994	2.986522e-07	2.6783692e-07
730	no_pain	0.9999919	1.8198556e-06	6.2976155e-06
731	low_pain	1.3260205e-08	1.0	1.04371e-08
732	no_pain	0.9999987	8.5929344e-07	4.6094934e-07
733	no_pain	0.99999845	8.066846e-07	7.4080367e-07
734	no_pain	0.7998668	4.1624153e-06	0.200129
735	no_pain	0.9999963	2.0255216e-06	1.6441323e-06
736	no_pain	0.99999934	2.0628822e-07	4.9158933e-07
737	no_pain	0.9999995	1.6802267e-07	3.1530809e-07
738	no_pain	0.79967153	1.608171e-05	0.2003123
739	no_pain	0.99999845	3.807902e-07	1.132895e-06
740	no_pain	0.9999975	9.2267084e-07	1.5725816e-06
741	no_pain	0.9999951	1.1328532e-06	3.7716477e-06
742	low_pain	2.2842116e-08	0.9999999	5.908271e-08
743	no_pain	0.9999973	6.2020666e-07	2.032752e-06
744	no_pain	0.9999984	7.818979e-07	8.7341334e-07
745	no_pain	0.9999987	4.258665e-07	9.904597e-07
746	no_pain	0.60050774	0.39948916	3.1088282e-06
747	no_pain	0.99999774	2.0675293e-06	2.645354e-07
748	low_pain	3.45917e-08	1.0	3.9613774e-08
749	low_pain	1.8119213e-08	1.0	2.653363e-08
750	no_pain	0.9999792	1.7500544e-05	3.3220629e-06
751	no_pain	0.9999983	4.5660596e-07	1.3228522e-06
752	no_pain	0.9999994	1.6416129e-07	4.4536606e-07
753	no_pain	0.999992	3.4688314e-06	4.5990596e-06
754	high_pain	3.6892504e-07	3.653824e-08	0.99999964
755	no_pain	0.9999975	8.899962e-07	1.5369554e-06
756	no_pain	0.5999776	0.40002012	2.3388627e-06
757	high_pain	6.9723815e-06	0.20081809	0.7991749
758	low_pain	4.567639e-08	0.9999999	6.614182e-08
759	low_pain	0.15556128	0.8444065	3.22474e-05
760	no_pain	0.99999607	2.140361e-06	1.7745808e-06
761	no_pain	0.9999992	8.556182e-08	6.0415834e-07
762	no_pain	0.99999774	6.587967e-07	1.6693463e-06
763	no_pain	0.99997795	1.9994046e-05	2.0360344e-06
764	low_pain	0.0003504724	0.9996473	2.1481137e-06
765	no_pain	0.9999987	3.504815e-07	9.311261e-07
766	no_pain	0.9999979	6.847615e-07	1.4181993e-06
767	no_pain	0.9073763	3.771602e-05	0.09258603
768	low_pain	2.9648746e-09	1.0	2.2676276e-09
769	no_pain	0.9999987	5.949329e-07	7.6124627e-07
770	no_pain	0.9999981	1.46387e-06	4.5313692e-07
771	no_pain	0.9999939	4.1835447e-06	1.8796266e-06
772	no_pain	0.99999964	1.7604373e-07	2.2733502e-07
773	no_pain	0.9999995	1.052407e-07	3.3030182e-07
774	no_pain	0.99999917	1.0532489e-07	7.2342385e-07
775	high_pain	0.19684465	0.19633374	0.60682166
776	no_pain	0.9999916	2.4487952e-06	5.954798e-06
777	no_pain	0.9999917	5.6384124e-07	7.683285e-06
778	no_pain	0.99999857	7.5769685e-07	6.938938e-07
779	low_pain	1.784745e-08	1.0	1.3669011e-08
780	no_pain	0.99999607	2.0511184e-06	1.8409837e-06
781	no_pain	0.99999714	1.0075057e-06	1.9279837e-06
782	no_pain	0.9636057	0.0008379002	0.035556324
783	no_pain	0.99999934	2.2258796e-07	4.574751e-07
784	no_pain	0.9988996	1.1184962e-05	0.0010892539
785	no_pain	0.99999845	7.835979e-07	7.0895277e-07
786	low_pain	1.0922006e-08	1.0	1.1312883e-08
787	no_pain	0.99999726	1.2136571e-06	1.5289373e-06
788	low_pain	0.0002598277	0.99973834	1.8342569e-06
789	no_pain	0.9999992	2.5704531e-07	5.515369e-07
790	no_pain	0.99999845	6.977699e-07	8.3559974e-07
791	low_pain	2.1654753e-08	1.0	2.4717554e-08
792	no_pain	0.99999964	9.999057e-08	2.9283558e-07
793	no_pain	0.9999983	1.4508141e-06	2.3148684e-07
794	no_pain	0.9999994	1.6798722e-07	3.6249102e-07
795	no_pain	0.6012849	0.37498638	0.023728643
796	low_pain	1.7167912e-08	1.0	2.7156512e-08
797	no_pain	0.99999887	7.38024e-07	4.5864198e-07
798	no_pain	0.9999987	5.359e-07	8.116751e-07
799	no_pain	0.9999987	3.528593e-07	9.90604e-07
800	no_pain	0.9999979	8.9807463e-07	1.1865621e-06
801	no_pain	0.9999979	1.1353661e-06	9.463171e-07
802	no_pain	0.99999875	6.5087363e-07	6.0431364e-07
803	no_pain	0.99999475	1.4689618e-06	3.7822592e-06
804	no_pain	0.99992716	4.4039498e-05	2.8787337e-05
805	no_pain	0.99999845	5.803842e-07	9.2491064e-07
806	no_pain	0.9999975	1.0031405e-06	1.5270471e-06
807	no_pain	0.99994814	5.442587e-06	4.643805e-05
808	no_pain	0.99999845	4.7068187e-07	1.0165231e-06
809	no_pain	0.99999523	2.856702e-06	1.918597e-06
810	low_pain	5.6821694e-08	0.9999998	9.9959585e-08
811	high_pain	0.00040474272	0.002429364	0.99716586
812	no_pain	0.99998796	9.0997275e-07	1.1150968e-05
813	no_pain	0.9999935	3.880573e-06	2.6002003e-06
814	low_pain	4.2480384e-09	1.0	9.473122e-09
815	no_pain	0.9999999	5.2098947e-08	1.5483162e-07
816	no_pain	0.9999978	6.3391326e-07	1.4695397e-06
817	no_pain	0.9999987	5.490907e-07	8.156561e-07
818	no_pain	0.99999774	1.0622051e-06	1.2707421e-06
819	no_pain	0.9999994	2.280229e-07	4.115953e-07
820	no_pain	0.99999887	2.7529194e-07	8.875294e-07
821	no_pain	0.99999887	1.2177352e-07	1.0568325e-06
822	no_pain	0.9999992	2.0001312e-07	5.2281916e-07
823	no_pain	0.99999774	1.2296505e-06	1.0234195e-06
824	no_pain	0.99999905	5.196778e-07	3.968699e-07
825	high_pain	0.39991298	4.1333633e-06	0.6000829
826	no_pain	0.99999845	6.047727e-07	8.688101e-07
827	no_pain	0.99998933	6.607702e-07	1.00395955e-05
828	no_pain	0.99999726	1.6776e-06	1.1095314e-06
829	low_pain	7.4771656e-08	0.9999999	3.7644146e-08
830	no_pain	0.9999981	8.817307e-07	1.0330493e-06
831	high_pain	0.12352504	0.00032257457	0.8761524
832	no_pain	0.999997	3.2900806e-07	2.608671e-06
833	no_pain	0.99999857	8.8290716e-07	6.0010507e-07
834	no_pain	0.9999994	8.317355e-08	4.9750827e-07
835	no_pain	0.9999998	6.041978e-08	1.6543291e-07
836	high_pain	0.39972198	5.0731846e-06	0.600273
837	no_pain	0.9999984	3.6793742e-07	1.2310766e-06
838	no_pain	0.99999845	7.674562e-07	8.0614126e-07
839	no_pain	0.9999983	4.6958485e-07	1.2268954e-06
840	high_pain	0.17560537	0.00030067313	0.82409394
841	no_pain	0.99996746	1.4563167e-06	3.109157e-05
842	no_pain	0.99996376	3.0827614e-06	3.31535e-05
843	high_pain	0.0016082961	0.21820553	0.7801862
844	no_pain	0.9999771	3.1235152e-06	1.9745841e-05
845	no_pain	0.99999887	5.523717e-07	5.739245e-07
846	no_pain	0.99999887	4.827656e-07	7.24413e-07
847	no_pain	0.9999987	6.947445e-07	6.405358e-07
848	no_pain	0.9999998	5.3834263e-08	1.4564854e-07
849	no_pain	0.9999981	7.800019e-07	1.1315514e-06
850	no_pain	0.99999774	1.087603e-06	1.1965099e-06
851	no_pain	0.9999983	7.9430583e-07	9.699843e-07
852	high_pain	1.510391e-07	6.457003e-08	0.9999998
853	no_pain	0.99999905	1.8569719e-07	8.206772e-07
854	no_pain	0.9999983	3.9144115e-07	1.2833937e-06
855	no_pain	0.9999995	1.2817085e-07	3.414648e-07
856	no_pain	0.99999714	1.513985e-06	1.3459845e-06
857	low_pain	4.338971e-09	1.0	3.499035e-09
858	low_pain	3.7094996e-09	1.0	7.986841e-09
859	no_pain	0.9999868	9.33148e-06	3.8486496e-06
860	no_pain	0.9999496	4.802498e-05	2.4411447e-06
861	no_pain	0.6102566	2.0572304e-05	0.3897228
862	low_pain	1.1820947e-07	0.9999997	1.5316746e-07
863	no_pain	0.99999905	4.3405743e-07	4.8952404e-07
864	no_pain	0.99999315	2.164945e-06	4.7169287e-06
865	no_pain	0.99190825	0.00026544492	0.007826229
866	high_pain	0.38958564	9.8864046e-05	0.6103155
867	no_pain	0.9999932	3.9417805e-06	2.8593404e-06
868	low_pain	0.2010341	0.7989626	3.2950593e-06
869	low_pain	3.6764924e-09	1.0	5.5057443e-09
870	low_pain	1.9806944e-08	1.0	1.8037431e-08
871	no_pain	0.83688545	0.00047459392	0.16263995
872	no_pain	0.999997	1.5291347e-06	1.3978433e-06
873	no_pain	0.99999774	7.82051e-07	1.4947452e-06
874	low_pain	3.111278e-08	0.9999999	3.9145927e-08
875	no_pain	0.99999905	5.627943e-07	3.4216663e-07
876	no_pain	0.9999984	4.0060894e-07	1.275949e-06
877	no_pain	0.99998343	3.8690223e-06	1.2780724e-05
878	no_pain	0.99999875	3.3811844e-07	8.4509367e-07
879	low_pain	1.096642e-08	1.0	1.144804e-08
880	no_pain	0.7499495	0.00036958494	0.24968092
881	no_pain	0.999997	1.3465108e-06	1.6469846e-06
882	no_pain	0.99999845	4.573426e-07	9.977791e-07
883	no_pain	0.99999887	6.1127287e-07	5.845056e-07
884	low_pain	1.1192992e-08	1.0	1.1604433e-08
885	low_pain	3.0867238e-08	0.9999999	6.715945e-08
886	no_pain	0.9999963	2.5034476e-06	1.2128262e-06
887	no_pain	0.9999876	1.4781472e-06	1.088807e-05
888	low_pain	0.0007198034	0.99927217	7.999991e-06
889	no_pain	0.999998	6.0737426e-07	1.4188457e-06
890	no_pain	0.99999714	2.3467442e-06	5.7789276e-07
891	low_pain	6.584007e-09	1.0	6.9327633e-09
892	no_pain	0.9999932	1.6226808e-06	5.1370967e-06
893	low_pain	0.0009189268	0.9990802	9.2343e-07
894	low_pain	1.481917e-08	1.0	1.9100188e-08
895	no_pain	0.99999696	2.20291e-06	8.4084894e-07
896	no_pain	0.9999992	4.4281055e-07	3.5781818e-07
897	high_pain	0.21858141	0.0006983215	0.7807203
898	no_pain	0.9999998	6.6740164e-08	1.8578172e-07
899	no_pain	0.99999636	1.5485872e-06	2.0575205e-06
900	no_pain	0.9999959	1.2254366e-06	2.938361e-06
901	no_pain	0.9999989	4.1073525e-07	6.092416e-07
902	low_pain	7.81916e-09	1.0	6.9497617e-09
903	no_pain	0.99999636	1.6515824e-06	2.0113441e-06
904	no_pain	0.9999987	6.3811893e-07	7.790054e-07
905	no_pain	0.99999845	5.2133475e-07	9.915462e-07
906	no_pain	0.9999765	2.2678756e-05	8.280749e-07
907	no_pain	0.99999905	5.389476e-07	4.3777058e-07
908	no_pain	0.9999992	9.9020085e-08	7.0324614e-07
909	high_pain	0.4117599	0.00028078497	0.58795935
910	no_pain	0.9999879	3.5833232e-06	8.558765e-06
911	no_pain	0.99999744	2.3178407e-06	2.7443372e-07
912	no_pain	0.9999951	2.9400055e-06	1.9079107e-06
913	no_pain	0.99999726	3.243244e-07	2.4091582e-06
914	no_pain	0.99999917	4.4221642e-07	4.1564925e-07
915	no_pain	0.9999994	1.947387e-07	4.328318e-07
916	no_pain	0.99999845	6.293859e-07	9.4009766e-07
917	no_pain	0.9999994	1.8293841e-07	4.4135066e-07
918	no_pain	0.9999998	5.486185e-08	1.553208e-07
919	no_pain	0.96069366	0.00017975425	0.039126553
920	no_pain	0.99999917	4.929909e-07	3.3446673e-07
921	no_pain	0.9999979	1.0303663e-06	1.1134466e-06
922	no_pain	0.9999817	1.7436807e-06	1.6545422e-05
923	high_pain	0.19991332	7.169544e-06	0.8000795
924	no_pain	0.9999973	8.308672e-07	1.83788e-06
925	no_pain	0.9999975	9.846826e-07	1.4824461e-06
926	no_pain	0.9999963	3.1861236e-07	3.3580916e-06
927	no_pain	0.99981624	7.385543e-06	0.00017637372
928	no_pain	0.99999905	4.802276e-07	4.7937067e-07
929	low_pain	7.4469724e-09	1.0	7.0730515e-09
930	low_pain	2.544692e-08	1.0	2.5294616e-08
931	no_pain	0.99999875	5.8006907e-07	6.6855677e-07
932	no_pain	0.9999994	8.625917e-08	4.067727e-07
933	no_pain	0.9999992	4.0668797e-07	3.0851652e-07
934	no_pain	0.9999984	5.260409e-07	1.1356435e-06
935	high_pain	0.00051059586	5.3942713e-06	0.99948406
936	no_pain	0.9999992	1.7075152e-07	5.3725483e-07
937	low_pain	1.8059142e-08	1.0	3.2360226e-08
938	no_pain	0.9999979	7.037265e-07	1.3662508e-06
939	no_pain	0.9999992	4.7630715e-07	3.8359568e-07
940	no_pain	0.9999924	1.8290732e-06	5.894028e-06
941	no_pain	0.99999714	2.5468985e-06	3.0237103e-07
942	no_pain	0.99999875	5.260766e-07	7.3676597e-07
943	no_pain	0.99971473	0.00027553315	9.710702e-06
944	no_pain	0.9999989	5.4664116e-07	5.050173e-07
945	no_pain	0.9999924	6.789584e-06	8.85694e-07
946	high_pain	0.00023067075	8.727623e-07	0.99976844
947	low_pain	1.297609e-08	1.0	7.926095e-09
948	no_pain	0.9998994	9.757336e-06	9.086993e-05
949	high_pain	0.40502143	5.9823768e-05	0.5949188
950	no_pain	0.9999994	1.7418179e-07	4.1850166e-07
951	no_pain	0.9999995	7.657282e-08	3.6983602e-07
952	low_pain	0.19203928	0.8079336	2.7101134e-05
953	no_pain	0.99999905	4.3680902e-07	4.902626e-07
954	no_pain	0.99998504	8.536933e-07	1.4151194e-05
955	no_pain	0.9999979	7.6939796e-07	1.3779115e-06
956	no_pain	0.9999978	7.712271e-07	1.404783e-06
957	no_pain	0.99980545	0.00017246322	2.2018536e-05
958	no_pain	0.6412331	0.0016607742	0.35710612
959	no_pain	0.9999992	1.6668675e-07	5.8835224e-07
960	high_pain	3.2606135e-06	4.639217e-07	0.99999636
961	no_pain	0.9999979	3.4620945e-07	1.7739119e-06
962	no_pain	0.9999981	9.724079e-07	8.717141e-07
963	no_pain	0.9030778	0.00037019193	0.09655206
964	no_pain	0.9999982	1.0801887e-06	7.382634e-07
965	no_pain	0.9999981	1.4334139e-06	4.309543e-07
966	no_pain	0.99999887	3.5718617e-07	8.426141e-07
967	no_pain	0.99999297	2.8886839e-06	4.1627327e-06
968	no_pain	0.99999714	1.7768176e-06	1.1141146e-06
969	no_pain	0.64802	0.0014546625	0.35052532
970	no_pain	0.99999875	5.3936503e-07	7.622716e-07
971	no_pain	0.99999857	7.662221e-07	6.9219675e-07
972	no_pain	0.99999905	4.6441272e-07	4.626455e-07
973	no_pain	0.999998	5.867759e-07	1.3915571e-06
974	no_pain	0.9999978	1.1123782e-06	1.037631e-06
975	no_pain	0.999998	5.8408796e-07	1.4386972e-06
976	no_pain	0.9332054	0.06676401	3.0553347e-05
977	no_pain	0.9999998	5.4802875e-08	1.709656e-07
978	no_pain	0.5824029	7.711371e-05	0.41752
979	no_pain	0.9999994	2.018591e-07	4.1785916e-07
980	no_pain	0.9999975	1.0168058e-06	1.4339712e-06
981	no_pain	0.99999857	6.972706e-07	7.5153804e-07
982	no_pain	0.9999941	2.4445735e-06	3.429245e-06
983	low_pain	2.9606053e-09	1.0	2.4308282e-09
984	no_pain	0.9999994	4.1116454e-07	1.5921891e-07
985	no_pain	0.9999995	8.497432e-08	4.1357967e-07
986	low_pain	4.4516298e-08	0.9999999	3.2154837e-08
987	no_pain	0.9999978	1.4031493e-06	8.1341585e-07
988	no_pain	0.99999684	2.0525292e-06	1.112561e-06
989	no_pain	0.9999975	1.3179863e-06	1.1076374e-06
990	high_pain	1.4915032e-05	1.63933e-06	0.99998343
991	low_pain	2.1119558e-08	1.0	2.7206449e-08
992	no_pain	0.99999845	4.8188514e-07	9.65371e-07
993	high_pain	0.24069166	0.00023716949	0.7590712
994	no_pain	0.9999979	6.12577e-07	1.4563425e-06
995	low_pain	9.400651e-06	0.6003521	0.39963847
996	no_pain	0.99999857	5.574815e-07	8.8874157e-07
997	low_pain	1.6269601e-07	0.9999997	1.4036836e-07
998	no_pain	0.9999983	4.2088632e-07	1.2255063e-06
999	no_pain	0.99999905	6.747238e-07	1.8916613e-07
1000	no_pain	0.9999927	1.7118248e-06	5.5898267e-06
1001	no_pain	0.99999696	1.766366e-06	1.2740614e-06
1002	no_pain	0.99999857	5.738042e-07	8.909734e-07
1003	no_pain	0.9999963	3.818721e-07	3.3723713e-06
1004	no_pain	0.9999981	1.4757873e-06	4.6079418e-07
1005	no_pain	0.99999845	4.7788535e-07	1.0714546e-06
1006	high_pain	1.599495e-06	1.7036621e-06	0.9999968
1007	no_pain	0.9999994	1.2827373e-07	4.0758474e-07
1008	no_pain	0.9999979	1.1097188e-06	9.755943e-07
1009	no_pain	0.9999939	2.250887e-06	3.850219e-06
1010	no_pain	0.9999941	6.3085093e-07	5.2713867e-06
1011	high_pain	3.1472058e-07	6.864643e-08	0.99999964
1012	low_pain	5.0031854e-08	0.9999999	3.8068226e-08
1013	no_pain	0.99999905	4.9102283e-07	4.6856252e-07
1014	no_pain	0.99999225	5.2694563e-06	2.4877497e-06
1015	no_pain	0.99999934	1.7024462e-07	4.702768e-07
1016	high_pain	0.39976588	7.599895e-06	0.6002265
1017	no_pain	0.9999984	4.1161516e-07	1.2007702e-06
1018	no_pain	0.99999774	1.0621167e-06	1.2389446e-06
1019	no_pain	0.9999979	6.932716e-07	1.4693657e-06
1020	no_pain	0.99999905	4.5678584e-07	4.7244575e-07
1021	no_pain	0.9999983	3.729578e-07	1.4290116e-06
1022	no_pain	0.99999845	5.1873474e-07	1.000597e-06
1023	no_pain	0.9999921	4.00595e-06	3.8709936e-06
1024	low_pain	0.0285867	0.9707726	0.0006406453
1025	no_pain	0.99999774	1.2807343e-06	9.742508e-07
1026	high_pain	0.40000373	5.867014e-07	0.59999573
1027	no_pain	0.9999987	6.0429005e-07	7.503938e-07
1028	no_pain	0.99999934	1.6567779e-07	4.7611084e-07
1029	no_pain	0.9999983	1.4681491e-06	2.1715486e-07
1030	low_pain	2.6325495e-08	1.0	2.6676435e-08
1031	high_pain	0.20165929	1.8524559e-05	0.79832214
1032	no_pain	0.9999981	2.7915456e-07	1.6607371e-06
1033	low_pain	3.5054445e-08	0.9999999	8.51898e-08
1034	no_pain	0.9940438	3.2808257e-05	0.005923341
1035	no_pain	0.9999987	5.2650864e-07	7.923371e-07
1036	no_pain	0.99999905	4.7335953e-07	4.874357e-07
1037	no_pain	0.9999992	2.4283207e-07	4.3314895e-07
1038	low_pain	2.5913991e-08	1.0	2.4940224e-08
1039	no_pain	0.9999994	1.7548233e-07	3.913132e-07
1040	no_pain	0.9915594	7.721855e-05	0.008363296
1041	no_pain	0.9999981	8.7312566e-07	1.0362629e-06
1042	no_pain	0.9999987	7.909409e-07	5.698917e-07
1043	no_pain	0.99999845	6.5735657e-07	8.7821644e-07
1044	no_pain	0.9999979	6.1164826e-07	1.4464695e-06
1045	no_pain	0.9999981	1.1101406e-06	8.178504e-07
1046	no_pain	0.99999684	1.4470161e-06	1.7186118e-06
1047	no_pain	0.9999995	8.882007e-08	4.0783326e-07
1048	no_pain	0.9999938	1.5945373e-06	4.5928364e-06
1049	no_pain	0.99999887	6.2861056e-07	5.2362276e-07
1050	no_pain	0.99971056	6.9338406e-05	0.00022017218
1051	no_pain	0.9999987	5.162183e-07	8.29319e-07
1052	no_pain	0.99999845	5.166246e-07	9.663232e-07
1053	no_pain	0.99999845	8.2060495e-07	7.0599214e-07
1054	no_pain	0.9999983	7.9023056e-07	9.652057e-07
1055	no_pain	0.99999875	2.0948887e-07	1.0594006e-06
1056	no_pain	0.9999995	7.924028e-08	3.7821425e-07
1057	low_pain	1.2953474e-08	1.0	1.2211062e-08
1058	no_pain	0.9999981	6.024177e-07	1.3580496e-06
1059	no_pain	0.8000019	2.620778e-06	0.19999544
1060	no_pain	0.9999992	2.295952e-07	4.7283774e-07
1061	low_pain	3.2275402e-09	1.0	4.8242454e-09
1062	no_pain	0.79994565	0.20005119	3.149185e-06
1063	no_pain	0.9999897	7.9279096e-07	9.547485e-06
1064	no_pain	0.99999845	4.2023674e-07	1.0405304e-06
1065	low_pain	2.9043683e-06	0.5999944	0.40000266
1066	no_pain	0.9999968	9.62465e-07	2.3472717e-06
1067	no_pain	0.9999989	6.475752e-07	3.4872417e-07
1068	low_pain	1.1965401e-06	0.99999857	2.367224e-07
1069	no_pain	0.99999523	1.2995417e-06	3.516391e-06
1070	no_pain	0.99999887	3.2074252e-07	7.522409e-07
1071	low_pain	0.39929977	0.60068333	1.6894928e-05
1072	no_pain	0.99999887	3.9202024e-07	7.6906747e-07
1073	low_pain	0.1999911	0.8000078	1.0826874e-06
1074	no_pain	0.9999976	1.3793597e-06	1.0006659e-06
1075	low_pain	2.4986897e-09	1.0	9.245402e-09
1076	no_pain	0.9999987	7.6224e-07	5.019883e-07
1077	low_pain	0.016698206	0.983287	1.4824097e-05
1078	high_pain	4.290901e-05	0.4004652	0.5994919
1079	no_pain	0.9999651	3.3836666e-05	1.0232873e-06
1080	no_pain	0.9999983	1.5252814e-06	2.2973859e-07
1081	no_pain	0.8449742	0.0005831204	0.1544427
1082	no_pain	0.5902729	8.648061e-05	0.4096406
1083	no_pain	0.9999994	3.586611e-07	2.886996e-07
1084	no_pain	0.9999983	1.0850365e-06	6.6981335e-07
1085	no_pain	0.9999921	2.3256086e-06	5.5941646e-06
1086	no_pain	0.99999934	3.7786725e-07	3.01953e-07
1087	low_pain	2.5733127e-09	1.0	4.2320734e-09
1088	no_pain	0.9999984	4.7099107e-07	1.1198679e-06
1089	low_pain	4.0006833e-09	1.0	9.150953e-09
1090	no_pain	0.9999989	5.8682997e-07	4.6662655e-07
1091	no_pain	0.7787117	9.669609e-05	0.22119167
1092	no_pain	0.9999983	7.435172e-07	9.586267e-07
1093	no_pain	0.99999857	4.5300393e-07	1.0085272e-06
1094	no_pain	0.9999995	1.4114298e-07	3.3633464e-07
1095	no_pain	0.9999983	8.8386486e-07	8.3710165e-07
1096	no_pain	0.99996406	3.193989e-05	4.0086734e-06
1097	no_pain	0.9999994	1.8075133e-07	4.2710272e-07
1098	low_pain	3.353947e-08	0.9999999	5.961309e-08
1099	no_pain	0.99999857	4.6145072e-07	9.598442e-07
1100	no_pain	0.999996	3.0843244e-06	8.4795226e-07
1101	no_pain	0.9999975	1.0852293e-06	1.3488057e-06
1102	no_pain	0.99999857	5.706902e-07	8.232131e-07
1103	high_pain	0.40019125	4.834495e-06	0.5998039
1104	no_pain	0.9999987	2.975025e-07	1.0763108e-06
1105	high_pain	0.42149362	5.336979e-05	0.57845306
1106	low_pain	0.19912155	0.6004397	0.20043874
1107	no_pain	0.9999994	1.745579e-07	3.4302553e-07
1108	no_pain	0.9999774	2.1068014e-05	1.5399244e-06
1109	high_pain	1.581566e-07	2.5666168e-08	0.9999998
1110	no_pain	0.999998	8.065237e-07	1.1889092e-06
1111	no_pain	0.7915224	6.481515e-05	0.20841281
1112	no_pain	0.9999978	7.1253226e-07	1.4480829e-06
1113	no_pain	0.99999887	6.392764e-07	4.403367e-07
1114	no_pain	0.99999774	7.567954e-07	1.4970401e-06
1115	low_pain	2.0793937e-08	0.9999999	7.935116e-08
1116	no_pain	0.99999845	6.377892e-07	8.510777e-07
1117	no_pain	0.9999916	3.454767e-06	4.970155e-06
1118	low_pain	6.8520416e-09	1.0	1.2247867e-08
1119	no_pain	0.99999845	3.710201e-07	1.1622102e-06
1120	high_pain	7.851756e-09	2.8539673e-09	1.0
1121	no_pain	0.99981225	1.9819547e-05	0.00016789508
1122	high_pain	0.19998828	8.9795395e-07	0.80001086
1123	no_pain	0.9999937	5.3962767e-06	8.6827157e-07
1124	no_pain	0.99999774	7.098888e-07	1.6376865e-06
1125	no_pain	0.99999875	4.7249642e-07	7.2761446e-07
1126	no_pain	0.9999987	5.444493e-07	7.7890843e-07
1127	low_pain	3.110167e-08	0.9999999	5.532238e-08
1128	no_pain	0.99999917	4.0954455e-07	4.5798805e-07
1129	no_pain	0.9999933	5.4533557e-06	1.2194146e-06
1130	no_pain	0.99999845	6.2275126e-07	8.7599636e-07
1131	no_pain	0.99999416	1.2467369e-06	4.628118e-06
1132	no_pain	0.9999994	1.6684012e-07	3.4713256e-07
1133	no_pain	0.9999995	2.1871809e-07	2.899747e-07
1134	low_pain	2.123294e-08	1.0	1.5290466e-08
1135	no_pain	0.9999897	4.865116e-06	5.465659e-06
1136	no_pain	0.9999987	4.94971e-07	7.9241755e-07
1137	no_pain	0.99999905	1.7788193e-07	7.3355545e-07
1138	no_pain	0.99999666	1.7003586e-06	1.5912976e-06
1139	no_pain	0.9999949	2.2363736e-06	2.8975185e-06
1140	high_pain	3.5246308e-07	2.3710102e-07	0.9999994
1141	no_pain	0.9999696	3.3710367e-06	2.7017111e-05
1142	no_pain	0.99999774	1.641137e-06	6.433291e-07
1143	no_pain	0.9999999	4.7367458e-08	1.0949943e-07
1144	no_pain	0.99999917	1.9134568e-07	6.7987406e-07
1145	no_pain	0.9999994	1.6124132e-07	4.77101e-07
1146	low_pain	0.0003744032	0.7995379	0.2000877
1147	no_pain	0.99999905	5.0880027e-07	4.6677133e-07
1148	no_pain	0.9999992	3.0343688e-07	4.6305777e-07
1149	no_pain	0.99999857	4.735582e-07	1.0012275e-06
1150	no_pain	0.99143916	0.00853962	2.1218915e-05
1151	low_pain	1.35746685e-08	1.0	1.2176544e-08
1152	low_pain	0.2000298	0.79996765	2.4875367e-06
1153	no_pain	0.99999845	9.275153e-07	5.1611556e-07
1154	no_pain	0.999996	2.1813307e-06	1.7640889e-06
1155	no_pain	0.5928019	0.40717903	1.9059418e-05
1156	high_pain	1.3662277e-07	2.1346695e-08	0.9999998
1157	no_pain	0.99999774	8.03924e-07	1.5050737e-06
1158	no_pain	0.9999998	5.4704014e-08	1.5408794e-07
1159	low_pain	4.1183903e-08	1.0	1.9434918e-08
1160	no_pain	0.76461583	0.0005046438	0.23487952
1161	no_pain	0.99999887	2.8444933e-07	8.4653465e-07
1162	no_pain	0.9999981	1.3202338e-06	5.517637e-07
1163	no_pain	0.9999973	1.567151e-06	1.0830099e-06
1164	low_pain	2.0351985e-08	1.0	2.3699133e-08
1165	no_pain	0.99999714	1.7545175e-06	1.0837441e-06
1166	low_pain	4.0310077e-08	1.0	2.2431326e-08
1167	no_pain	0.99999535	2.8337267e-06	1.8402734e-06
1168	low_pain	3.5200106e-08	0.9999999	1.9481217e-08
1169	no_pain	0.99999934	1.5072533e-07	4.964928e-07
1170	no_pain	0.9999973	1.4139725e-06	1.2101399e-06
1171	no_pain	0.9999984	2.6861912e-07	1.3750947e-06
1172	no_pain	0.99999845	7.2345784e-07	7.994242e-07
1173	high_pain	0.4656884	0.0001950165	0.5341166
1174	low_pain	3.2295574e-08	1.0	2.4971078e-08
1175	no_pain	0.99999917	4.09322e-07	4.5155875e-07
1176	no_pain	0.999998	1.1752616e-06	8.766577e-07
1177	no_pain	0.9999981	1.3069374e-06	5.544999e-07
1178	no_pain	0.9999983	5.707483e-07	1.2086462e-06
1179	low_pain	2.195226e-08	0.9999999	4.0014477e-08
1180	no_pain	0.99996173	3.7764483e-05	4.8955377e-07
1181	no_pain	0.99999857	3.6202806e-07	1.0692646e-06
1182	no_pain	0.799739	2.4230721e-06	0.20025854
1183	no_pain	0.9999981	1.0383994e-06	8.758535e-07
1184	no_pain	0.999994	2.394896e-06	3.6754955e-06
1185	low_pain	1.1349871e-08	1.0	7.885442e-09
1186	high_pain	0.19626437	1.7572742e-05	0.8037181
1187	no_pain	0.9999917	5.280518e-06	2.9787607e-06
1188	no_pain	0.999998	1.1658353e-06	8.3775024e-07
1189	no_pain	0.99999285	5.6005233e-06	1.5314788e-06
1190	low_pain	1.8672386e-08	1.0	1.9517028e-08
1191	no_pain	0.9999978	8.8729166e-07	1.2285111e-06
1192	no_pain	0.99999875	5.672502e-07	6.373643e-07
1193	no_pain	0.99999034	3.1879815e-06	6.4214023e-06
1194	low_pain	2.706712e-08	1.0	2.4385121e-08
1195	no_pain	0.9999994	1.4403967e-07	4.1071704e-07
1196	no_pain	0.9999939	3.2996747e-06	2.7991155e-06
1197	low_pain	0.20061354	0.7993791	7.3088313e-06
1198	high_pain	0.2198374	1.7220995e-05	0.78014535
1199	no_pain	0.99999845	7.98674e-07	6.363134e-07
1200	no_pain	0.8697734	0.13019104	3.5560337e-05
1201	no_pain	0.9999981	1.4551673e-06	4.348486e-07
1202	no_pain	0.58362585	0.00072790164	0.41564623
1203	no_pain	0.99999255	4.6744944e-06	2.7587653e-06
1204	no_pain	0.99999857	6.418841e-07	7.707331e-07
1205	no_pain	0.9999924	5.1672523e-06	2.5037334e-06
1206	no_pain	0.9999984	7.087187e-07	9.222458e-07
1207	no_pain	0.99999934	3.3797338e-07	3.3733923e-07
1208	no_pain	0.99999905	4.444069e-07	4.5735115e-07
1209	low_pain	5.8555614e-09	1.0	5.7885647e-09
1210	low_pain	6.742215e-09	1.0	1.4026023e-08
1211	low_pain	3.6066424e-06	0.9999956	8.282112e-07
1212	no_pain	0.9999994	8.004213e-08	4.304838e-07
1213	no_pain	0.9999987	3.4748837e-07	1.0222429e-06
1214	no_pain	0.9999994	1.3537162e-07	4.0065166e-07
1215	no_pain	0.9999968	1.4410515e-06	1.7849898e-06
1216	no_pain	0.9999978	7.195939e-07	1.4543027e-06
1217	no_pain	0.9999982	5.270973e-07	1.3106848e-06
1218	no_pain	0.6043898	0.00041811648	0.3951921
1219	no_pain	0.99999905	4.928319e-07	4.7545495e-07
1220	no_pain	0.99999225	1.8741682e-06	5.8900027e-06
1221	no_pain	0.9999989	3.0206223e-07	7.5325244e-07
1222	no_pain	0.9999925	2.9425184e-06	4.631507e-06
1223	low_pain	1.5461897e-08	1.0	1.13194405e-08
1224	no_pain	0.9999981	1.1550217e-06	6.8586127e-07
1225	no_pain	0.9999911	1.8960388e-06	6.9453804e-06
1226	low_pain	2.7317208e-08	0.9999999	4.8810342e-08
1227	no_pain	0.9999979	1.1293184e-06	9.928782e-07
1228	no_pain	0.9999973	1.5334114e-06	1.1601433e-06
1229	no_pain	0.9999958	3.8747767e-06	3.491467e-07
1230	no_pain	0.9999979	8.0333575e-07	1.2614576e-06
1231	high_pain	0.00032047252	0.004739512	0.99494
1232	no_pain	0.9953162	7.975837e-05	0.0046040337
1233	no_pain	0.9999987	4.2525394e-07	9.836664e-07
1234	low_pain	1.971156e-08	0.9999999	9.343484e-08
1235	low_pain	2.5998008e-07	0.9999994	2.920664e-07
1236	low_pain	4.439109e-08	0.9999999	3.5420168e-08
1237	high_pain	0.19800104	0.00031413414	0.80168474
1238	high_pain	7.362227e-08	2.1197312e-07	0.9999998
1239	no_pain	0.9999994	1.8403028e-07	3.71232e-07
1240	no_pain	0.9999992	9.207136e-08	6.014841e-07
1241	no_pain	0.9999963	4.7359862e-07	3.2834573e-06
1242	no_pain	0.99999875	6.909031e-07	5.162246e-07
1243	no_pain	0.9999987	2.8460948e-07	1.0351666e-06
1244	low_pain	2.9005005e-08	0.9999999	1.11524784e-07
1245	no_pain	0.9999898	2.0410732e-06	8.123274e-06
1246	low_pain	1.6882641e-08	1.0	1.2098296e-08
1247	low_pain	2.8036343e-08	0.9999998	1.2702125e-07
1248	high_pain	0.3934663	5.31775e-05	0.6064805
1249	no_pain	0.8138839	0.00047968305	0.1856364
1250	no_pain	0.9999982	1.069012e-06	7.2542696e-07
1251	no_pain	0.9999984	3.5951805e-07	1.2253292e-06
1252	high_pain	7.742916e-09	2.4103142e-09	1.0
1253	no_pain	0.99999905	4.2259188e-07	4.6855288e-07
1254	low_pain	2.1659419e-09	1.0	3.314565e-09
1255	no_pain	0.99046755	4.5838788e-05	0.009486677
1256	no_pain	0.99999267	3.888307e-06	3.4834018e-06
1257	no_pain	0.999767	4.247735e-06	0.00022867841
1258	no_pain	0.9999877	2.6124944e-06	9.679839e-06
1259	no_pain	0.99999255	2.769892e-06	4.6862115e-06
1260	low_pain	1.8210322e-08	1.0	1.277041e-08
1261	no_pain	0.9999994	1.94532e-07	3.9677943e-07
1262	no_pain	0.99999917	1.01494756e-07	7.1418106e-07
1263	no_pain	0.9999992	2.0020805e-07	5.6148053e-07
1264	no_pain	0.9999968	3.3741588e-07	2.8591344e-06
1265	no_pain	0.99999857	3.2390008e-07	1.121465e-06
1266	high_pain	6.5740426e-07	6.184597e-08	0.9999992
1267	no_pain	0.99999774	8.007786e-07	1.5195217e-06
1268	low_pain	3.9025108e-09	1.0	4.54449e-09
1269	no_pain	0.9999981	8.0440833e-07	1.0843639e-06
1270	no_pain	0.99999934	3.5783427e-07	3.4471358e-07
1271	no_pain	0.99999696	1.5961143e-06	1.4717092e-06
1272	no_pain	0.99999714	9.617106e-07	1.8566592e-06
1273	no_pain	0.9999954	2.2806776e-06	2.2179233e-06
1274	no_pain	0.99999875	6.6026575e-07	6.117315e-07
1275	no_pain	0.9999965	2.4063706e-06	1.0888347e-06
1276	no_pain	0.99999845	9.48254e-07	5.8623846e-07
1277	no_pain	0.9999956	3.3949575e-06	9.526392e-07
1278	no_pain	0.9999981	1.1258703e-06	8.32558e-07
1279	no_pain	0.99999917	4.7050645e-07	3.3331327e-07
1280	no_pain	0.9999983	9.0449777e-07	7.637188e-07
1281	no_pain	0.99999744	2.3180255e-06	2.74596e-07
1282	high_pain	4.2532447e-06	4.778518e-07	0.99999523
1283	no_pain	0.9999995	8.907368e-08	4.0247906e-07
1284	no_pain	0.9999992	9.546792e-08	6.7098597e-07
1285	no_pain	0.99999154	3.6656943e-06	4.791831e-06
1286	no_pain	0.9999987	5.95808e-07	7.462737e-07
1287	no_pain	0.9999987	6.614303e-07	6.8402426e-07
1288	high_pain	2.6039498e-08	3.708309e-09	1.0
1289	no_pain	0.99999845	8.153467e-07	7.544286e-07
1290	no_pain	0.9999983	1.0431744e-06	6.855572e-07
1291	no_pain	0.66123563	0.0005517932	0.33821264
1292	no_pain	0.9999987	5.666617e-07	8.311566e-07
1293	high_pain	0.00010538583	0.04629373	0.9536009
1294	no_pain	0.9999998	5.6303247e-08	1.9260992e-07
1295	low_pain	8.624542e-05	0.99991286	9.634806e-07
1296	no_pain	0.99999636	2.13823e-06	1.4768195e-06
1297	high_pain	0.33687934	7.611788e-05	0.6630445
1298	no_pain	0.9999975	9.810398e-07	1.4649002e-06
1299	no_pain	0.9999816	1.4949155e-05	3.4365544e-06
1300	low_pain	1.0033814e-05	0.99998796	1.9693484e-06
1301	no_pain	0.99999845	3.3317505e-07	1.2125142e-06
1302	no_pain	0.85024565	0.14963076	0.00012355277
1303	no_pain	0.99999964	1.8117504e-07	2.600138e-07
1304	no_pain	0.9999992	1.6485444e-07	5.4225296e-07
1305	no_pain	0.99999845	6.776833e-07	8.088058e-07
1306	no_pain	0.9999994	2.0344768e-07	3.4436678e-07
1307	no_pain	0.9999955	1.7824802e-06	2.686097e-06
1308	no_pain	0.9999925	3.6083663e-06	3.9119195e-06
1309	low_pain	8.170766e-09	1.0	7.467395e-09
1310	no_pain	0.99999934	3.8584875e-07	3.3804338e-07
1311	high_pain	3.9756907e-07	8.036512e-08	0.9999995
1312	no_pain	0.9999526	4.3081272e-05	4.350147e-06
1313	no_pain	0.99997365	2.5360801e-05	8.995148e-07
1314	no_pain	0.9999987	4.817134e-07	8.8648784e-07
1315	low_pain	3.826573e-09	1.0	4.790926e-09
1316	no_pain	0.99996245	1.5313801e-06	3.605277e-05
1317	no_pain	0.99999845	6.481902e-07	8.638149e-07
1318	low_pain	4.3922577e-09	1.0	5.9572045e-09
1319	no_pain	0.9999992	2.7190336e-07	4.427223e-07
1320	no_pain	0.9965347	2.0031799e-05	0.003445287
1321	no_pain	0.99999917	3.70277e-07	4.283729e-07
1322	no_pain	0.9999954	2.7678502e-06	1.8666148e-06
1323	no_pain	0.99999964	1.00422724e-07	2.856346e-07
