sample_index	label	no_pain	low_pain	high_pain
000	no_pain	0.9999967	4.1600134e-07	2.8796198e-06
001	no_pain	0.99999654	3.112263e-07	3.1555298e-06
002	no_pain	0.99999285	1.0648401e-06	6.0559255e-06
003	no_pain	0.9999946	1.062869e-06	4.3912114e-06
004	no_pain	0.9999946	6.176696e-07	4.820719e-06
005	no_pain	0.8575258	2.7424538e-05	0.14244674
006	no_pain	0.99995553	1.9572053e-06	4.2516425e-05
007	no_pain	0.9999967	6.8308117e-07	2.630876e-06
008	no_pain	0.99999267	1.2060664e-06	6.0974385e-06
009	no_pain	0.99999696	3.3113497e-07	2.730754e-06
010	no_pain	0.9999968	7.05666e-07	2.527425e-06
011	no_pain	0.99999565	1.0807311e-06	3.2569712e-06
012	no_pain	0.99999684	3.358755e-07	2.7948752e-06
013	no_pain	0.9999951	6.060679e-07	4.3447376e-06
014	no_pain	0.9999962	3.1244534e-07	3.4561203e-06
015	no_pain	0.9999801	1.4610795e-06	1.8458168e-05
016	low_pain	3.011424e-07	0.99999917	5.2421296e-07
017	no_pain	0.9999911	8.106047e-07	8.024354e-06
018	low_pain	0.0015270031	0.99758244	0.00089057663
019	no_pain	0.99999493	9.3240607e-07	4.0834066e-06
020	no_pain	0.9999954	5.5714725e-07	3.985569e-06
021	no_pain	0.9999962	5.416743e-07	3.3044118e-06
022	high_pain	0.13770239	0.00011093622	0.8621866
023	low_pain	4.3051834e-08	0.9999999	5.3885035e-08
024	no_pain	0.9999481	1.9641218e-06	4.9982285e-05
025	no_pain	0.99999505	1.0267821e-06	3.96646e-06
026	low_pain	0.000119919285	0.5789114	0.42096856
027	no_pain	0.9999951	1.1196271e-06	3.838189e-06
028	no_pain	0.99999714	3.1259046e-07	2.5921925e-06
029	no_pain	0.99999636	3.710459e-07	3.247778e-06
030	no_pain	0.999996	1.0763064e-06	2.9038874e-06
031	no_pain	0.9999965	3.5614332e-07	3.2209448e-06
032	no_pain	0.99999726	3.7401887e-07	2.349682e-06
033	no_pain	0.85711	0.14286353	2.6444757e-05
034	no_pain	0.9999968	3.3496607e-07	2.8868042e-06
035	no_pain	0.9999973	3.2957496e-07	2.3568216e-06
036	low_pain	4.3324082e-08	0.9999999	5.296578e-08
037	no_pain	0.99982107	3.7503728e-06	0.00017521903
038	no_pain	0.9999966	3.769653e-07	3.0290225e-06
039	no_pain	0.9999967	3.0402308e-07	2.9916098e-06
040	no_pain	0.9998576	3.6050637e-06	0.00013873927
041	low_pain	8.44207e-08	0.9999997	1.4811621e-07
042	low_pain	1.958006e-07	0.99999934	4.6324234e-07
043	low_pain	1.8785665e-06	0.9999965	1.6720126e-06
044	no_pain	0.9999972	4.0913497e-07	2.3784917e-06
045	low_pain	1.6189715e-05	0.8569873	0.14299655
046	high_pain	6.529508e-05	9.289289e-06	0.99992543
047	no_pain	0.9999971	3.1131103e-07	2.6562864e-06
048	no_pain	0.99999636	6.9857964e-07	2.9296625e-06
049	high_pain	0.00016091864	2.0367725e-05	0.99981874
050	no_pain	0.97849655	5.992152e-05	0.021443527
051	no_pain	0.99999607	8.269721e-07	3.1466593e-06
052	high_pain	0.00015961703	0.00013322242	0.99970716
053	low_pain	0.28572008	0.71427625	3.6260285e-06
054	no_pain	0.99999577	9.801921e-07	3.204704e-06
055	no_pain	0.98987705	2.2882174e-05	0.010100086
056	no_pain	0.9999971	3.09471e-07	2.6315574e-06
057	no_pain	0.9999803	1.2882361e-05	6.8973545e-06
058	no_pain	0.9999963	3.3180777e-07	3.3210488e-06
059	no_pain	0.99999684	3.0068256e-07	2.803356e-06
060	high_pain	0.29244682	0.0004438869	0.7071093
061	no_pain	0.9999972	3.5840335e-07	2.4029923e-06
062	no_pain	0.999997	3.5826534e-07	2.7009442e-06
063	no_pain	0.999997	3.3802854e-07	2.6696612e-06
064	no_pain	0.99999475	7.014999e-07	4.526825e-06
065	no_pain	0.99999255	9.517768e-07	6.441205e-06
066	no_pain	0.99999434	7.1100675e-07	4.9298437e-06
067	no_pain	0.99999696	3.665758e-07	2.7243234e-06
068	high_pain	0.00025065237	4.668283e-05	0.99970263
069	no_pain	0.9999959	5.566668e-07	3.5203504e-06
070	no_pain	0.99999684	7.3010517e-07	2.434511e-06
071	low_pain	5.393545e-07	0.9999971	2.3600953e-06
072	no_pain	0.9999963	5.6364246e-07	3.1135226e-06
073	no_pain	0.8910085	0.00038667416	0.10860484
074	no_pain	0.99999446	6.3392457e-07	4.8967663e-06
075	no_pain	0.9999962	3.6757606e-07	3.4726625e-06
076	no_pain	0.99999374	4.442254e-07	5.864931e-06
077	no_pain	0.9999944	9.714676e-07	4.6436076e-06
078	no_pain	0.9999972	3.1932706e-07	2.4871285e-06
079	no_pain	0.9999972	3.8240987e-07	2.389582e-06
080	high_pain	0.28406057	5.5055836e-05	0.7158843
081	high_pain	0.14343451	4.754691e-05	0.8565179
082	high_pain	0.13494198	3.7959708e-05	0.8650201
083	no_pain	0.9999948	5.501357e-07	4.6250716e-06
084	no_pain	0.85806286	0.14191967	1.7423368e-05
085	no_pain	0.9999965	3.586205e-07	3.180598e-06
086	no_pain	0.9999956	9.323564e-07	3.5516775e-06
087	low_pain	0.14285812	0.857138	3.951628e-06
088	no_pain	0.99999714	3.2622853e-07	2.5088211e-06
089	no_pain	0.99999654	7.830592e-07	2.69261e-06
090	high_pain	0.14382792	0.00016354737	0.8560085
091	no_pain	0.9999971	3.10925e-07	2.6241119e-06
092	no_pain	0.9999968	6.5786463e-07	2.5506495e-06
093	low_pain	1.15833565e-07	0.9999996	2.478183e-07
094	no_pain	0.99999493	1.0390856e-06	3.9697966e-06
095	no_pain	0.86971885	0.13020529	7.590747e-05
096	no_pain	0.99999666	3.1410173e-07	3.0129668e-06
097	high_pain	0.14334095	4.184721e-05	0.85661715
098	high_pain	0.00022012558	2.609643e-05	0.9997538
099	low_pain	0.14284109	0.85712063	3.8245984e-05
100	no_pain	0.9999962	8.197861e-07	2.9598518e-06
101	no_pain	0.9999967	6.8078094e-07	2.630189e-06
102	low_pain	1.3116902e-07	0.9999996	2.4799132e-07
103	low_pain	0.18658069	0.81330186	0.000117467076
104	no_pain	0.9982085	0.0010139755	0.0007775272
105	no_pain	0.999992	5.425845e-07	7.425168e-06
106	high_pain	0.0026573725	0.00017926985	0.99716336
107	no_pain	0.9999963	3.4569135e-07	3.2898565e-06
108	no_pain	0.99999654	8.252658e-07	2.6576056e-06
109	no_pain	0.99999565	5.8661607e-07	3.7745965e-06
110	no_pain	0.99999714	3.2817283e-07	2.4779888e-06
111	no_pain	0.9999971	3.4200002e-07	2.5818174e-06
112	no_pain	0.8567446	0.14290854	0.00034688687
113	no_pain	0.99999607	7.8734143e-07	3.1395175e-06
114	no_pain	0.9999968	5.003032e-07	2.7341691e-06
115	high_pain	0.112628974	0.00025015167	0.8871208
116	no_pain	0.999994	6.545888e-07	5.384101e-06
117	high_pain	8.7663066e-05	8.986372e-06	0.9999033
118	high_pain	0.13904934	5.9960817e-05	0.86089075
119	no_pain	0.99999714	3.0547184e-07	2.623906e-06
120	no_pain	0.9999946	1.0883625e-06	4.3801856e-06
121	no_pain	0.9999966	6.6356097e-07	2.7705742e-06
122	no_pain	0.99999374	1.0771109e-06	5.186837e-06
123	no_pain	0.9999968	7.1080757e-07	2.5168695e-06
124	no_pain	0.99999416	8.686049e-07	4.951399e-06
125	no_pain	0.9999956	8.522035e-07	3.6377496e-06
126	no_pain	0.99999696	3.4117267e-07	2.7167116e-06
127	no_pain	0.99999666	3.104571e-07	3.0301928e-06
128	no_pain	0.999996	8.6015007e-07	3.1292843e-06
129	no_pain	0.99999666	7.615079e-07	2.556102e-06
130	no_pain	0.9999966	6.796001e-07	2.7093756e-06
131	no_pain	0.9999968	6.4134514e-07	2.6038963e-06
132	no_pain	0.999997	3.2724236e-07	2.6616403e-06
133	no_pain	0.9999955	9.3617626e-07	3.5410947e-06
134	no_pain	0.99999624	5.8333745e-07	3.194988e-06
135	no_pain	0.99999493	6.1831673e-07	4.4164926e-06
136	low_pain	2.9772374e-07	0.99999905	6.810007e-07
137	high_pain	0.14636764	0.000102115584	0.8535302
138	no_pain	0.9999967	5.2092264e-07	2.7029098e-06
139	no_pain	0.71799415	0.00037610764	0.28162977
140	no_pain	0.9999954	5.317938e-07	4.0051286e-06
141	no_pain	0.9999967	6.7658897e-07	2.5940808e-06
142	no_pain	0.999991	1.103268e-06	7.915088e-06
143	no_pain	0.9999956	9.131651e-07	3.5145356e-06
144	high_pain	0.0024231498	6.521893e-05	0.9975117
145	no_pain	0.9999967	7.18776e-07	2.5514491e-06
146	low_pain	3.310914e-07	0.9999991	5.310764e-07
147	no_pain	0.999996	8.0378555e-07	3.213029e-06
148	low_pain	3.8768682e-08	0.9999999	4.6092673e-08
149	no_pain	0.99999714	3.4811234e-07	2.5431098e-06
150	no_pain	0.9999963	6.879937e-07	2.9686973e-06
151	no_pain	0.9999948	6.280652e-07	4.622284e-06
152	no_pain	0.999996	6.326649e-07	3.4147436e-06
153	no_pain	0.9999971	3.5714703e-07	2.609517e-06
154	no_pain	0.9999955	8.574082e-07	3.6616016e-06
155	no_pain	0.99999416	1.0848502e-06	4.7712156e-06
156	no_pain	0.9998875	3.2356952e-06	0.000109208035
157	no_pain	0.99999654	3.84925e-07	3.074979e-06
158	no_pain	0.99999696	3.3014337e-07	2.7661222e-06
159	high_pain	0.003930983	9.210381e-05	0.99597687
160	low_pain	6.4021224e-05	0.9999179	1.8089266e-05
161	no_pain	0.9999955	5.394385e-07	3.9726037e-06
162	no_pain	0.99999535	8.3532234e-07	3.8287067e-06
163	no_pain	0.9999953	5.3546137e-07	4.1463704e-06
164	no_pain	0.9999965	3.812049e-07	3.1722532e-06
165	low_pain	2.5508505e-05	0.99972254	0.00025188475
166	no_pain	0.9999954	5.590732e-07	3.9737906e-06
167	no_pain	0.9999962	7.7938915e-07	3.0438655e-06
168	no_pain	0.86230344	0.00030281456	0.13739371
169	no_pain	0.99999636	6.420745e-07	2.967304e-06
170	low_pain	0.4286075	0.5713877	4.7457384e-06
171	low_pain	6.522615e-08	0.9999999	8.5680405e-08
172	no_pain	0.99999636	3.5327747e-07	3.2651503e-06
173	no_pain	0.99998856	9.662438e-07	1.0504101e-05
174	no_pain	0.9999953	6.221057e-07	4.0643454e-06
175	low_pain	0.13698895	0.5220063	0.34100482
176	no_pain	0.9999944	6.136134e-07	4.9984187e-06
177	no_pain	0.99999714	3.0513826e-07	2.525687e-06
178	no_pain	0.99999684	3.6919116e-07	2.8113514e-06
179	no_pain	0.99999666	3.8050896e-07	2.9348364e-06
180	no_pain	0.9999954	5.1064796e-07	4.0825275e-06
181	no_pain	0.9999958	8.1291427e-07	3.33433e-06
182	no_pain	0.99999434	6.52159e-07	5.0076596e-06
183	no_pain	0.9999958	6.6780296e-07	3.4923667e-06
184	no_pain	0.8584544	0.14152204	2.3500903e-05
185	no_pain	0.9999963	3.836516e-07	3.2939174e-06
186	high_pain	0.14128125	2.3761877e-05	0.85869503
187	no_pain	0.9999972	4.5963182e-07	2.3410807e-06
188	high_pain	0.0057592494	0.00017331947	0.9940674
189	high_pain	0.00013201662	2.2917578e-05	0.999845
190	no_pain	0.99999607	5.920596e-07	3.3482247e-06
191	high_pain	0.00018032969	2.9337623e-05	0.9997903
192	no_pain	0.9999949	6.082724e-07	4.5161587e-06
193	no_pain	0.9999958	4.6280454e-07	3.6800923e-06
194	no_pain	0.9999968	6.6206786e-07	2.52487e-06
195	no_pain	0.9999966	6.216339e-07	2.8120958e-06
196	no_pain	0.99999416	1.5475309e-06	4.364863e-06
197	no_pain	0.9999975	4.033773e-07	2.1573405e-06
198	low_pain	4.455139e-08	0.9999999	4.9578063e-08
199	no_pain	0.99999493	9.817055e-07	4.055233e-06
200	no_pain	0.9999959	7.7290395e-07	3.2852797e-06
201	high_pain	0.013775216	8.5824104e-05	0.98613894
202	low_pain	1.9167534e-07	0.9999994	4.2096266e-07
203	high_pain	0.0003445877	0.00048764222	0.9991678
204	no_pain	0.9999971	3.136901e-07	2.625249e-06
205	no_pain	0.99999654	7.8851696e-07	2.6801613e-06
206	low_pain	0.14283653	0.8571559	7.5272997e-06
207	no_pain	0.9999951	9.010666e-07	4.0274617e-06
208	no_pain	0.9999944	6.1725774e-07	4.9657747e-06
209	no_pain	0.99999714	3.1240103e-07	2.5306986e-06
210	no_pain	0.9444628	0.055243794	0.00029342278
211	no_pain	0.9999963	8.220712e-07	2.862325e-06
212	no_pain	0.99999636	7.816734e-07	2.8153133e-06
213	no_pain	0.99999714	3.165425e-07	2.5873485e-06
214	low_pain	3.3472097e-07	0.999999	6.828153e-07
215	no_pain	0.999997	3.2411768e-07	2.716166e-06
216	no_pain	0.99999565	8.2026867e-07	3.563381e-06
217	no_pain	0.9999965	3.345263e-07	3.2537532e-06
218	no_pain	0.9999959	8.263411e-07	3.2868725e-06
219	no_pain	0.99999475	5.5058456e-07	4.6870155e-06
220	low_pain	2.9925292e-07	0.99999905	6.8926414e-07
221	no_pain	0.9999942	9.350111e-07	4.8519278e-06
222	low_pain	2.3178322e-06	0.99998665	1.1038572e-05
223	no_pain	0.99999255	1.3529042e-06	6.044265e-06
224	no_pain	0.9999953	9.837632e-07	3.6718357e-06
225	no_pain	0.9999967	6.511604e-07	2.5721768e-06
226	low_pain	0.15415134	0.56118375	0.2846649
227	no_pain	0.99999696	3.0407188e-07	2.7442854e-06
228	no_pain	0.9999965	3.3358714e-07	3.2326573e-06
229	no_pain	0.9999958	7.953325e-07	3.373125e-06
230	no_pain	0.99999684	3.6420207e-07	2.7796107e-06
231	no_pain	0.99999565	5.450299e-07	3.7911777e-06
232	no_pain	0.9999965	7.4787505e-07	2.8034913e-06
233	no_pain	0.99999464	7.3097533e-07	4.6685054e-06
234	no_pain	0.99999505	3.716798e-07	4.6307764e-06
235	no_pain	0.99999565	8.5426353e-07	3.5137193e-06
236	no_pain	0.9999947	6.213575e-07	4.6636374e-06
237	no_pain	0.9999953	5.744779e-07	4.1491226e-06
238	high_pain	0.17875919	0.4014732	0.41976762
239	no_pain	0.99999535	5.4599474e-07	4.1424596e-06
240	no_pain	0.99999607	8.2261903e-07	3.107158e-06
241	no_pain	0.9999943	8.841589e-07	4.8119828e-06
242	no_pain	0.9999961	6.5775583e-07	3.2178837e-06
243	no_pain	0.99999684	3.528108e-07	2.807919e-06
244	no_pain	0.9999921	1.0835552e-06	6.8445333e-06
245	no_pain	0.9999967	7.986482e-07	2.419025e-06
246	no_pain	0.9999944	1.5651842e-06	4.066326e-06
247	no_pain	0.9999967	7.336581e-07	2.579564e-06
248	no_pain	0.9999963	8.486678e-07	2.8457955e-06
249	no_pain	0.999997	3.149605e-07	2.7205804e-06
250	no_pain	0.9999948	5.562329e-07	4.632921e-06
251	low_pain	1.7247021e-07	0.9999994	4.335022e-07
252	no_pain	0.99999714	3.3570242e-07	2.5064135e-06
253	no_pain	0.99999666	3.216997e-07	3.0074332e-06
254	no_pain	0.9999949	6.440969e-07	4.4921367e-06
255	no_pain	0.9999943	1.1386461e-06	4.5474417e-06
256	no_pain	0.9999954	5.640559e-07	3.9816287e-06
257	high_pain	0.42839748	3.5991365e-05	0.5715665
258	no_pain	0.6671885	0.00062509486	0.33218637
259	no_pain	0.9999962	8.2658204e-07	2.9517141e-06
260	no_pain	0.9999951	3.6839842e-07	4.5115676e-06
261	high_pain	0.00011046549	1.1166347e-05	0.99987835
262	no_pain	0.9999946	6.4072043e-07	4.829361e-06
263	no_pain	0.9999966	7.827483e-07	2.632862e-06
264	no_pain	0.99999505	5.9558573e-07	4.382026e-06
265	no_pain	0.9999959	5.526172e-07	3.5168973e-06
266	high_pain	0.21754472	0.000571686	0.7818836
267	no_pain	0.9999965	6.521918e-07	2.906071e-06
268	high_pain	0.00020676934	2.767822e-05	0.9997655
269	high_pain	0.002451511	7.7515426e-05	0.997471
270	low_pain	7.744492e-06	0.9999657	2.6527146e-05
271	no_pain	0.999997	3.1264977e-07	2.6823507e-06
272	low_pain	4.6284737e-07	0.9999981	1.4108521e-06
273	low_pain	5.24693e-07	0.9999991	3.4313786e-07
274	no_pain	0.99999535	5.4227337e-07	4.0217633e-06
275	no_pain	0.9999971	8.285142e-07	2.1306428e-06
276	no_pain	0.8654813	7.981384e-05	0.13443886
277	no_pain	0.9017474	0.00019155709	0.098061
278	no_pain	0.9999966	3.2109048e-07	3.0614283e-06
279	no_pain	0.9999967	8.3705334e-07	2.413077e-06
280	no_pain	0.9999959	6.2433224e-07	3.4736975e-06
281	no_pain	0.9999944	4.2224767e-07	5.160606e-06
282	no_pain	0.9999959	1.1042924e-06	2.9613677e-06
283	no_pain	0.99996585	2.7116848e-05	6.9853672e-06
284	no_pain	0.99999654	6.418871e-07	2.8215825e-06
285	no_pain	0.9999967	7.0208944e-07	2.5652832e-06
286	no_pain	0.9999967	7.6443536e-07	2.4544588e-06
287	low_pain	4.7752938e-08	0.9999999	5.4367245e-08
288	no_pain	0.99999684	3.368462e-07	2.794813e-06
289	no_pain	0.9999966	3.255086e-07	3.0575688e-06
290	no_pain	0.99999446	7.967752e-07	4.713857e-06
291	low_pain	4.3969777e-08	0.9999999	5.724544e-08
292	no_pain	0.9999961	5.057658e-07	3.3884655e-06
293	no_pain	0.99999654	6.4763117e-07	2.8234915e-06
294	low_pain	4.0773065e-07	0.9999986	9.953183e-07
295	no_pain	0.99999666	6.262655e-07	2.7098347e-06
296	no_pain	0.9999949	6.332976e-07	4.4758895e-06
297	no_pain	0.9999965	5.522247e-07	2.9874752e-06
298	no_pain	0.99999475	3.888571e-07	4.877195e-06
299	high_pain	0.1631109	0.00025218222	0.83663696
300	high_pain	0.00012003359	2.0617546e-05	0.99985933
301	no_pain	0.9999965	6.6325407e-07	2.8563506e-06
302	low_pain	2.1044505e-07	0.9999992	5.5245215e-07
303	no_pain	0.99999577	4.5778447e-07	3.709177e-06
304	no_pain	0.9999961	7.898712e-07	3.0792214e-06
305	no_pain	0.99999726	3.7447575e-07	2.369859e-06
306	no_pain	0.99999624	7.9143325e-07	2.9590533e-06
307	no_pain	0.9999966	5.625056e-07	2.7685114e-06
308	high_pain	0.07017749	0.02977268	0.9000498
309	no_pain	0.99999696	3.0036674e-07	2.7276371e-06
310	no_pain	0.999996	5.245142e-07	3.480908e-06
311	no_pain	0.9999971	3.2269068e-07	2.5884988e-06
312	no_pain	0.9999956	8.704662e-07	3.5598111e-06
313	no_pain	0.99999267	6.6936906e-07	6.6653124e-06
314	no_pain	0.99999684	3.3390023e-07	2.8083375e-06
315	no_pain	0.9999962	6.5040183e-07	3.1259583e-06
316	no_pain	0.9999944	5.7613994e-07	4.9551577e-06
317	no_pain	0.9999935	7.50209e-07	5.7510597e-06
318	no_pain	0.99999607	3.2749378e-07	3.6403464e-06
319	high_pain	7.514881e-05	6.572529e-05	0.99985915
320	no_pain	0.99999446	6.326778e-07	4.8782063e-06
321	low_pain	7.39867e-08	0.9999997	1.6157344e-07
322	low_pain	4.3350816e-08	0.9999999	5.4475922e-08
323	no_pain	0.999997	3.7927657e-07	2.6012326e-06
324	no_pain	0.9999967	6.546651e-07	2.572739e-06
325	low_pain	1.7023454e-07	0.9999994	4.1054014e-07
326	high_pain	0.00015283447	2.520578e-05	0.99982196
327	no_pain	0.99999577	3.9597307e-07	3.817665e-06
328	no_pain	0.9999971	3.2227283e-07	2.625004e-06
329	no_pain	0.9999965	7.671716e-07	2.7766666e-06
330	low_pain	6.034122e-08	0.9999999	7.680382e-08
331	no_pain	0.99999523	9.5356836e-07	3.762512e-06
332	no_pain	0.9999963	7.0245505e-07	2.9932348e-06
333	no_pain	0.9999967	7.0033974e-07	2.5924385e-06
334	high_pain	0.00015421501	2.5611103e-05	0.9998202
335	no_pain	0.99999624	3.918014e-07	3.358209e-06
336	no_pain	0.99999446	6.2894793e-07	4.903356e-06
337	no_pain	0.9999966	3.6728753e-07	3.0804633e-06
338	no_pain	0.9999936	1.1002878e-06	5.278932e-06
339	no_pain	0.999997	3.2144973e-07	2.6518699e-06
340	low_pain	1.6884952e-06	0.9999943	4.019847e-06
341	no_pain	0.99999684	3.027702e-07	2.7856693e-06
342	no_pain	0.99999696	7.49465e-07	2.2858007e-06
343	no_pain	0.999997	3.1797208e-07	2.6718121e-06
344	no_pain	0.99999565	1.028507e-06	3.3288015e-06
345	no_pain	0.9999957	8.9304416e-07	3.3957524e-06
346	no_pain	0.999989	1.8009741e-06	9.255061e-06
347	no_pain	0.99999666	3.6541948e-07	3.005084e-06
348	no_pain	0.99999666	3.881593e-07	2.9109299e-06
349	no_pain	0.9999967	3.39363e-07	2.9836704e-06
350	no_pain	0.9997608	4.4027947e-06	0.00023472565
351	no_pain	0.9999965	5.37963e-07	3.0393453e-06
352	low_pain	3.9205826e-08	0.9999999	5.086852e-08
353	no_pain	0.99999607	9.388806e-07	3.0176204e-06
354	no_pain	0.9999965	3.533613e-07	3.1931556e-06
355	no_pain	0.9999956	8.811715e-07	3.5354167e-06
356	no_pain	0.9999953	5.958912e-07	4.114042e-06
357	no_pain	0.99999726	3.8306857e-07	2.3635669e-06
358	no_pain	0.9999963	5.76217e-07	3.0716535e-06
359	low_pain	0.3152935	0.43504363	0.24966286
360	no_pain	0.9999965	4.843317e-07	3.0820088e-06
361	no_pain	0.9999966	3.9676485e-07	2.9486696e-06
362	no_pain	0.8827291	0.00020209198	0.117068805
363	no_pain	0.9999955	5.7209036e-07	3.9327147e-06
364	no_pain	0.99999475	6.496927e-07	4.583217e-06
365	no_pain	0.9999948	6.1359395e-07	4.5686206e-06
366	no_pain	0.99999654	5.206136e-07	2.9486494e-06
367	no_pain	0.9999967	3.7135504e-07	2.9021687e-06
368	no_pain	0.99999726	3.642608e-07	2.337092e-06
369	no_pain	0.99999374	7.2373257e-07	5.4971033e-06
370	no_pain	0.9999965	3.3706252e-07	3.2281882e-06
371	low_pain	3.0044716e-06	0.9999853	1.1697702e-05
372	low_pain	1.4295831e-07	0.99999946	3.560975e-07
373	no_pain	0.99998504	8.0362025e-07	1.4193756e-05
374	no_pain	0.99999684	3.6761057e-07	2.7349586e-06
375	low_pain	1.6760212e-07	0.99999946	3.4741092e-07
376	no_pain	0.99999684	9.318865e-07	2.2113197e-06
377	no_pain	0.9999956	8.8336583e-07	3.5383948e-06
378	no_pain	0.99999577	4.7677366e-07	3.8027615e-06
379	low_pain	3.7271533e-07	0.99999875	8.532548e-07
380	no_pain	0.9999971	3.2400683e-07	2.5863944e-06
381	low_pain	0.00028041884	0.99968	3.960424e-05
382	no_pain	0.9999967	6.7457313e-07	2.5634067e-06
383	no_pain	0.9999966	6.7691525e-07	2.7691112e-06
384	no_pain	0.9999952	6.0188114e-07	4.2654033e-06
385	no_pain	0.99989253	3.4382247e-06	0.00010400773
386	no_pain	0.43162534	0.42619804	0.14217666
387	no_pain	0.99999714	3.1593686e-07	2.5805562e-06
388	no_pain	0.999993	1.770316e-06	5.189562e-06
389	no_pain	0.99999535	4.9879253e-07	4.1756634e-06
390	no_pain	0.9999948	1.0870235e-06	4.1287917e-06
391	no_pain	0.9999967	3.2071992e-07	2.9365522e-06
392	no_pain	0.4321073	0.29332748	0.27456522
393	no_pain	0.9999949	6.04646e-07	4.535015e-06
394	no_pain	0.99999624	9.439169e-07	2.8043385e-06
395	no_pain	0.99999434	1.3088654e-06	4.3164396e-06
396	no_pain	0.99999684	3.7496756e-07	2.7881492e-06
397	no_pain	0.99999297	6.483225e-07	6.3320435e-06
398	low_pain	0.2857121	0.7142862	1.6936881e-06
399	low_pain	5.3515176e-08	0.9999999	6.6008944e-08
400	low_pain	6.295785e-08	0.9999999	8.357397e-08
401	low_pain	7.325763e-08	0.9999997	1.5262795e-07
402	no_pain	0.9999955	9.901875e-07	3.4762431e-06
403	high_pain	0.0030460826	0.00019539722	0.9967585
404	no_pain	0.9999952	6.4866447e-07	4.1243425e-06
405	no_pain	0.99997836	1.8119047e-06	1.9894387e-05
406	no_pain	0.99999577	4.7300182e-07	3.796003e-06
407	no_pain	0.9999856	5.7788197e-06	8.617179e-06
408	no_pain	0.9999963	8.635029e-07	2.8689885e-06
409	no_pain	0.9999966	3.2032398e-07	3.0834342e-06
410	no_pain	0.9999948	9.923089e-07	4.1837407e-06
411	no_pain	0.99999505	5.950159e-07	4.412016e-06
412	no_pain	0.99999654	3.8565568e-07	3.0608273e-06
413	low_pain	0.28571206	0.7142858	2.1685235e-06
414	low_pain	1.1845111e-07	0.9999996	2.6837583e-07
415	no_pain	0.9999903	7.4889186e-07	8.976906e-06
416	low_pain	1.7261878e-07	0.9999994	4.1285745e-07
417	no_pain	0.9999966	3.167611e-07	3.1489328e-06
418	low_pain	1.6371898e-07	0.99999946	3.403441e-07
419	no_pain	0.99999654	7.210096e-07	2.727896e-06
420	no_pain	0.9999929	7.2866897e-07	6.3260013e-06
421	high_pain	0.0003600434	3.6749923e-05	0.9996032
422	no_pain	0.9993761	0.00060140947	2.24649e-05
423	no_pain	0.99999607	1.2144134e-06	2.715006e-06
424	no_pain	0.9999963	5.142585e-07	3.2137057e-06
425	low_pain	0.14286363	0.8571318	4.6402306e-06
426	low_pain	2.0402467e-07	0.99999946	3.6575878e-07
427	high_pain	0.00018701426	3.2297372e-05	0.9997807
428	no_pain	0.972781	9.602968e-05	0.027122993
429	no_pain	0.86349905	5.8742247e-05	0.13644226
430	no_pain	0.9999951	9.728205e-07	3.946071e-06
431	no_pain	0.99999577	8.8917756e-07	3.364438e-06
432	no_pain	0.99999493	5.694712e-07	4.408463e-06
433	no_pain	0.99989986	3.0392605e-06	9.7102915e-05
434	no_pain	0.9999921	1.1831913e-06	6.7113456e-06
435	no_pain	0.9999965	3.289409e-07	3.2016083e-06
436	no_pain	0.9995602	8.126949e-06	0.0004316909
437	high_pain	0.0002870645	4.572211e-05	0.9996672
438	no_pain	0.9999971	3.627445e-07	2.6152968e-06
439	no_pain	0.9999965	7.3911207e-07	2.8373015e-06
440	no_pain	0.99999666	7.1140886e-07	2.5932043e-06
441	no_pain	0.99999666	3.1263986e-07	3.0009267e-06
442	no_pain	0.9999966	7.670481e-07	2.6821422e-06
443	no_pain	0.99999696	3.578946e-07	2.706132e-06
444	no_pain	0.9999963	5.255347e-07	3.1105644e-06
445	no_pain	0.99999624	7.1484163e-07	3.048266e-06
446	no_pain	0.9999948	4.288441e-07	4.714613e-06
447	no_pain	0.9999957	6.765452e-07	3.6466174e-06
448	no_pain	0.9999956	9.1427074e-07	3.479154e-06
449	no_pain	0.9999949	5.9562484e-07	4.502636e-06
450	low_pain	1.41639375e-05	0.99993503	5.0808256e-05
451	no_pain	0.7136473	5.935711e-05	0.28629336
452	high_pain	0.4273226	0.0006469028	0.57203054
453	no_pain	0.9999944	6.341967e-07	4.9322434e-06
454	high_pain	0.00021673436	2.5318337e-05	0.9997579
455	no_pain	0.9999943	9.4550694e-07	4.7533404e-06
456	no_pain	0.9999966	3.272427e-07	3.072824e-06
457	no_pain	0.9999946	6.2779054e-07	4.840383e-06
458	no_pain	0.9999959	3.6550935e-07	3.6995627e-06
459	no_pain	0.99999607	8.1090485e-07	3.1694585e-06
460	no_pain	0.7262269	0.00032888429	0.2734442
461	no_pain	0.99999654	5.346405e-07	2.913837e-06
462	low_pain	4.3130407e-07	0.9999985	1.0450628e-06
463	no_pain	0.98491704	0.00013214537	0.014950803
464	no_pain	0.99999666	6.488231e-07	2.6686034e-06
465	high_pain	0.00014286695	1.8483674e-05	0.99983865
466	no_pain	0.9999965	7.3895404e-07	2.756305e-06
467	no_pain	0.9999966	3.122746e-07	3.0843141e-06
468	no_pain	0.9999963	4.2858275e-07	3.2845621e-06
469	no_pain	0.9999966	6.859983e-07	2.7644783e-06
470	no_pain	0.85748917	0.1424921	1.869341e-05
471	no_pain	0.9997859	3.831182e-06	0.0002102831
472	no_pain	0.99999523	5.8988513e-07	4.157653e-06
473	no_pain	0.9999898	9.104246e-07	9.270015e-06
474	no_pain	0.9999947	6.243698e-07	4.6855853e-06
475	low_pain	0.0028113667	0.8890566	0.108132
476	no_pain	0.99426425	0.00019242335	0.0055433284
477	no_pain	0.99999654	8.217716e-07	2.6115638e-06
478	high_pain	0.11256544	0.14330314	0.74413145
479	no_pain	0.7690566	0.00023134488	0.23071206
480	no_pain	0.9999956	5.434338e-07	3.848398e-06
481	no_pain	0.99999684	3.5719782e-07	2.7594804e-06
482	no_pain	0.9999965	5.456178e-07	2.9544306e-06
483	low_pain	1.0924557e-06	0.999996	2.9250734e-06
484	no_pain	0.99999684	3.5326596e-07	2.8298368e-06
485	no_pain	0.99999565	5.343346e-07	3.7807647e-06
486	no_pain	0.999997	3.58828e-07	2.6540092e-06
487	no_pain	0.9999503	2.6109371e-06	4.7153015e-05
488	no_pain	0.99999094	2.3248842e-06	6.6955567e-06
489	no_pain	0.9999889	8.683502e-06	2.4407616e-06
490	low_pain	6.666547e-08	0.9999997	1.4646467e-07
491	no_pain	0.9999965	3.7210927e-07	3.1592967e-06
492	high_pain	0.20470425	0.00023932439	0.7950564
493	no_pain	0.71980274	0.00030253542	0.2798947
494	no_pain	0.9999962	1.245723e-06	2.5166548e-06
495	no_pain	0.9999959	6.079234e-07	3.4696102e-06
496	no_pain	0.999996	8.3952364e-07	3.1781933e-06
497	no_pain	0.9999947	8.353998e-07	4.4966555e-06
498	no_pain	0.99999684	3.0080363e-07	2.7740036e-06
499	no_pain	0.65047586	0.0005592108	0.34896496
500	no_pain	0.9999962	6.600111e-07	3.142863e-06
501	no_pain	0.9999637	7.4595637e-06	2.8883946e-05
502	no_pain	0.9999966	6.3969736e-07	2.7773021e-06
503	no_pain	0.9999967	6.92557e-07	2.626646e-06
504	no_pain	0.99999654	3.4092545e-07	3.13369e-06
505	no_pain	0.9999968	3.609643e-07	2.8481402e-06
506	no_pain	0.99999696	3.3108668e-07	2.7366198e-06
507	no_pain	0.99999523	9.800652e-07	3.8471862e-06
508	low_pain	2.3001016e-06	0.9999924	5.391246e-06
509	no_pain	0.9999965	3.6182772e-07	3.1495347e-06
510	low_pain	2.5858847e-07	0.99999905	6.499019e-07
511	no_pain	0.99999565	1.1629994e-06	3.1779807e-06
512	no_pain	0.99999684	3.6423336e-07	2.7239962e-06
513	no_pain	0.99999267	6.71004e-07	6.7090573e-06
514	no_pain	0.9999972	3.767942e-07	2.4215803e-06
515	no_pain	0.9793574	0.000103525956	0.020538984
516	low_pain	0.14277838	0.8572197	1.873157e-06
517	no_pain	0.99999696	3.1440177e-07	2.7503138e-06
518	no_pain	0.9999946	6.1702383e-07	4.8043644e-06
519	no_pain	0.9999958	5.4029175e-07	3.5981304e-06
520	no_pain	0.99999386	6.719996e-07	5.4489637e-06
521	no_pain	0.9999946	1.5554609e-06	3.8794637e-06
522	no_pain	0.9999971	6.5409097e-07	2.2427193e-06
523	high_pain	0.0006521368	0.00010446807	0.9992434
524	no_pain	0.9999946	5.9809094e-07	4.8099e-06
525	no_pain	0.99999636	8.47251e-07	2.7871858e-06
526	no_pain	0.99999666	7.0376376e-07	2.6463474e-06
527	no_pain	0.999996	9.385875e-07	3.0618899e-06
528	no_pain	0.999996	1.0483863e-06	2.9625512e-06
529	low_pain	3.541163e-07	0.99999887	7.885879e-07
530	no_pain	0.9999967	3.359242e-07	2.8960328e-06
531	low_pain	1.1210274e-06	0.99999756	1.2785529e-06
532	high_pain	0.00033971813	6.729016e-05	0.9995931
533	high_pain	0.00016651208	2.626538e-05	0.99980724
534	high_pain	0.0003146057	0.14268164	0.85700375
535	no_pain	0.9999943	1.0572351e-06	4.680376e-06
536	low_pain	0.0010315046	0.8568431	0.14212537
537	no_pain	0.99999505	6.022616e-07	4.3530117e-06
538	no_pain	0.99999624	3.6506592e-07	3.410447e-06
539	no_pain	0.9999877	7.411971e-06	4.8748866e-06
540	low_pain	6.596763e-08	0.9999997	1.4384258e-07
541	no_pain	0.9999963	3.3633046e-07	3.310923e-06
542	no_pain	0.99999714	3.1780206e-07	2.6205087e-06
543	no_pain	0.9999929	1.255665e-06	5.837543e-06
544	low_pain	2.504535e-07	0.99999934	4.2077127e-07
545	high_pain	0.00048548463	7.147792e-05	0.99944305
546	no_pain	0.99999064	1.3698236e-06	7.9646325e-06
547	no_pain	0.71972454	0.14316155	0.13711396
548	no_pain	0.9999963	6.975769e-07	2.9999085e-06
549	low_pain	6.52483e-08	0.9999999	7.613562e-08
550	high_pain	0.00015889408	3.3812194e-05	0.99980736
551	no_pain	0.9999955	4.868759e-07	4.0160935e-06
552	no_pain	0.9999963	7.852442e-07	2.9327527e-06
553	no_pain	0.9999966	3.8849856e-07	3.0094782e-06
554	no_pain	0.9999968	3.0386542e-07	2.9297173e-06
555	no_pain	0.9999951	5.7848666e-07	4.357684e-06
556	no_pain	0.9999955	9.454547e-07	3.5899743e-06
557	no_pain	0.9999938	4.365025e-07	5.7439415e-06
558	low_pain	4.5342215e-08	0.9999999	5.926126e-08
559	no_pain	0.99999523	5.9170543e-07	4.211481e-06
560	low_pain	3.492825e-07	0.9999991	5.2209776e-07
561	no_pain	0.9999949	9.381692e-07	4.137784e-06
562	high_pain	0.28707013	6.429073e-05	0.71286553
563	no_pain	0.9999948	6.1929944e-07	4.6136674e-06
564	no_pain	0.9999963	3.555474e-07	3.3002325e-06
565	low_pain	1.2325789e-07	0.9999996	3.0310838e-07
566	no_pain	0.9999943	4.2252077e-07	5.268629e-06
567	no_pain	0.9999963	6.610436e-07	2.966579e-06
568	no_pain	0.99999714	3.0913833e-07	2.5947418e-06
569	no_pain	0.71607894	8.791779e-05	0.28383312
570	low_pain	0.2829588	0.71702534	1.5851658e-05
571	no_pain	0.9999963	6.6812896e-07	2.9587084e-06
572	no_pain	0.99999684	5.0621344e-07	2.6427176e-06
573	no_pain	0.99999464	5.9702313e-07	4.7868775e-06
574	no_pain	0.99999565	5.361073e-07	3.8495755e-06
575	no_pain	0.99999654	6.4670536e-07	2.8524325e-06
576	no_pain	0.99999684	3.3953467e-07	2.8272734e-06
577	low_pain	0.00011430633	0.74847615	0.25140956
578	no_pain	0.9999962	3.7672712e-07	3.4139935e-06
579	no_pain	0.9999951	4.2548285e-07	4.521447e-06
580	low_pain	8.152458e-08	0.9999998	1.245219e-07
581	no_pain	0.9999966	3.1343234e-07	3.0505284e-06
582	high_pain	0.00076776475	0.000288014	0.9989442
583	no_pain	0.9999973	3.6632537e-07	2.3458713e-06
584	low_pain	8.399193e-08	0.9999998	1.0479242e-07
585	no_pain	0.9999965	6.227206e-07	2.970803e-06
586	no_pain	0.99999493	5.8857e-07	4.472503e-06
587	no_pain	0.9999961	6.798751e-07	3.1881011e-06
588	no_pain	0.99999684	3.6768364e-07	2.8105521e-06
589	no_pain	0.99999523	1.0101146e-06	3.81408e-06
590	no_pain	0.9999959	8.3301035e-07	3.2611376e-06
591	no_pain	0.9999966	7.871034e-07	2.5956776e-06
592	no_pain	0.99999684	3.1430332e-07	2.8251281e-06
593	no_pain	0.9999967	5.509676e-07	2.7289893e-06
594	no_pain	0.9999953	8.402707e-07	3.8493977e-06
595	no_pain	0.99999624	8.525776e-07	2.9038079e-06
596	no_pain	0.99999726	3.4543305e-07	2.4252035e-06
597	high_pain	0.00010447456	0.4301746	0.5697209
598	no_pain	0.99999607	8.399115e-07	3.0846297e-06
599	no_pain	0.9999971	3.1654804e-07	2.6620708e-06
600	no_pain	0.9999965	7.6731186e-07	2.7733472e-06
601	no_pain	0.99999666	6.5736947e-07	2.7020074e-06
602	no_pain	0.99999696	3.3330258e-07	2.7196045e-06
603	no_pain	0.99999684	3.2601338e-07	2.7837173e-06
604	no_pain	0.99999446	6.5634515e-07	4.8531506e-06
605	high_pain	0.15663578	9.775516e-05	0.8432665
606	no_pain	0.9999966	3.1746347e-07	3.0595816e-06
607	no_pain	0.9999962	5.922223e-07	3.264206e-06
608	no_pain	0.99999654	3.0685155e-07	3.1080385e-06
609	no_pain	0.99999696	3.6151363e-07	2.7503472e-06
610	no_pain	0.9999971	3.1404724e-07	2.6212838e-06
611	no_pain	0.99999475	3.7760947e-07	4.878254e-06
612	low_pain	1.3303085e-07	0.9999996	3.25598e-07
613	high_pain	0.0026841168	3.6239642e-05	0.99727964
614	no_pain	0.99999636	3.5771774e-07	3.2582434e-06
615	no_pain	0.9999957	8.2143663e-07	3.450255e-06
616	high_pain	0.00022239434	0.15130936	0.8484683
617	no_pain	0.99999374	6.352012e-07	5.652208e-06
618	no_pain	0.99999726	3.5321074e-07	2.4075157e-06
619	no_pain	0.9999968	6.791715e-07	2.5392835e-06
620	no_pain	0.9999959	1.4066839e-06	2.6248094e-06
621	no_pain	0.9999946	3.907938e-07	5.0726594e-06
622	no_pain	0.99998695	7.4553104e-06	5.571527e-06
623	no_pain	0.9999952	5.614151e-07	4.233006e-06
624	no_pain	0.8567688	0.1431768	5.4399592e-05
625	no_pain	0.99999535	6.109398e-07	4.043675e-06
626	no_pain	0.99999684	3.1149102e-07	2.7706276e-06
627	no_pain	0.9999949	5.9469727e-07	4.498868e-06
628	no_pain	0.9999947	6.3488636e-07	4.6761006e-06
629	no_pain	0.99999624	5.0869227e-07	3.2451608e-06
630	no_pain	0.99999607	7.6327893e-07	3.2138244e-06
631	no_pain	0.99999624	8.059506e-07	2.9621333e-06
632	high_pain	0.00027123562	4.5921886e-05	0.99968284
633	no_pain	0.8618103	0.13814624	4.3398195e-05
634	high_pain	0.002888158	0.00025320554	0.9968586
635	no_pain	0.9999966	7.2496226e-07	2.684278e-06
636	no_pain	0.999997	3.131094e-07	2.7224166e-06
637	low_pain	4.0502908e-08	0.9999999	4.951564e-08
638	no_pain	0.9999963	8.388767e-07	2.817275e-06
639	low_pain	1.9966117e-07	0.9999994	4.3971482e-07
640	no_pain	0.9999963	5.8043224e-07	3.0692588e-06
641	high_pain	0.28626886	2.4811417e-05	0.7137064
642	low_pain	1.3238555e-07	0.9999995	3.3355624e-07
643	no_pain	0.9999892	1.1402257e-06	9.626618e-06
644	no_pain	0.9999959	4.67282e-07	3.6325382e-06
645	no_pain	0.9999971	3.586033e-07	2.6250086e-06
646	no_pain	0.9995285	1.0740136e-05	0.00046070362
647	low_pain	5.8897744e-08	0.9999998	1.3952372e-07
648	no_pain	0.9999966	3.0744553e-07	3.0850772e-06
649	no_pain	0.8450665	0.000116361036	0.1548172
650	no_pain	0.9999962	1.1852054e-06	2.6825346e-06
651	no_pain	0.99999523	9.254537e-07	3.8655226e-06
652	no_pain	0.9999951	5.8103825e-07	4.312434e-06
653	no_pain	0.9999946	1.4956105e-06	3.9419006e-06
654	no_pain	0.99999654	3.4537388e-07	3.159296e-06
655	no_pain	0.9999961	7.484108e-07	3.1056263e-06
656	no_pain	0.999997	3.6581974e-07	2.6652947e-06
657	high_pain	0.14304781	5.3468488e-05	0.8568987
658	low_pain	1.735414e-07	0.99999946	3.6275281e-07
659	high_pain	0.00014461529	0.1432633	0.85659206
660	no_pain	0.9999968	3.2287787e-07	2.8982893e-06
661	high_pain	0.000105262916	1.8980183e-05	0.9998757
662	no_pain	0.99999696	3.6616117e-07	2.6573523e-06
663	no_pain	0.999996	1.2989819e-06	2.728678e-06
664	no_pain	0.9999965	6.598012e-07	2.9275336e-06
665	no_pain	0.9999976	4.3112408e-07	1.9612767e-06
666	no_pain	0.9999965	3.4249896e-07	3.2502826e-06
667	no_pain	0.9999955	7.735528e-07	3.7638622e-06
668	no_pain	0.99999493	5.674193e-07	4.467645e-06
669	no_pain	0.99999636	5.4898413e-07	3.0258975e-06
670	no_pain	0.99999654	6.5278755e-07	2.815939e-06
671	no_pain	0.99999565	7.121951e-07	3.6242377e-06
672	no_pain	0.9999966	6.825688e-07	2.7110598e-06
673	low_pain	0.4304498	0.56952375	2.6435626e-05
674	no_pain	0.99999654	3.1172803e-07	3.1585803e-06
675	no_pain	0.9999962	8.817077e-07	2.9564887e-06
676	low_pain	3.9233322e-07	0.9999986	9.604403e-07
677	no_pain	0.9999968	7.3228335e-07	2.4262347e-06
678	high_pain	0.00014150515	2.2313921e-05	0.99983615
679	no_pain	0.9999965	7.626277e-07	2.8199768e-06
680	no_pain	0.99999684	3.6276379e-07	2.7427402e-06
681	no_pain	0.99999684	3.7959586e-07	2.7524063e-06
682	no_pain	0.9999951	5.573806e-07	4.371694e-06
683	no_pain	0.7651983	0.00029432162	0.23450743
684	no_pain	0.9999971	3.0727008e-07	2.6172813e-06
685	no_pain	0.99999374	7.7425955e-07	5.483853e-06
686	high_pain	0.0001751715	1.3893118e-05	0.9998109
687	high_pain	0.00013318773	1.9118645e-05	0.9998477
688	no_pain	0.99999666	3.3895188e-07	3.0292688e-06
689	no_pain	0.9999955	1.3712022e-06	3.1300967e-06
690	no_pain	0.9999959	4.6097088e-07	3.6550114e-06
691	low_pain	1.9538948e-07	0.99999934	4.4172432e-07
692	no_pain	0.9999958	6.648209e-07	3.4651914e-06
693	no_pain	0.9999971	3.1741345e-07	2.6305293e-06
694	no_pain	0.9999967	7.0843737e-07	2.550615e-06
695	high_pain	0.14310852	7.93716e-05	0.85681206
696	no_pain	0.9999962	6.584781e-07	3.1839393e-06
697	no_pain	0.999996	9.695866e-07	3.0837462e-06
698	low_pain	1.5420224e-07	0.9999996	2.7342875e-07
699	no_pain	0.99999684	7.89137e-07	2.3730393e-06
700	no_pain	0.9999962	3.603129e-07	3.5025198e-06
701	no_pain	0.99999636	3.7339774e-07	3.269255e-06
702	no_pain	0.99999493	6.1088434e-07	4.4340713e-06
703	no_pain	0.99999607	9.66372e-07	2.988385e-06
704	no_pain	0.99999714	3.265157e-07	2.5289826e-06
705	no_pain	0.999997	2.987189e-07	2.6728615e-06
706	no_pain	0.99999684	6.8127093e-07	2.487482e-06
707	no_pain	0.99999434	6.577316e-07	4.9483124e-06
708	no_pain	0.8533991	0.14658932	1.1585289e-05
709	no_pain	0.9999946	9.2405605e-07	4.535253e-06
710	no_pain	0.99999636	3.5968722e-07	3.2732398e-06
711	no_pain	0.9999962	9.127271e-07	2.9141997e-06
712	no_pain	0.9999967	6.8202723e-07	2.5686782e-06
713	no_pain	0.99999535	5.7071026e-07	4.081206e-06
714	low_pain	0.020146852	0.9066658	0.07318735
715	no_pain	0.999997	3.2481415e-07	2.6891232e-06
716	no_pain	0.9999943	3.907933e-07	5.3476956e-06
717	low_pain	1.6017943e-07	0.9999995	3.34564e-07
718	low_pain	0.4285707	0.57142454	4.8014786e-06
719	no_pain	0.9999968	6.712859e-07	2.5449024e-06
720	no_pain	0.9966687	2.8275765e-05	0.0033030272
721	low_pain	1.2811573e-07	0.9999996	2.4991178e-07
722	low_pain	8.922921e-07	0.9999981	1.0040856e-06
723	no_pain	0.9999962	7.6460896e-07	3.0937642e-06
724	no_pain	0.99999475	1.0704144e-06	4.1706558e-06
725	high_pain	0.009043397	7.66937e-05	0.9908799
726	no_pain	0.9999943	7.408219e-07	4.9792275e-06
727	no_pain	0.99999344	7.303899e-07	5.8008673e-06
728	no_pain	0.99999666	6.726638e-07	2.6711011e-06
729	no_pain	0.99999666	4.1984484e-07	2.8893405e-06
730	no_pain	0.99999565	8.796481e-07	3.4875225e-06
731	low_pain	0.0008310941	0.9991385	3.0435363e-05
732	no_pain	0.9999971	4.1520585e-07	2.482122e-06
733	no_pain	0.99999684	3.6478914e-07	2.7802785e-06
734	no_pain	0.88451195	0.00013308515	0.11535498
735	no_pain	0.97642237	0.023462163	0.000115394905
736	no_pain	0.99999493	6.3296164e-07	4.3978e-06
737	no_pain	0.9999954	5.4611263e-07	4.012137e-06
738	no_pain	0.99995476	1.1803958e-06	4.4028966e-05
739	no_pain	0.9999966	3.2329555e-07	3.088195e-06
740	no_pain	0.9999949	1.0157878e-06	4.070524e-06
741	no_pain	0.9999959	5.0725833e-07	3.5689798e-06
742	low_pain	6.118359e-08	0.9999999	8.130105e-08
743	no_pain	0.99998623	1.0776246e-06	1.2662796e-05
744	no_pain	0.9999966	6.041106e-07	2.7883175e-06
745	no_pain	0.999997	3.451062e-07	2.6746488e-06
746	no_pain	0.9999946	9.388072e-07	4.512772e-06
747	no_pain	0.9999971	3.204515e-07	2.654859e-06
748	low_pain	9.993331e-08	0.99999964	2.408512e-07
749	low_pain	6.084598e-08	0.9999997	1.330606e-07
750	no_pain	0.8676612	0.11908653	0.013252285
751	no_pain	0.9999967	3.205318e-07	2.9821902e-06
752	no_pain	0.9999955	5.34872e-07	3.930781e-06
753	no_pain	0.9999959	8.768398e-07	3.1881823e-06
754	high_pain	0.1487134	9.5610914e-05	0.851191
755	no_pain	0.9999966	3.0466018e-07	3.1047587e-06
756	high_pain	0.1836786	0.09898442	0.717337
757	high_pain	0.00029932315	0.0006373367	0.9990633
758	low_pain	1.3702563e-06	0.99999535	3.2427329e-06
759	low_pain	2.1685355e-07	0.9999994	3.7105863e-07
760	no_pain	0.9999962	9.619073e-07	2.8193717e-06
761	no_pain	0.9999951	4.1936752e-07	4.5250003e-06
762	no_pain	0.9999963	7.3011387e-07	3.0044373e-06
763	no_pain	0.9999943	2.4243495e-06	3.313688e-06
764	low_pain	0.4689277	0.5309562	0.00011602113
765	no_pain	0.99999565	5.5868423e-07	3.800644e-06
766	no_pain	0.9999966	6.164325e-07	2.8018792e-06
767	no_pain	0.99999654	3.867182e-07	3.0856497e-06
768	low_pain	4.0549228e-08	0.9999999	5.0893615e-08
769	no_pain	0.99999636	6.730006e-07	2.9571845e-06
770	no_pain	0.9999972	3.4547014e-07	2.4541587e-06
771	no_pain	0.9999952	2.0977875e-06	2.7195733e-06
772	no_pain	0.99999714	3.446186e-07	2.5384293e-06
773	no_pain	0.9999948	5.9689097e-07	4.5625757e-06
774	no_pain	0.9999933	4.4637702e-07	6.1564506e-06
775	high_pain	0.25637394	9.9786674e-05	0.7435263
776	no_pain	0.99999535	8.910469e-07	3.7150282e-06
777	no_pain	0.99999493	6.067684e-07	4.483851e-06
778	no_pain	0.99999684	3.6247883e-07	2.7394033e-06
779	low_pain	2.519785e-07	0.99999934	4.6502532e-07
780	no_pain	0.9999962	5.899086e-07	3.2430366e-06
781	no_pain	0.999996	7.949261e-07	3.2185853e-06
782	no_pain	0.9999933	1.2338008e-06	5.423402e-06
783	no_pain	0.99999636	3.538973e-07	3.2771477e-06
784	no_pain	0.9999968	3.8983447e-07	2.8017655e-06
785	no_pain	0.99999684	3.7287313e-07	2.7158344e-06
786	low_pain	4.3409065e-07	0.9999987	8.5880635e-07
787	no_pain	0.99999475	1.1836876e-06	4.040426e-06
788	no_pain	0.59599656	0.20752206	0.19648135
789	no_pain	0.99999493	5.9900856e-07	4.4806284e-06
790	no_pain	0.99999607	9.689155e-07	3.032419e-06
791	low_pain	0.47093937	0.49961352	0.029447109
792	no_pain	0.9999947	6.216921e-07	4.67162e-06
793	no_pain	0.9999971	3.0859385e-07	2.6361242e-06
794	no_pain	0.9999953	5.9335855e-07	4.132281e-06
795	low_pain	0.2857379	0.7142498	1.2280136e-05
796	low_pain	7.2038e-08	0.9999997	1.6170371e-07
797	no_pain	0.9999944	8.761952e-07	4.687256e-06
798	no_pain	0.9999961	7.857243e-07	3.1108773e-06
799	no_pain	0.9999966	3.2071947e-07	3.0661515e-06
800	no_pain	0.9999955	1.3360421e-06	3.107509e-06
801	no_pain	0.99999684	6.874524e-07	2.491935e-06
802	no_pain	0.99999684	3.7705564e-07	2.6990074e-06
803	no_pain	0.9999959	8.504445e-07	3.2331413e-06
804	no_pain	0.9999953	4.7224876e-07	4.2468705e-06
805	no_pain	0.9999951	6.1835726e-07	4.319538e-06
806	no_pain	0.9999951	8.532582e-07	4.0058967e-06
807	no_pain	0.71465343	4.8080317e-05	0.28529844
808	no_pain	0.99999714	3.440573e-07	2.5602506e-06
809	no_pain	0.9999962	8.876238e-07	2.9177777e-06
810	low_pain	2.9821305e-07	0.999999	7.2129177e-07
811	high_pain	0.0014243979	4.7929592e-05	0.99852765
812	no_pain	0.99999726	3.6798585e-07	2.3688965e-06
813	no_pain	0.99999714	3.1841796e-07	2.5068946e-06
814	low_pain	3.7021962e-07	0.99999875	8.589349e-07
815	no_pain	0.99999666	3.6697764e-07	2.991693e-06
816	no_pain	0.99999636	3.4077087e-07	3.2477576e-06
817	no_pain	0.9999947	8.352518e-07	4.492677e-06
818	no_pain	0.9999957	9.399738e-07	3.3417903e-06
819	no_pain	0.99999636	3.521459e-07	3.2834052e-06
820	no_pain	0.9999958	5.5881355e-07	3.5934825e-06
821	no_pain	0.99999523	4.1344418e-07	4.3323785e-06
822	no_pain	0.9999952	5.700314e-07	4.2277975e-06
823	no_pain	0.9999967	7.0954167e-07	2.598744e-06
824	no_pain	0.99999636	7.3407926e-07	2.933335e-06
825	high_pain	0.14261857	4.1650117e-05	0.8573398
826	no_pain	0.9999951	9.5022864e-07	3.9607544e-06
827	no_pain	0.99999475	5.6957794e-07	4.664915e-06
828	no_pain	0.99999666	7.708841e-07	2.6131272e-06
829	low_pain	8.603571e-08	0.9999997	1.4795141e-07
830	no_pain	0.99998367	1.0926059e-05	5.3765875e-06
831	high_pain	0.0101944	0.00022385626	0.9895817
832	no_pain	0.99999416	6.305913e-07	5.2035425e-06
833	no_pain	0.99999696	3.3271013e-07	2.7532767e-06
834	no_pain	0.9999955	4.06593e-07	4.0721084e-06
835	no_pain	0.9999968	3.5914144e-07	2.8702827e-06
836	no_pain	0.8564151	7.513688e-05	0.14350975
837	no_pain	0.9999961	5.8317806e-07	3.3031652e-06
838	no_pain	0.99999726	3.3042903e-07	2.4413541e-06
839	no_pain	0.9999944	7.2708343e-07	4.841299e-06
840	high_pain	0.04323554	0.00044524553	0.9563192
841	no_pain	0.9999924	7.306845e-07	6.890959e-06
842	no_pain	0.99999607	8.863836e-07	3.0759406e-06
843	high_pain	0.00012443331	2.1582082e-05	0.99985397
844	no_pain	0.99999696	3.3941893e-07	2.7297594e-06
845	no_pain	0.9999952	6.925719e-07	4.1479116e-06
846	no_pain	0.99999577	7.786907e-07	3.4607801e-06
847	no_pain	0.999997	3.731193e-07	2.6399944e-06
848	no_pain	0.99999684	3.63856e-07	2.770288e-06
849	no_pain	0.99999523	8.77246e-07	3.9765227e-06
850	no_pain	0.9999963	6.872836e-07	2.9952591e-06
851	no_pain	0.99999386	2.3804553e-06	3.7752818e-06
852	high_pain	0.00022735221	2.6900441e-05	0.9997458
853	no_pain	0.9999962	3.9325798e-07	3.4588904e-06
854	no_pain	0.99999505	6.255918e-07	4.3449177e-06
855	no_pain	0.99999493	5.859347e-07	4.493299e-06
856	no_pain	0.99999684	3.351664e-07	2.7663446e-06
857	low_pain	4.587697e-08	0.9999999	5.908057e-08
858	low_pain	2.093942e-07	0.99999917	5.694395e-07
859	no_pain	0.99999624	4.3386896e-07	3.330653e-06
860	no_pain	0.9999954	1.6082096e-06	2.9530518e-06
861	no_pain	0.9999965	4.1464725e-07	3.0932147e-06
862	no_pain	0.75988334	0.23947896	0.0006376553
863	no_pain	0.9999968	5.224741e-07	2.7082383e-06
864	no_pain	0.9999955	4.184818e-07	4.0628847e-06
865	no_pain	0.999993	1.1844874e-06	5.757137e-06
866	no_pain	0.9530509	0.0002513125	0.046697844
867	no_pain	0.9999852	8.5264055e-06	6.2674467e-06
868	low_pain	0.06827346	0.8067524	0.12497413
869	low_pain	4.2897913e-08	0.9999999	4.8515112e-08
870	low_pain	1.2033561e-07	0.9999996	2.3673114e-07
871	high_pain	0.0852195	0.00041488366	0.91436565
872	no_pain	0.99999684	3.3341666e-07	2.7634173e-06
873	no_pain	0.99999744	3.4531783e-07	2.3325285e-06
874	low_pain	0.14285554	0.8571425	1.9067564e-06
875	no_pain	0.7143806	2.087116e-05	0.28559855
876	no_pain	0.9999952	6.7440084e-07	4.1678545e-06
877	no_pain	0.99999684	3.61113e-07	2.7647773e-06
878	no_pain	0.9999958	5.4763393e-07	3.5795367e-06
879	low_pain	3.1435734e-06	0.999987	9.861126e-06
880	no_pain	0.9999038	2.8407972e-06	9.3290975e-05
881	no_pain	0.99999607	5.7196434e-07	3.3881176e-06
882	no_pain	0.999997	3.4237036e-07	2.6755213e-06
883	no_pain	0.999997	3.713072e-07	2.6427936e-06
884	low_pain	1.5960049e-07	0.99999946	4.0430288e-07
885	low_pain	1.5253417e-07	0.99999946	3.80748e-07
886	no_pain	0.9999968	7.467801e-07	2.4792316e-06
887	no_pain	0.9999935	6.457849e-07	5.8541555e-06
888	low_pain	0.012095499	0.71915245	0.26875204
889	no_pain	0.9999952	6.322595e-07	4.233322e-06
890	no_pain	0.9999955	1.1020095e-06	3.3837732e-06
891	low_pain	2.218334e-07	0.99999934	4.4855128e-07
892	no_pain	0.9999957	9.065215e-07	3.3972112e-06
893	no_pain	0.5714113	0.4285872	1.4558407e-06
894	high_pain	0.004995133	0.09206431	0.9029406
895	no_pain	0.99999607	7.150776e-07	3.2434343e-06
896	no_pain	0.9999959	4.634685e-07	3.6305958e-06
897	high_pain	0.12473504	0.00013021161	0.87513477
898	no_pain	0.99999666	3.6458545e-07	2.9690439e-06
899	no_pain	0.9999967	3.488619e-07	2.8776267e-06
900	no_pain	0.9999961	7.762458e-07	3.104844e-06
901	no_pain	0.9999972	3.1403331e-07	2.4849105e-06
902	low_pain	1.1283161e-07	0.9999997	1.6559966e-07
903	no_pain	0.9999972	3.5481162e-07	2.4318217e-06
904	no_pain	0.9999963	7.734163e-07	2.8739394e-06
905	no_pain	0.99999666	3.0706641e-07	2.975245e-06
906	no_pain	0.99999624	6.2985157e-07	3.1479362e-06
907	no_pain	0.99999684	3.690861e-07	2.8218772e-06
908	no_pain	0.999994	4.3020427e-07	5.4870798e-06
909	no_pain	0.9999911	1.3419241e-06	7.521555e-06
910	no_pain	0.9999955	9.562164e-07	3.6012752e-06
911	no_pain	0.9999971	3.1604932e-07	2.6245486e-06
912	no_pain	0.99999577	6.0632385e-07	3.6306253e-06
913	no_pain	0.999994	6.6374145e-07	5.399809e-06
914	no_pain	0.9999963	6.728924e-07	3.0330807e-06
915	no_pain	0.9999948	6.439433e-07	4.534166e-06
916	no_pain	0.99999434	1.0147882e-06	4.585844e-06
917	no_pain	0.99999535	5.5178873e-07	4.049981e-06
918	no_pain	0.99999666	3.6410248e-07	2.9667915e-06
919	no_pain	0.99989974	3.5120142e-06	9.676987e-05
920	no_pain	0.9999972	3.7773341e-07	2.3961893e-06
921	no_pain	0.99999654	6.6167604e-07	2.8297268e-06
922	no_pain	0.99999195	7.42911e-07	7.278755e-06
923	high_pain	0.000482425	6.8978756e-05	0.9994486
924	no_pain	0.9999955	8.1205224e-07	3.684386e-06
925	no_pain	0.99999577	1.2278507e-06	2.9729651e-06
926	no_pain	0.99999374	6.5046424e-07	5.643353e-06
927	no_pain	0.8641698	0.00010212703	0.1357281
928	no_pain	0.9999968	5.143857e-07	2.69533e-06
929	low_pain	0.0007311244	0.83664036	0.1626285
930	low_pain	1.2460035e-07	0.9999996	2.4624487e-07
931	no_pain	0.9999966	6.6473564e-07	2.7173428e-06
932	no_pain	0.999991	4.8950596e-07	8.4522335e-06
933	no_pain	0.99999714	3.8612876e-07	2.4409346e-06
934	no_pain	0.99999416	8.004267e-07	5.052282e-06
935	high_pain	0.16012602	0.0001147832	0.83975923
936	no_pain	0.99999493	3.7297076e-07	4.7064527e-06
937	low_pain	2.6079098e-07	0.99999917	5.2089365e-07
938	no_pain	0.99999666	6.517453e-07	2.6541293e-06
939	no_pain	0.9999956	4.7619014e-07	3.947351e-06
940	no_pain	0.9999955	8.538395e-07	3.6703402e-06
941	no_pain	0.9999971	3.1551662e-07	2.6202881e-06
942	no_pain	0.99999535	8.207431e-07	3.8052644e-06
943	no_pain	0.9999898	1.5631609e-06	8.603066e-06
944	no_pain	0.99999607	5.8288754e-07	3.3623448e-06
945	no_pain	0.9999967	3.402361e-07	2.93183e-06
946	no_pain	0.5775073	8.5851694e-05	0.4224069
947	low_pain	0.14080344	0.8591795	1.7063874e-05
948	no_pain	0.99999386	1.1651788e-06	4.9254327e-06
949	no_pain	0.79362553	0.00021965937	0.2061548
950	no_pain	0.9999955	5.4006995e-07	3.985425e-06
951	no_pain	0.999994	4.0279994e-07	5.62247e-06
952	no_pain	0.9999958	3.8313055e-07	3.7384973e-06
953	no_pain	0.9999967	5.417502e-07	2.7564347e-06
954	no_pain	0.9999942	6.2936317e-07	5.1771995e-06
955	no_pain	0.9999966	6.512528e-07	2.7815206e-06
956	no_pain	0.9999955	8.56493e-07	3.6714514e-06
957	no_pain	0.8580412	0.00010062178	0.14185818
958	no_pain	0.9999938	1.1080367e-06	5.110192e-06
959	no_pain	0.9999938	4.0171284e-07	5.791883e-06
960	high_pain	0.33802184	0.0003994868	0.66157866
961	no_pain	0.9999948	3.7654505e-07	4.8229736e-06
962	no_pain	0.9999968	3.6594096e-07	2.8328125e-06
963	no_pain	0.9999571	2.1811964e-06	4.070174e-05
964	no_pain	0.99998933	1.4017612e-06	9.320219e-06
965	no_pain	0.99999714	3.47248e-07	2.5477004e-06
966	no_pain	0.99999577	5.28367e-07	3.6916529e-06
967	no_pain	0.99999696	3.2833057e-07	2.7523743e-06
968	no_pain	0.99999684	7.2944033e-07	2.4126025e-06
969	high_pain	0.42940846	7.710629e-05	0.57051444
970	no_pain	0.9999953	8.551632e-07	3.8768144e-06
971	no_pain	0.9999946	1.1767419e-06	4.2911743e-06
972	no_pain	0.9999967	5.028378e-07	2.7468102e-06
973	no_pain	0.99999654	3.359416e-07	3.115482e-06
974	no_pain	0.99997854	1.925908e-06	1.953224e-05
975	no_pain	0.9999963	3.4045365e-07	3.328179e-06
976	no_pain	0.7285957	0.2713874	1.6916341e-05
977	no_pain	0.9999967	3.6177337e-07	2.9243008e-06
978	no_pain	0.76283264	0.00018789839	0.23697945
979	no_pain	0.99999523	5.864652e-07	4.2139573e-06
980	no_pain	0.9999968	6.2933356e-07	2.5540046e-06
981	no_pain	0.9999958	1.1772291e-06	2.9465216e-06
982	no_pain	0.9999966	7.5842775e-07	2.6471596e-06
983	low_pain	5.522973e-08	0.9999999	6.2231585e-08
984	no_pain	0.9999965	5.127351e-07	3.0156205e-06
985	no_pain	0.9999867	5.81817e-07	1.2692818e-05
986	low_pain	2.4901658e-07	0.99999934	3.9873157e-07
987	no_pain	0.90413	0.08907817	0.006791853
988	no_pain	0.9999966	8.767623e-07	2.5530785e-06
989	no_pain	0.9999963	5.67358e-07	3.0648823e-06
990	high_pain	0.2858216	2.3156344e-05	0.71415526
991	low_pain	6.514794e-08	0.9999998	1.4347049e-07
992	no_pain	0.9999946	7.3711465e-07	4.710266e-06
993	high_pain	0.13461559	0.00014733282	0.8652371
994	no_pain	0.99999654	6.325253e-07	2.8240422e-06
995	low_pain	0.1427475	0.7320765	0.12517597
996	no_pain	0.9999975	3.9065776e-07	2.1042363e-06
997	low_pain	5.7572777e-07	0.99999803	1.3807401e-06
998	no_pain	0.9999952	6.095517e-07	4.221803e-06
999	no_pain	0.9999965	6.1148677e-07	3.0107342e-06
1000	no_pain	0.99999434	9.881027e-07	4.6887226e-06
1001	no_pain	0.9999967	8.0473e-07	2.4299936e-06
1002	no_pain	0.99999565	9.4968766e-07	3.395852e-06
1003	no_pain	0.99999326	6.454748e-07	6.1059773e-06
1004	no_pain	0.9999972	3.4924443e-07	2.4314083e-06
1005	no_pain	0.99999446	7.524885e-07	4.753092e-06
1006	high_pain	8.762308e-05	9.948309e-06	0.9999024
1007	no_pain	0.999994	7.189374e-07	5.2519817e-06
1008	no_pain	0.9999968	3.5903332e-07	2.862699e-06
1009	no_pain	0.99999636	7.449776e-07	2.897026e-06
1010	no_pain	0.999992	7.5058216e-07	7.226735e-06
1011	high_pain	0.27993685	8.959358e-05	0.7199735
1012	low_pain	4.906818e-07	0.99999875	7.434605e-07
1013	no_pain	0.99999684	5.1628274e-07	2.6593136e-06
1014	no_pain	0.9999971	3.2806085e-07	2.608354e-06
1015	no_pain	0.9999953	5.479304e-07	4.1281723e-06
1016	high_pain	0.28897357	0.00020595548	0.7108205
1017	no_pain	0.99999666	3.2371094e-07	2.9935159e-06
1018	no_pain	0.9999966	6.8356974e-07	2.6945925e-06
1019	no_pain	0.999996	7.522398e-07	3.2676292e-06
1020	no_pain	0.9999961	8.6799895e-07	2.9720916e-06
1021	no_pain	0.99999523	6.4889053e-07	4.1165285e-06
1022	no_pain	0.9999971	3.3915714e-07	2.6040402e-06
1023	no_pain	0.99999416	6.0031033e-07	5.3048857e-06
1024	low_pain	4.1625518e-07	0.99999857	9.855257e-07
1025	no_pain	0.9999963	7.3643423e-07	2.930158e-06
1026	no_pain	0.9998641	2.1621613e-06	0.00013377533
1027	no_pain	0.9999963	7.595564e-07	2.9297855e-06
1028	no_pain	0.9999944	6.874614e-07	4.878439e-06
1029	no_pain	0.9999971	3.1415064e-07	2.632816e-06
1030	low_pain	0.14285596	0.8571429	1.1068621e-06
1031	no_pain	0.7131315	8.487053e-05	0.2867836
1032	no_pain	0.9999942	6.371543e-07	5.1442507e-06
1033	low_pain	2.7004674e-07	0.99999905	6.710913e-07
1034	no_pain	0.999991	1.0641696e-06	7.909006e-06
1035	no_pain	0.9999959	8.5749997e-07	3.1949605e-06
1036	no_pain	0.99999684	5.0743074e-07	2.68136e-06
1037	no_pain	0.99999475	6.4012954e-07	4.592141e-06
1038	low_pain	1.2025215e-07	0.9999996	2.416235e-07
1039	no_pain	0.99999565	5.4066146e-07	3.8043368e-06
1040	high_pain	0.41454482	0.0006311118	0.5848241
1041	no_pain	0.99999243	3.3721803e-06	4.1704966e-06
1042	no_pain	0.999997	3.0594015e-07	2.6931416e-06
1043	no_pain	0.99999475	9.608323e-07	4.282226e-06
1044	no_pain	0.9999965	6.2833766e-07	2.9006546e-06
1045	no_pain	0.99999636	3.5639044e-07	3.2649677e-06
1046	no_pain	0.9999933	1.3968892e-06	5.236194e-06
1047	no_pain	0.999992	4.9621104e-07	7.5127186e-06
1048	no_pain	0.9999958	7.999659e-07	3.3650042e-06
1049	no_pain	0.99999696	3.6682846e-07	2.7097717e-06
1050	no_pain	0.999997	3.3494015e-07	2.706911e-06
1051	no_pain	0.99999636	6.3315605e-07	2.961772e-06
1052	no_pain	0.9999961	7.1370033e-07	3.161346e-06
1053	no_pain	0.9999967	6.7263966e-07	2.5997865e-06
1054	no_pain	0.9999927	2.9618398e-06	4.303172e-06
1055	no_pain	0.9999929	8.051202e-07	6.2665326e-06
1056	no_pain	0.9999905	4.8769607e-07	8.969383e-06
1057	low_pain	1.0822061e-07	0.9999997	2.0538127e-07
1058	no_pain	0.9999965	3.380774e-07	3.1840714e-06
1059	no_pain	0.999991	2.161772e-06	6.8212576e-06
1060	no_pain	0.99999636	3.5390008e-07	3.2650557e-06
1061	low_pain	4.9870152e-08	0.9999999	6.612459e-08
1062	low_pain	0.15149371	0.8484708	3.54687e-05
1063	no_pain	0.99999493	5.7895966e-07	4.5105726e-06
1064	no_pain	0.99999475	6.905304e-07	4.555403e-06
1065	high_pain	0.00030876	0.05683922	0.942852
1066	no_pain	0.9999972	3.493977e-07	2.4357366e-06
1067	no_pain	0.9999959	6.869246e-07	3.4353457e-06
1068	low_pain	6.1204565e-07	0.9999984	1.0103762e-06
1069	no_pain	0.9999959	7.8382874e-07	3.2731166e-06
1070	no_pain	0.99999654	3.7186268e-07	3.1377845e-06
1071	low_pain	3.5323276e-07	0.99999917	4.5501693e-07
1072	no_pain	0.9999967	3.4264752e-07	2.9412017e-06
1073	low_pain	1.1898081e-06	0.9999975	1.3194737e-06
1074	no_pain	0.9999967	7.437491e-07	2.521126e-06
1075	low_pain	4.8191197e-08	0.9999999	5.891103e-08
1076	no_pain	0.99999714	3.0112133e-07	2.6093173e-06
1077	high_pain	0.08313185	0.08702551	0.8298426
1078	low_pain	0.00033468448	0.68578637	0.31387895
1079	no_pain	0.9999963	6.6095294e-07	2.983675e-06
1080	no_pain	0.99999714	3.0909106e-07	2.603331e-06
1081	high_pain	0.16007398	0.0004424559	0.83948356
1082	high_pain	0.00051381224	8.0783306e-05	0.9994054
1083	no_pain	0.9999972	3.78402e-07	2.375756e-06
1084	no_pain	0.9999966	7.1157336e-07	2.744167e-06
1085	no_pain	0.99999416	4.582596e-07	5.411503e-06
1086	no_pain	0.99999726	3.7494402e-07	2.3006962e-06
1087	low_pain	5.1264614e-08	0.9999999	6.436538e-08
1088	no_pain	0.9999949	7.3977805e-07	4.4074877e-06
1089	high_pain	8.1443555e-05	0.00017689471	0.9997417
1090	no_pain	0.9999956	4.8975744e-07	3.9669676e-06
1091	no_pain	0.99549496	1.682019e-05	0.0044881864
1092	no_pain	0.99999577	7.5825614e-07	3.5204641e-06
1093	no_pain	0.99999696	3.4202782e-07	2.7132603e-06
1094	no_pain	0.9999951	6.0929e-07	4.3685186e-06
1095	no_pain	0.99999666	3.2392654e-07	3.023748e-06
1096	no_pain	0.99999744	4.119709e-07	2.1962571e-06
1097	no_pain	0.99999475	6.4633014e-07	4.632703e-06
1098	low_pain	9.992107e-08	0.9999996	2.4973536e-07
1099	no_pain	0.99999624	3.6089497e-07	3.397817e-06
1100	no_pain	0.99999666	6.3550425e-07	2.7276926e-06
1101	no_pain	0.99999666	6.9817526e-07	2.603279e-06
1102	no_pain	0.9999959	7.811367e-07	3.2504468e-06
1103	no_pain	0.76273376	0.00029723003	0.23696907
1104	no_pain	0.9999958	5.6632115e-07	3.5415994e-06
1105	high_pain	0.0020440947	7.269565e-05	0.9978832
1106	high_pain	0.14290538	2.3828765e-05	0.85707074
1107	no_pain	0.9999943	6.538662e-07	5.0597346e-06
1108	no_pain	0.99999386	2.0689192e-06	4.098395e-06
1109	high_pain	0.00017858257	3.22894e-05	0.9997891
1110	no_pain	0.99999654	7.386621e-07	2.712975e-06
1111	high_pain	0.29017553	0.0003933551	0.7094311
1112	no_pain	0.99999624	6.546114e-07	3.06628e-06
1113	no_pain	0.9999956	5.0302805e-07	3.9855445e-06
1114	no_pain	0.99999654	6.393294e-07	2.8285897e-06
1115	low_pain	3.6467281e-07	0.99999875	8.795104e-07
1116	no_pain	0.9999942	9.0176957e-07	4.871536e-06
1117	no_pain	0.99999696	3.2727004e-07	2.7616738e-06
1118	low_pain	8.2583094e-05	0.8492613	0.15065612
1119	no_pain	0.9999966	3.2189087e-07	3.0351196e-06
1120	high_pain	5.776622e-05	8.337177e-06	0.9999339
1121	no_pain	0.9999946	1.0328334e-06	4.449944e-06
1122	high_pain	0.43085465	0.0005811798	0.5685641
1123	no_pain	0.9999966	7.660695e-07	2.624328e-06
1124	no_pain	0.99999654	6.722695e-07	2.794858e-06
1125	no_pain	0.9999959	7.856679e-07	3.3296371e-06
1126	no_pain	0.99999607	7.7718005e-07	3.1262396e-06
1127	low_pain	9.649133e-08	0.99999964	2.4448147e-07
1128	no_pain	0.9999962	5.5265053e-07	3.2038408e-06
1129	no_pain	0.9999959	6.5453975e-07	3.418986e-06
1130	no_pain	0.9999947	1.0013589e-06	4.3145933e-06
1131	no_pain	0.9999962	5.14025e-07	3.3038923e-06
1132	no_pain	0.9999943	6.432348e-07	5.069695e-06
1133	no_pain	0.99999654	3.278729e-07	3.1625368e-06
1134	low_pain	0.00013260107	0.5701023	0.42976514
1135	no_pain	0.9999946	4.816373e-07	4.9596006e-06
1136	no_pain	0.99999636	7.558917e-07	2.841303e-06
1137	no_pain	0.99999684	3.575656e-07	2.7697263e-06
1138	no_pain	0.9999967	6.934957e-07	2.535457e-06
1139	no_pain	0.9999938	1.340329e-06	4.8737993e-06
1140	high_pain	0.00016046701	2.077604e-05	0.9998188
1141	no_pain	0.9999951	4.0052606e-07	4.574205e-06
1142	no_pain	0.97381735	0.00019042964	0.025992263
1143	no_pain	0.99999714	3.6353057e-07	2.5084134e-06
1144	no_pain	0.99999493	3.7050725e-07	4.700785e-06
1145	no_pain	0.99999475	3.7726528e-07	4.8800853e-06
1146	low_pain	0.0006947898	0.8760435	0.1232617
1147	no_pain	0.999997	3.6324587e-07	2.6583045e-06
1148	no_pain	0.99999475	6.632468e-07	4.5973065e-06
1149	no_pain	0.9999962	3.6034362e-07	3.4334425e-06
1150	no_pain	0.8632086	0.010506084	0.12628533
1151	low_pain	4.9591694e-07	0.9999985	9.802815e-07
1152	low_pain	0.14285403	0.85714036	5.6524377e-06
1153	no_pain	0.99999684	7.3746133e-07	2.3700502e-06
1154	no_pain	0.9999963	9.112519e-07	2.7571489e-06
1155	low_pain	0.2920863	0.707851	6.2724925e-05
1156	high_pain	0.00014268451	2.1940026e-05	0.9998354
1157	no_pain	0.9999966	6.4608304e-07	2.8053469e-06
1158	no_pain	0.9999967	3.6497823e-07	2.912977e-06
1159	low_pain	2.6601384e-07	0.99999934	4.662749e-07
1160	no_pain	0.99999183	1.2568752e-06	6.955004e-06
1161	no_pain	0.99999565	5.6376535e-07	3.7399561e-06
1162	no_pain	0.99999493	1.0537202e-06	3.9910765e-06
1163	no_pain	0.9999968	7.4069106e-07	2.483999e-06
1164	low_pain	0.14303222	0.85693264	3.5093755e-05
1165	no_pain	0.9999949	1.1137603e-06	3.966074e-06
1166	low_pain	2.020965e-07	0.99999946	3.621374e-07
1167	no_pain	0.9999966	8.020348e-07	2.6444063e-06
1168	low_pain	3.4622988e-07	0.9999991	5.736937e-07
1169	no_pain	0.99999523	3.6582296e-07	4.4123267e-06
1170	no_pain	0.99999696	3.3047075e-07	2.7588394e-06
1171	no_pain	0.9999962	3.9943416e-07	3.4280763e-06
1172	no_pain	0.99999577	1.0785053e-06	3.111012e-06
1173	no_pain	0.9999695	1.9851884e-06	2.853954e-05
1174	low_pain	0.28492907	0.7150574	1.3608883e-05
1175	no_pain	0.9999968	5.032238e-07	2.7211524e-06
1176	no_pain	0.99999636	6.937026e-07	2.9211565e-06
1177	no_pain	0.9999962	9.1152225e-07	2.8548293e-06
1178	no_pain	0.99999493	6.1061917e-07	4.42737e-06
1179	low_pain	6.858733e-08	0.9999999	9.0765134e-08
1180	no_pain	0.97154444	0.028306125	0.00014938958
1181	no_pain	0.9999966	3.2114158e-07	3.0901335e-06
1182	no_pain	0.99998844	5.8871456e-07	1.1014805e-05
1183	no_pain	0.99999464	1.3330971e-06	4.0354194e-06
1184	no_pain	0.9999959	8.2239677e-07	3.2746593e-06
1185	low_pain	1.8300681e-05	0.9996633	0.00031842475
1186	high_pain	0.00023286883	4.2534037e-05	0.99972457
1187	no_pain	0.99999714	3.1236732e-07	2.6084667e-06
1188	no_pain	0.9999967	5.411768e-07	2.7338594e-06
1189	no_pain	0.99999577	7.170337e-07	3.5416763e-06
1190	high_pain	0.005392615	0.010301904	0.9843055
1191	no_pain	0.9999968	6.90033e-07	2.541978e-06
1192	no_pain	0.9999963	3.4403868e-07	3.2946912e-06
1193	no_pain	0.9999956	9.468063e-07	3.4930297e-06
1194	high_pain	0.002717947	0.13594033	0.8613418
1195	no_pain	0.99999535	5.407181e-07	4.04613e-06
1196	no_pain	0.99999684	7.167882e-07	2.451376e-06
1197	high_pain	0.28771967	0.001673394	0.710607
1198	no_pain	0.6540207	0.00013494295	0.3458443
1199	no_pain	0.9999967	3.8894115e-07	2.8509105e-06
1200	no_pain	0.9999895	6.2437553e-06	4.2174565e-06
1201	no_pain	0.9999972	3.4347843e-07	2.4540234e-06
1202	no_pain	0.9997889	4.533357e-06	0.00020656448
1203	no_pain	0.9999972	3.1738696e-07	2.491388e-06
1204	no_pain	0.9999951	8.8497825e-07	3.998801e-06
1205	no_pain	0.99999696	2.9826762e-07	2.7219799e-06
1206	no_pain	0.99999607	8.845108e-07	3.1088198e-06
1207	no_pain	0.99999577	4.6373455e-07	3.7639552e-06
1208	no_pain	0.9999968	4.9848603e-07	2.7027575e-06
1209	low_pain	1.5186468e-07	0.9999995	3.160065e-07
1210	high_pain	0.00034811575	0.107564755	0.8920871
1211	low_pain	0.153371	0.7435678	0.10306121
1212	no_pain	0.99999577	3.986658e-07	3.7963775e-06
1213	no_pain	0.9999966	3.2852603e-07	3.0983513e-06
1214	no_pain	0.99999535	5.524879e-07	4.060109e-06
1215	no_pain	0.99999386	9.94514e-07	5.0742115e-06
1216	no_pain	0.9999966	6.2813325e-07	2.7582166e-06
1217	no_pain	0.9999963	3.4936463e-07	3.3505623e-06
1218	high_pain	0.14020006	0.00018104818	0.85961884
1219	no_pain	0.99999577	6.368508e-07	3.6259178e-06
1220	high_pain	0.0005404292	6.364063e-05	0.9993959
1221	no_pain	0.99999654	3.6203457e-07	3.1421537e-06
1222	no_pain	0.99999493	9.1042955e-07	4.139237e-06
1223	low_pain	8.66267e-07	0.9999981	1.0905444e-06
1224	no_pain	0.99997854	7.2924463e-06	1.4148944e-05
1225	no_pain	0.99999505	9.754343e-07	3.9947613e-06
1226	low_pain	9.2236355e-08	0.99999964	2.0297169e-07
1227	no_pain	0.9999968	3.6762336e-07	2.8649774e-06
1228	no_pain	0.99999684	6.6005407e-07	2.4438864e-06
1229	no_pain	0.999997	3.1817999e-07	2.6629903e-06
1230	no_pain	0.9999967	3.446284e-07	2.9359512e-06
1231	high_pain	0.034320872	0.00049217656	0.96518695
1232	no_pain	0.59141165	0.00046341444	0.40812492
1233	no_pain	0.999997	3.3925863e-07	2.7015697e-06
1234	high_pain	0.0006145265	0.15468708	0.84469837
1235	low_pain	1.997698e-07	0.99999934	4.7526302e-07
1236	low_pain	4.0660535e-07	0.9999991	4.8645904e-07
1237	low_pain	0.14278442	0.71437246	0.14284317
1238	low_pain	0.0007126989	0.5850634	0.41422388
1239	no_pain	0.9999946	6.413762e-07	4.836677e-06
1240	no_pain	0.99999464	4.101908e-07	4.94401e-06
1241	no_pain	0.999994	6.5129564e-07	5.383899e-06
1242	no_pain	0.99999624	6.009217e-07	3.160057e-06
1243	no_pain	0.9999959	5.6093256e-07	3.4874477e-06
1244	low_pain	1.1420534e-05	0.8571382	0.14285034
1245	no_pain	0.99999535	8.567257e-07	3.7303273e-06
1246	low_pain	2.6798315e-07	0.9999992	4.982234e-07
1247	high_pain	0.13309024	0.14532006	0.7215897
1248	high_pain	0.2806655	0.00027536068	0.7190591
1249	no_pain	0.9999466	2.5844806e-06	5.0843777e-05
1250	no_pain	0.9999966	7.037479e-07	2.6813964e-06
1251	no_pain	0.9999962	3.217495e-07	3.5102696e-06
1252	high_pain	0.00010716846	1.10085375e-05	0.9998818
1253	no_pain	0.9999967	5.3070204e-07	2.7416577e-06
1254	low_pain	4.111528e-08	0.9999999	5.038996e-08
1255	no_pain	0.9999774	2.114453e-06	2.048833e-05
1256	no_pain	0.99999684	6.835274e-07	2.4195665e-06
1257	no_pain	0.99999684	3.8344174e-07	2.717886e-06
1258	no_pain	0.99999684	3.5299803e-07	2.8038958e-06
1259	no_pain	0.9999938	9.2040665e-07	5.28458e-06
1260	low_pain	3.1808693e-07	0.9999991	5.8219405e-07
1261	no_pain	0.9999965	3.1163768e-07	3.1987688e-06
1262	no_pain	0.9999941	4.2478362e-07	5.4772277e-06
1263	no_pain	0.99999505	5.749312e-07	4.398142e-06
1264	no_pain	0.9999947	6.149142e-07	4.714605e-06
1265	no_pain	0.9999965	3.2470115e-07	3.1829773e-06
1266	high_pain	0.18069626	0.00020588444	0.8190979
1267	no_pain	0.99999523	9.449291e-07	3.835415e-06
1268	low_pain	4.8421633e-08	0.9999999	5.6484442e-08
1269	no_pain	0.9999966	6.9032313e-07	2.7086758e-06
1270	no_pain	0.9999955	4.768797e-07	4.0402124e-06
1271	no_pain	0.9999968	3.3774998e-07	2.8437114e-06
1272	no_pain	0.9999962	5.899713e-07	3.2326764e-06
1273	no_pain	0.9999966	3.8154752e-07	3.0484964e-06
1274	no_pain	0.99999696	3.7360948e-07	2.6521795e-06
1275	no_pain	0.9999963	6.672508e-07	2.9918806e-06
1276	no_pain	0.9999971	3.3445352e-07	2.599223e-06
1277	no_pain	0.999996	6.5177903e-07	3.3698202e-06
1278	no_pain	0.99999666	3.3752977e-07	3.0043989e-06
1279	no_pain	0.99999726	3.781964e-07	2.3652537e-06
1280	no_pain	0.9999948	1.2406191e-06	3.9882625e-06
1281	no_pain	0.999997	3.2074578e-07	2.6686878e-06
1282	high_pain	0.00014623847	2.379409e-05	0.99982995
1283	no_pain	0.99999416	4.0098416e-07	5.4511297e-06
1284	no_pain	0.9999936	4.3914608e-07	5.922583e-06
1285	no_pain	0.999996	8.924353e-07	3.1020447e-06
1286	no_pain	0.99999636	7.8588494e-07	2.8192662e-06
1287	no_pain	0.9999967	3.8282224e-07	2.8896209e-06
1288	high_pain	0.00015071958	1.958062e-05	0.9998297
1289	no_pain	0.999997	3.6342558e-07	2.639064e-06
1290	no_pain	0.99999666	7.0120814e-07	2.602252e-06
1291	no_pain	0.9995493	1.0794887e-05	0.000439824
1292	no_pain	0.99999577	8.705907e-07	3.3479685e-06
1293	low_pain	0.00021277842	0.5649951	0.43479207
1294	no_pain	0.9999951	4.2654034e-07	4.452351e-06
1295	low_pain	2.5692094e-07	0.99999934	4.2633815e-07
1296	no_pain	0.99999654	8.0129587e-07	2.6676369e-06
1297	no_pain	0.99999666	3.9990377e-07	2.9478651e-06
1298	no_pain	0.9999957	1.2930077e-06	2.9868042e-06
1299	no_pain	0.99999696	3.2935841e-07	2.7620924e-06
1300	low_pain	3.5264128e-07	0.99999917	5.1506134e-07
1301	no_pain	0.9999953	6.3559395e-07	4.0983573e-06
1302	no_pain	0.9999941	6.3209063e-07	5.278227e-06
1303	no_pain	0.99999714	3.5027463e-07	2.521219e-06
1304	no_pain	0.99999535	3.6209005e-07	4.2909496e-06
1305	no_pain	0.99999607	8.4000254e-07	3.1081943e-06
1306	no_pain	0.9999965	3.3211558e-07	3.1797874e-06
1307	no_pain	0.999996	9.806962e-07	3.0128197e-06
1308	no_pain	0.99999464	5.938768e-07	4.783355e-06
1309	low_pain	3.5261323e-06	0.99999005	6.4473097e-06
1310	no_pain	0.9999958	4.582791e-07	3.6904125e-06
1311	high_pain	0.00027372054	4.3621745e-05	0.9996826
1312	no_pain	0.8532634	0.1458074	0.0009292687
1313	no_pain	0.9999961	6.880137e-07	3.2298628e-06
1314	no_pain	0.9999962	7.617897e-07	3.1094708e-06
1315	low_pain	4.441486e-08	0.9999999	5.0077933e-08
1316	no_pain	0.8780223	7.3943884e-05	0.1219037
1317	no_pain	0.9999951	1.0936557e-06	3.8254357e-06
1318	low_pain	4.966941e-08	0.9999999	5.518599e-08
1319	no_pain	0.99999416	6.8344553e-07	5.1597517e-06
1320	no_pain	0.9999967	3.918522e-07	2.8689406e-06
1321	no_pain	0.9999967	5.4448753e-07	2.705756e-06
1322	no_pain	0.9999971	3.150855e-07	2.590306e-06
1323	no_pain	0.9999947	6.1854837e-07	4.749038e-06
