sample_index	label	no_pain	low_pain	high_pain
000	no_pain	0.9999996	7.086304e-08	3.649387e-07
001	no_pain	0.9999997	3.0608522e-08	3.2863753e-07
002	no_pain	0.99999076	1.5136858e-07	9.101438e-06
003	no_pain	0.9999963	1.0028943e-07	3.566766e-06
004	no_pain	0.99999857	4.411275e-08	1.4465469e-06
005	high_pain	0.15359667	1.5702126e-05	0.8463877
006	no_pain	0.9944321	2.9173148e-06	0.0055649844
007	no_pain	0.99999946	5.6043493e-08	4.7474856e-07
008	no_pain	0.999992	1.4364956e-07	7.8096e-06
009	no_pain	0.9999996	7.036594e-08	3.1303344e-07
010	no_pain	0.99999946	9.344302e-08	4.382031e-07
011	no_pain	0.9999985	7.103821e-08	1.416074e-06
012	no_pain	0.9999997	3.3659855e-08	3.2631684e-07
013	no_pain	0.9999992	3.0526593e-08	7.2607736e-07
014	no_pain	0.99999964	2.9202253e-08	3.6998972e-07
015	no_pain	0.9995698	1.4125264e-06	0.00042880463
016	low_pain	3.520209e-07	0.99999917	4.3517215e-07
017	no_pain	0.99999905	3.96252e-08	9.492889e-07
018	low_pain	2.1043543e-05	0.8561759	0.14380302
019	no_pain	0.99999756	5.7900277e-08	2.4285544e-06
020	no_pain	0.9999996	4.296439e-08	4.5112802e-07
021	no_pain	0.9999996	3.7951573e-08	3.7489357e-07
022	no_pain	0.56672215	5.084987e-06	0.43327275
023	low_pain	1.7775928e-07	0.9999995	2.852423e-07
024	no_pain	0.9778185	6.9322227e-06	0.02217454
025	no_pain	0.9999977	4.932989e-08	2.3531413e-06
026	low_pain	2.9301404e-07	0.99999934	3.7970085e-07
027	no_pain	0.9999994	4.653641e-08	6.0173926e-07
028	no_pain	0.9999997	3.809975e-08	3.3817284e-07
029	no_pain	0.99999964	5.6746295e-08	3.2407976e-07
030	no_pain	0.9999995	5.459021e-08	4.5304077e-07
031	no_pain	0.9999997	3.4258978e-08	2.8385597e-07
032	no_pain	0.9999997	4.266099e-08	3.1646576e-07
033	no_pain	0.9999985	3.125323e-07	1.1790983e-06
034	no_pain	0.9999997	3.3840344e-08	3.297139e-07
035	no_pain	0.99999964	3.555988e-08	3.399284e-07
036	low_pain	2.180207e-07	0.99999946	3.0145523e-07
037	no_pain	0.69915265	1.6414273e-05	0.30083093
038	no_pain	0.9999994	2.3001368e-08	5.7553973e-07
039	no_pain	0.9999997	3.89741e-08	2.90894e-07
040	no_pain	0.9665655	8.684492e-06	0.03342584
041	low_pain	1.6147816e-06	0.99999756	8.4449283e-07
042	low_pain	5.268173e-07	0.99999875	6.809065e-07
043	low_pain	5.507152e-05	0.99993974	5.193371e-06
044	no_pain	0.9999994	4.6413e-08	5.7748997e-07
045	high_pain	0.14339043	2.4431708e-06	0.8566071
046	high_pain	8.3343375e-06	1.160871e-06	0.9999905
047	no_pain	0.99999964	3.799703e-08	3.4191478e-07
048	no_pain	0.9999994	4.8252524e-08	5.934531e-07
049	high_pain	7.827617e-06	1.1429371e-06	0.999991
050	high_pain	0.003823872	4.362911e-05	0.9961325
051	no_pain	0.9999986	6.700456e-08	1.2669358e-06
052	low_pain	7.298868e-07	0.99999845	8.291217e-07
053	no_pain	0.54615945	0.4538088	3.176554e-05
054	no_pain	0.99999917	4.974092e-08	7.9555855e-07
055	no_pain	0.99052095	1.1709761e-06	0.009477869
056	no_pain	0.99999964	4.0462947e-08	3.437938e-07
057	no_pain	0.9999992	1.1459338e-07	6.4651033e-07
058	no_pain	0.9999997	3.9454854e-08	2.8906325e-07
059	no_pain	0.9999997	4.3832724e-08	2.9594133e-07
060	high_pain	0.44898182	2.785226e-05	0.5509903
061	no_pain	0.99999964	3.4646263e-08	3.6013677e-07
062	no_pain	0.9999996	2.3958822e-08	4.136353e-07
063	no_pain	0.9999997	3.4319623e-08	3.3035514e-07
064	no_pain	0.9999949	1.2932797e-07	4.917955e-06
065	no_pain	0.99999607	5.4185755e-08	3.9373685e-06
066	no_pain	0.99998134	3.2498247e-07	1.832098e-05
067	no_pain	0.9999996	2.459011e-08	4.012141e-07
068	no_pain	0.983436	8.740585e-06	0.016555322
069	no_pain	0.9999996	4.436135e-08	4.3766414e-07
070	no_pain	0.99999946	1.06854046e-07	4.4565124e-07
071	low_pain	0.2857999	0.71418685	1.3244862e-05
072	no_pain	0.9999992	6.143501e-08	6.593758e-07
073	high_pain	0.3842962	1.7354347e-05	0.6156865
074	no_pain	0.99999666	5.125503e-08	3.2981677e-06
075	no_pain	0.9999996	4.739411e-08	3.9269872e-07
076	no_pain	0.9999983	3.9453447e-08	1.683535e-06
077	no_pain	0.99999744	5.4489114e-08	2.5319782e-06
078	no_pain	0.99999964	5.335648e-08	2.7979098e-07
079	no_pain	0.9999997	4.3663242e-08	3.1403715e-07
080	high_pain	0.28548512	1.7912919e-06	0.7145131
081	high_pain	0.1428944	1.922564e-06	0.8571037
082	no_pain	0.5203709	1.0569906e-05	0.47961852
083	no_pain	0.9999917	6.085822e-08	8.2121e-06
084	no_pain	0.99999946	8.900588e-08	4.3000273e-07
085	no_pain	0.99999964	4.673992e-08	3.676696e-07
086	no_pain	0.9999986	4.5416936e-08	1.3874843e-06
087	low_pain	0.4285743	0.5714249	7.660825e-07
088	no_pain	0.9999996	9.1958e-08	3.0041016e-07
089	no_pain	0.9999994	4.950818e-08	6.002668e-07
090	no_pain	0.9996458	1.5059305e-06	0.0003526387
091	no_pain	0.9999997	3.926013e-08	3.3859968e-07
092	no_pain	0.99999946	8.0487474e-08	4.3920681e-07
093	low_pain	4.2998767e-07	0.9999991	4.4755805e-07
094	no_pain	0.9999976	5.1429e-08	2.370817e-06
095	no_pain	0.9999989	1.7352042e-07	8.790903e-07
096	no_pain	0.9999997	3.326335e-08	3.0452244e-07
097	high_pain	0.14288935	1.5207054e-06	0.8571091
098	high_pain	0.0002474497	2.8875795e-06	0.9997497
099	low_pain	0.040789787	0.95902973	0.00018052557
100	no_pain	0.9999994	5.6398452e-08	5.608845e-07
101	no_pain	0.99999946	5.542759e-08	4.875654e-07
102	low_pain	4.953661e-07	0.99999905	4.2329026e-07
103	low_pain	0.14549534	0.8544804	2.4230452e-05
104	no_pain	0.99999624	1.1654483e-07	3.6612794e-06
105	no_pain	0.8550758	1.197611e-06	0.14492306
106	high_pain	0.0009230633	2.391499e-05	0.99905306
107	no_pain	0.99999964	2.9715393e-08	3.3146912e-07
108	no_pain	0.99999946	8.431611e-08	4.84772e-07
109	no_pain	0.9999996	4.296094e-08	4.5716303e-07
110	no_pain	0.9999996	7.635255e-08	3.0042636e-07
111	no_pain	0.9999995	3.5312947e-08	5.081089e-07
112	no_pain	0.57128996	0.42869774	1.2327456e-05
113	no_pain	0.9999994	5.4919173e-08	5.793634e-07
114	no_pain	0.9999997	4.5194714e-08	3.1172652e-07
115	high_pain	0.14305805	9.743341e-06	0.8569322
116	no_pain	0.9999985	3.9130754e-08	1.5242136e-06
117	high_pain	9.47975e-06	1.047412e-06	0.99998945
118	high_pain	0.1433413	6.7615847e-06	0.8566519
119	no_pain	0.9999997	3.3739862e-08	3.324887e-07
120	no_pain	0.99999565	1.1130836e-07	4.250873e-06
121	no_pain	0.99999946	4.982169e-08	5.408668e-07
122	no_pain	0.9999989	5.4257892e-08	1.0935479e-06
123	no_pain	0.9999996	4.982868e-08	4.566803e-07
124	no_pain	0.856347	5.457035e-07	0.14365245
125	no_pain	0.99999726	5.5373373e-08	2.702249e-06
126	no_pain	0.9999997	3.385581e-08	3.2557546e-07
127	no_pain	0.99999964	3.1734455e-08	3.2622438e-07
128	no_pain	0.99999946	5.2134936e-08	5.509043e-07
129	no_pain	0.9999994	6.479861e-08	5.0662095e-07
130	no_pain	0.9999995	5.473518e-08	4.688759e-07
131	no_pain	0.9999996	4.9141267e-08	4.426101e-07
132	no_pain	0.9999996	6.5385706e-08	3.1469563e-07
133	no_pain	0.9999987	4.6687457e-08	1.31993e-06
134	no_pain	0.99999917	7.625258e-08	7.249097e-07
135	no_pain	0.99999845	6.7732465e-08	1.5084258e-06
136	low_pain	6.930098e-07	0.99999464	4.677574e-06
137	high_pain	0.14323902	2.694788e-06	0.8567583
138	no_pain	0.9999997	4.5374083e-08	3.1551136e-07
139	no_pain	0.9999932	4.491477e-06	2.2819675e-06
140	no_pain	0.99999934	3.1143397e-08	6.993126e-07
141	no_pain	0.9999995	5.8027123e-08	4.555271e-07
142	no_pain	0.99164575	4.6792966e-06	0.008349606
143	no_pain	0.9999985	5.2964253e-08	1.4335558e-06
144	no_pain	0.57103527	2.5081717e-06	0.42896223
145	no_pain	0.99999946	5.822945e-08	4.4169002e-07
146	low_pain	0.0010219656	0.99896437	1.3686249e-05
147	no_pain	0.9999992	5.8325707e-08	6.8881843e-07
148	low_pain	2.574015e-07	0.99999946	2.9021496e-07
149	no_pain	0.9999996	3.4350297e-08	4.0962504e-07
150	no_pain	0.9999994	4.8004477e-08	6.031824e-07
151	no_pain	0.9999991	3.1908208e-08	9.0115446e-07
152	no_pain	0.999999	1.1456742e-07	8.997914e-07
153	no_pain	0.9999997	3.145507e-08	3.318949e-07
154	no_pain	0.9999984	7.296059e-08	1.5942703e-06
155	no_pain	0.99999076	1.651201e-07	9.158422e-06
156	no_pain	0.5742056	1.5954118e-05	0.42577845
157	no_pain	0.99999946	2.3548347e-08	5.8927355e-07
158	no_pain	0.9999996	6.4136835e-08	3.1697616e-07
159	no_pain	0.9999824	1.0960533e-07	1.750131e-05
160	low_pain	0.017530672	0.9824274	4.1934025e-05
161	no_pain	0.99999934	2.8392938e-08	6.3981355e-07
162	no_pain	0.99999845	6.8204066e-08	1.4794949e-06
163	no_pain	0.9999994	3.393646e-08	5.933872e-07
164	no_pain	0.99999946	2.4276705e-08	5.4034024e-07
165	low_pain	0.00026975115	0.99844724	0.0012830367
166	no_pain	0.9999994	2.8026237e-08	6.1411436e-07
167	no_pain	0.9999994	4.1625924e-08	6.2763047e-07
168	no_pain	0.9999994	5.580401e-08	6.3163554e-07
169	no_pain	0.99999946	5.0564456e-08	5.051637e-07
170	no_pain	0.57114834	0.42884654	5.1374727e-06
171	low_pain	6.5139625e-06	0.99999225	1.2288144e-06
172	no_pain	0.9999997	3.467905e-08	2.8784078e-07
173	no_pain	0.9999991	3.6673885e-08	8.9851375e-07
174	no_pain	0.9999979	1.07179126e-07	2.0035786e-06
175	high_pain	0.14234902	0.115913704	0.7417373
176	no_pain	0.99999726	4.3501952e-08	2.7246895e-06
177	no_pain	0.99999964	3.6429615e-08	3.5273789e-07
178	no_pain	0.99999964	3.1482355e-08	3.3866905e-07
179	no_pain	0.99999964	3.261358e-08	3.3963792e-07
180	no_pain	0.99999934	1.3584756e-07	5.0510874e-07
181	no_pain	0.9999989	4.7804416e-08	1.0311294e-06
182	no_pain	0.99999106	7.281439e-08	8.893788e-06
183	no_pain	0.99999905	8.178498e-08	8.64728e-07
184	no_pain	0.9137377	0.083510734	0.0027515981
185	no_pain	0.9455596	3.728205e-06	0.05443666
186	no_pain	0.57115316	1.8778018e-06	0.42884493
187	no_pain	0.9999997	4.3441826e-08	3.226555e-07
188	no_pain	0.6131157	2.2308623e-05	0.38686195
189	high_pain	1.4521123e-05	1.556787e-06	0.9999839
190	no_pain	0.9999991	8.212971e-08	8.3422987e-07
191	high_pain	1.3384604e-05	1.4601048e-06	0.99998516
192	no_pain	0.999998	4.480909e-08	2.0614393e-06
193	no_pain	0.99999946	1.0715404e-07	4.0822144e-07
194	no_pain	0.99999946	7.32472e-08	4.3375013e-07
195	no_pain	0.9999992	7.043494e-08	7.02863e-07
196	no_pain	0.99999905	5.5598033e-08	9.0748705e-07
197	no_pain	0.99999917	2.6037625e-07	5.535554e-07
198	low_pain	3.1747723e-07	0.9999994	3.0883808e-07
199	no_pain	0.9999986	5.1920157e-08	1.3234682e-06
200	no_pain	0.99999917	5.9120136e-08	7.324027e-07
201	high_pain	0.45250612	1.408538e-05	0.54747975
202	low_pain	8.822514e-07	0.99998754	1.1562642e-05
203	low_pain	4.32591e-06	0.999991	4.703295e-06
204	no_pain	0.9999997	3.7782197e-08	3.383191e-07
205	no_pain	0.99999887	6.6048436e-08	1.0846979e-06
206	low_pain	0.00018713051	0.99980277	1.0060828e-05
207	no_pain	0.9999973	8.65276e-08	2.5838733e-06
208	no_pain	0.9999984	4.5094538e-08	1.6681236e-06
209	no_pain	0.9999997	4.5156302e-08	2.746878e-07
210	no_pain	0.99999917	6.781567e-08	7.43246e-07
211	no_pain	0.9999994	3.727833e-08	6.3666545e-07
212	no_pain	0.99999946	5.0360416e-08	4.868168e-07
213	no_pain	0.99999964	4.2290065e-08	3.4750414e-07
214	low_pain	4.2041293e-07	0.9999991	4.6281602e-07
215	no_pain	0.9999996	6.2247636e-08	3.143114e-07
216	no_pain	0.99999875	4.9442786e-08	1.2306999e-06
217	no_pain	0.9999997	3.3392087e-08	2.8597262e-07
218	no_pain	0.9999983	5.5239802e-08	1.6550566e-06
219	no_pain	0.9999927	5.8155887e-08	7.216283e-06
220	high_pain	0.14245644	0.15043834	0.7071052
221	no_pain	0.9999977	6.026702e-08	2.2492845e-06
222	low_pain	0.1426199	0.85734004	4.006562e-05
223	no_pain	0.999999	1.16381024e-07	9.503011e-07
224	no_pain	0.99999624	1.0276626e-07	3.6624137e-06
225	no_pain	0.99999946	8.098326e-08	4.2895797e-07
226	no_pain	0.9999981	3.0941052e-07	1.6040166e-06
227	no_pain	0.99999964	3.5363417e-08	3.4811052e-07
228	no_pain	0.9999997	2.9787575e-08	3.3537862e-07
229	no_pain	0.9999989	4.7948134e-08	1.0700736e-06
230	no_pain	0.9999997	4.994261e-08	3.244149e-07
231	no_pain	0.99999934	4.9669886e-08	6.6697925e-07
232	no_pain	0.9999995	4.5450502e-08	4.581797e-07
233	no_pain	0.9999992	5.321388e-08	6.8390045e-07
234	no_pain	0.9999997	2.8075231e-08	3.1723783e-07
235	no_pain	0.99999917	6.469338e-08	7.4715643e-07
236	no_pain	0.9999985	3.9508873e-08	1.4920043e-06
237	no_pain	0.99999934	2.8102907e-08	6.2025055e-07
238	high_pain	0.14287484	9.164408e-06	0.85711604
239	no_pain	0.9999984	3.7280707e-08	1.6339218e-06
240	no_pain	0.9999992	4.5489873e-08	7.478381e-07
241	no_pain	0.99999696	5.552931e-08	3.0240662e-06
242	no_pain	0.9999996	4.1293507e-08	3.957889e-07
243	no_pain	0.99999964	3.4603932e-08	3.379162e-07
244	no_pain	0.9999951	6.54927e-08	4.8527886e-06
245	no_pain	0.99999946	1.1018131e-07	4.5029083e-07
246	no_pain	0.9999989	6.1407626e-08	1.0415775e-06
247	no_pain	0.99999946	4.7938432e-08	5.8687675e-07
248	no_pain	0.9999989	5.1324893e-08	1.0666498e-06
249	no_pain	0.9999997	3.9064243e-08	3.392989e-07
250	no_pain	0.999998	2.6457766e-08	2.0983664e-06
251	low_pain	1.5504285e-05	0.99882907	0.0011554316
252	no_pain	0.9999996	5.565804e-08	3.7481172e-07
253	no_pain	0.9999997	3.4078052e-08	3.290033e-07
254	no_pain	0.99999917	3.7451564e-08	8.0182747e-07
255	no_pain	0.999997	8.592324e-08	2.9266896e-06
256	no_pain	0.9999996	4.1918554e-08	4.5910159e-07
257	high_pain	0.42858902	1.280126e-06	0.57140976
258	no_pain	0.87336457	5.688676e-06	0.12662973
259	no_pain	0.99999875	7.068685e-08	1.1465914e-06
260	no_pain	0.9999997	2.819959e-08	3.1424742e-07
261	high_pain	2.539831e-05	1.0299309e-06	0.9999736
262	no_pain	0.99998826	8.580274e-08	1.168446e-05
263	no_pain	0.9999995	5.9330805e-08	4.581881e-07
264	no_pain	0.9999981	3.940863e-08	1.8877715e-06
265	no_pain	0.9999996	4.4137543e-08	4.6132845e-07
266	high_pain	1.2034726e-05	1.5053173e-06	0.99998647
267	no_pain	0.99999946	4.4996657e-08	5.5459896e-07
268	high_pain	0.14300525	8.519825e-06	0.8569862
269	no_pain	0.99963707	5.203265e-07	0.00036237293
270	low_pain	5.638227e-06	0.99975336	0.0002409916
271	no_pain	0.9999996	9.194463e-08	2.926997e-07
272	low_pain	2.9173185e-07	0.9999992	4.6748914e-07
273	low_pain	0.03855258	0.9613797	6.7679386e-05
274	no_pain	0.99999917	3.026101e-08	7.6769135e-07
275	no_pain	0.99999917	7.319766e-08	7.0425324e-07
276	no_pain	0.8621456	2.7572307e-06	0.1378516
277	no_pain	0.8572666	2.1243354e-06	0.14273128
278	no_pain	0.9999997	3.9144684e-08	2.8508157e-07
279	no_pain	0.9999994	1.4119915e-07	4.700167e-07
280	no_pain	0.9999994	3.8830244e-08	5.9989026e-07
281	no_pain	0.9999972	5.68651e-08	2.735949e-06
282	no_pain	0.9999995	5.447968e-08	4.501609e-07
283	no_pain	0.9999985	4.6609026e-07	1.0562824e-06
284	no_pain	0.99999946	4.4692847e-08	5.068718e-07
285	no_pain	0.99999946	5.9687025e-08	4.6592777e-07
286	no_pain	0.99999946	1.1757863e-07	4.6321207e-07
287	low_pain	4.474282e-07	0.9999992	3.3913952e-07
288	no_pain	0.99999964	2.830419e-08	3.5048694e-07
289	no_pain	0.9999997	3.3067106e-08	3.3964014e-07
290	no_pain	0.9999898	1.8105497e-07	1.0049202e-05
291	low_pain	1.8450542e-07	0.9999995	3.0193186e-07
292	no_pain	0.99999875	3.5365474e-08	1.1617378e-06
293	no_pain	0.99999946	4.4944983e-08	5.2589326e-07
294	low_pain	0.13439043	0.865367	0.00024253243
295	no_pain	0.99999946	4.5743878e-08	4.863801e-07
296	no_pain	0.99999917	3.151654e-08	8.00423e-07
297	no_pain	0.9999996	5.028961e-08	4.2939786e-07
298	no_pain	0.9999979	4.408749e-08	2.1049177e-06
299	no_pain	0.9999978	6.49586e-08	2.1820167e-06
300	high_pain	0.00015141141	0.2819773	0.71787125
301	no_pain	0.99999946	4.591226e-08	5.3286675e-07
302	low_pain	5.3815697e-06	0.99968916	0.00030542855
303	no_pain	0.99999934	1.0513975e-07	5.272404e-07
304	no_pain	0.99999946	5.208953e-08	5.360922e-07
305	no_pain	0.9999996	2.613728e-08	4.3063415e-07
306	no_pain	0.99999946	4.3832724e-08	5.724592e-07
307	no_pain	0.9999997	4.50774e-08	3.2793227e-07
308	low_pain	0.14285755	0.8571412	1.2431283e-06
309	no_pain	0.9999997	4.648758e-08	2.9664827e-07
310	no_pain	0.9999996	4.5984603e-08	4.394408e-07
311	no_pain	0.9999996	6.21311e-08	3.0631492e-07
312	no_pain	0.99999857	7.702372e-08	1.3254884e-06
313	no_pain	0.9999981	3.0176604e-08	1.9015594e-06
314	no_pain	0.9999996	6.710504e-08	3.203156e-07
315	no_pain	0.9999987	9.200064e-08	1.1671846e-06
316	no_pain	0.99999946	3.6448416e-08	5.5581455e-07
317	no_pain	0.99999124	1.7558777e-07	8.592031e-06
318	no_pain	0.9999997	3.1809623e-08	3.3606653e-07
319	high_pain	7.5669736e-06	1.199842e-06	0.9999913
320	no_pain	0.99999756	4.414238e-08	2.441604e-06
321	low_pain	1.0350923e-06	0.99998826	1.0713351e-05
322	low_pain	2.0264933e-07	0.99999946	3.0613566e-07
323	no_pain	0.99999946	2.3223809e-08	5.047604e-07
324	no_pain	0.9999995	5.3381196e-08	4.5210444e-07
325	low_pain	7.5424905e-05	0.9998841	4.042726e-05
326	high_pain	0.00026369415	1.0529633e-05	0.99972576
327	no_pain	0.99999964	3.87975e-08	3.4276195e-07
328	no_pain	0.99999964	3.8644483e-08	3.5211815e-07
329	no_pain	0.99999946	4.7061423e-08	4.9025664e-07
330	low_pain	1.3806632e-06	0.99991673	8.1838996e-05
331	no_pain	0.99999875	4.7017434e-08	1.2695585e-06
332	no_pain	0.99999934	4.3670532e-08	7.0196927e-07
333	no_pain	0.99999946	6.420914e-08	4.6589483e-07
334	high_pain	0.0004678746	1.0009661e-05	0.9995221
335	no_pain	0.99999964	3.650905e-08	3.632901e-07
336	no_pain	0.9999911	7.080204e-08	8.787462e-06
337	no_pain	0.9999995	2.2446256e-08	4.7185972e-07
338	no_pain	0.9999858	2.0887157e-07	1.3968894e-05
339	no_pain	0.9999997	3.3539994e-08	3.07383e-07
340	low_pain	0.14285748	0.85714054	1.978873e-06
341	no_pain	0.9999997	4.3554632e-08	2.9582088e-07
342	no_pain	0.99999917	1.00875454e-07	7.099798e-07
343	no_pain	0.99999964	3.9599893e-08	3.5925652e-07
344	no_pain	0.99999946	5.2883745e-08	5.336136e-07
345	no_pain	0.99999905	4.8416975e-08	9.994072e-07
346	no_pain	0.9999996	5.7432512e-08	3.53222e-07
347	no_pain	0.9999996	2.3800784e-08	4.380943e-07
348	no_pain	0.99999946	2.2721244e-08	5.5193783e-07
349	no_pain	0.9999997	3.064207e-08	3.1412995e-07
350	no_pain	0.9998187	4.6403053e-07	0.0001808782
351	no_pain	0.9999989	8.1944506e-08	1.0124343e-06
352	low_pain	1.9079214e-07	0.99999946	2.9341535e-07
353	no_pain	0.9999994	6.114477e-08	5.7251185e-07
354	no_pain	0.9999997	3.4706613e-08	2.8874663e-07
355	no_pain	0.99999917	5.2617377e-08	7.58235e-07
356	no_pain	0.99999934	4.5231918e-08	6.7378824e-07
357	no_pain	0.9999997	4.4395673e-08	3.1442718e-07
358	no_pain	0.99999934	6.4218334e-08	6.133008e-07
359	no_pain	0.99999875	8.327765e-08	1.1614751e-06
360	no_pain	0.9999997	4.2855678e-08	3.1992582e-07
361	no_pain	0.9999994	2.103001e-08	6.354317e-07
362	no_pain	0.99999076	9.986586e-08	9.148597e-06
363	no_pain	0.9999995	4.2457255e-08	4.6942654e-07
364	no_pain	0.9999965	4.5582244e-08	3.507859e-06
365	no_pain	0.99999934	3.1344168e-08	6.987827e-07
366	no_pain	0.99999946	4.87443e-08	5.761566e-07
367	no_pain	0.99999964	3.2099518e-08	3.455189e-07
368	no_pain	0.99999964	3.2047414e-08	3.5292652e-07
369	no_pain	0.99980336	1.0964123e-06	0.00019558244
370	no_pain	0.9999997	3.855565e-08	2.8068214e-07
371	low_pain	4.65205e-06	0.9998175	0.00017783581
372	low_pain	3.510786e-06	0.9998433	0.00015317816
373	low_pain	0.45332953	0.5465463	0.00012418382
374	no_pain	0.99999964	3.1484824e-08	3.4036051e-07
375	low_pain	3.1446857e-06	0.9997757	0.00022119982
376	no_pain	0.9999987	1.6358322e-07	1.1352024e-06
377	no_pain	0.99999875	4.8965642e-08	1.2241262e-06
378	no_pain	0.9999995	9.5261825e-08	3.7493098e-07
379	low_pain	3.6539725e-05	0.84594065	0.15402278
380	no_pain	0.9999995	1.2118421e-07	3.4906628e-07
381	low_pain	0.0028691455	0.9970938	3.706303e-05
382	no_pain	0.99999946	6.45318e-08	4.487274e-07
383	no_pain	0.99999946	4.5030188e-08	5.5047275e-07
384	no_pain	0.99999523	5.2174613e-08	4.7570006e-06
385	no_pain	0.99774545	1.1833326e-06	0.0022533706
386	no_pain	0.9999946	6.750883e-08	5.4090538e-06
387	no_pain	0.99999964	3.9821746e-08	3.5063027e-07
388	no_pain	0.9999962	1.123291e-07	3.7256282e-06
389	no_pain	0.9999992	1.3733263e-07	5.9819183e-07
390	no_pain	0.9999953	1.1324868e-07	4.5503316e-06
391	no_pain	0.9999997	4.455557e-08	3.071354e-07
392	high_pain	0.2858544	0.19300851	0.52113706
393	no_pain	0.99999934	3.1206916e-08	7.2576114e-07
394	no_pain	0.99999946	4.4485684e-08	5.837969e-07
395	no_pain	0.9999994	4.7513492e-08	6.370016e-07
396	no_pain	0.9999997	5.0613767e-08	3.3205865e-07
397	no_pain	0.9999984	2.5811127e-08	1.6436255e-06
398	low_pain	0.237666	0.7623019	3.2094016e-05
399	low_pain	1.1310697e-05	0.9999873	1.3143771e-06
400	low_pain	4.4046797e-06	0.9999947	8.9590725e-07
401	low_pain	2.295279e-07	0.99999946	3.0769698e-07
402	no_pain	0.99999857	4.7264155e-08	1.3909284e-06
403	high_pain	0.012741475	2.4292724e-05	0.98723423
404	no_pain	0.999999	6.851514e-08	9.780808e-07
405	no_pain	0.68384415	1.682097e-05	0.316139
406	no_pain	0.9999995	9.6019825e-08	3.9589548e-07
407	no_pain	0.72678787	0.13039963	0.14281254
408	no_pain	0.9999994	4.5255767e-08	5.9870945e-07
409	no_pain	0.9999997	3.295678e-08	3.3107463e-07
410	no_pain	0.999996	1.0426685e-07	3.928873e-06
411	no_pain	0.99999917	3.1374615e-08	8.172314e-07
412	no_pain	0.99999964	3.2458786e-08	3.436933e-07
413	low_pain	0.14285918	0.8571399	1.0232892e-06
414	low_pain	0.45828065	0.5416864	3.292287e-05
415	no_pain	0.9999987	3.7859852e-08	1.2625972e-06
416	low_pain	6.106273e-07	0.99999875	6.178538e-07
417	no_pain	0.9999997	3.350913e-08	3.0986618e-07
418	low_pain	1.1830144e-06	0.9999728	2.597959e-05
419	no_pain	0.999999	6.5678414e-08	9.515298e-07
420	no_pain	0.99999434	6.831664e-08	5.5470414e-06
421	high_pain	0.13047013	2.1526062e-06	0.86952776
422	no_pain	0.99999225	5.5021e-06	2.2527458e-06
423	no_pain	0.999946	4.3010823e-05	1.1015728e-05
424	no_pain	0.9999996	4.599852e-08	4.1191856e-07
425	low_pain	0.4371915	0.56265014	0.0001583577
426	low_pain	2.8367745e-07	0.99999934	3.831629e-07
427	high_pain	0.28500873	2.8133356e-06	0.7149884
428	no_pain	0.71621954	2.7675464e-06	0.28377768
429	no_pain	0.999949	3.2131283e-07	5.0686467e-05
430	no_pain	0.99999774	4.707089e-08	2.2345953e-06
431	no_pain	0.99999934	7.647749e-08	5.9773146e-07
432	no_pain	0.9999982	4.5711e-08	1.7994698e-06
433	no_pain	0.5681668	3.325446e-05	0.43179995
434	no_pain	0.99999267	9.107698e-08	7.281629e-06
435	no_pain	0.9999997	3.4840678e-08	2.862669e-07
436	high_pain	0.14813106	2.816159e-05	0.8518408
437	high_pain	0.147105	1.3191214e-05	0.85288185
438	no_pain	0.9999997	3.0948666e-08	3.3307586e-07
439	no_pain	0.9999994	6.168962e-08	5.375665e-07
440	no_pain	0.99999946	6.2244105e-08	4.7423424e-07
441	no_pain	0.9999997	3.09462e-08	3.3147185e-07
442	no_pain	0.9999994	6.464049e-08	5.043353e-07
443	no_pain	0.9999997	3.0887026e-08	3.3507766e-07
444	no_pain	0.9999996	4.057653e-08	3.7605864e-07
445	no_pain	0.99999934	3.7890164e-08	6.6848935e-07
446	no_pain	0.9999994	2.4364109e-08	6.208612e-07
447	no_pain	0.99999934	7.230049e-08	6.1178105e-07
448	no_pain	0.99999905	5.0421527e-08	9.310173e-07
449	no_pain	0.9999892	7.846861e-08	1.0686765e-05
450	low_pain	2.906194e-06	0.9999877	9.323637e-06
451	no_pain	0.7216982	8.686648e-06	0.27829307
452	no_pain	0.54286855	1.8737588e-05	0.45711276
453	no_pain	0.99999905	3.2174093e-08	9.571338e-07
454	high_pain	7.126553e-06	1.1251678e-06	0.9999918
455	no_pain	0.9999983	4.6249113e-08	1.7303465e-06
456	no_pain	0.9999997	4.18985e-08	3.18786e-07
457	no_pain	0.9999976	4.489499e-08	2.3621797e-06
458	no_pain	0.99999946	2.922197e-08	5.103012e-07
459	no_pain	0.9999994	5.431815e-08	5.5461e-07
460	high_pain	0.029761141	2.2362427e-05	0.97021645
461	no_pain	0.99999946	5.2893206e-08	5.356846e-07
462	low_pain	4.8394503e-07	0.9999979	1.6136219e-06
463	no_pain	0.7146459	1.860513e-06	0.2853522
464	no_pain	0.999996	1.0454676e-07	3.923506e-06
465	high_pain	7.4141094e-06	1.122881e-06	0.9999915
466	no_pain	0.9999989	6.6531264e-08	1.006163e-06
467	no_pain	0.9999997	3.206897e-08	3.087949e-07
468	no_pain	0.99999946	7.7829874e-08	4.7035923e-07
469	no_pain	0.9999995	6.248125e-08	4.341696e-07
470	no_pain	0.8574406	0.14241274	0.00014663767
471	high_pain	0.33602485	6.3710046e-05	0.6639114
472	no_pain	0.9999979	4.4522118e-08	2.0791e-06
473	no_pain	0.99999267	8.4260726e-08	7.2981243e-06
474	no_pain	0.999999	3.2530988e-08	1.0179134e-06
475	low_pain	0.00022515857	0.9996081	0.00016674357
476	no_pain	0.9999996	5.97337e-08	3.4388617e-07
477	no_pain	0.9999994	8.402846e-08	4.876535e-07
478	high_pain	0.0007136546	3.1979575e-06	0.99928313
479	no_pain	0.5713898	2.534111e-06	0.42860764
480	no_pain	0.9999996	4.4493106e-08	4.5047096e-07
481	no_pain	0.9999996	6.575432e-08	3.4139353e-07
482	no_pain	0.9999995	5.3820404e-08	4.7520172e-07
483	low_pain	2.33865e-06	0.99996287	3.4789722e-05
484	no_pain	0.9999996	6.645429e-08	3.23922e-07
485	no_pain	0.9999994	2.823242e-08	6.1287017e-07
486	no_pain	0.9999997	3.1346847e-08	3.3381062e-07
487	no_pain	0.71381176	1.6845783e-05	0.28617144
488	no_pain	0.999997	8.8115776e-08	2.892821e-06
489	no_pain	0.97022116	0.029673737	0.00010504723
490	low_pain	7.1074186e-07	0.9999987	5.656054e-07
491	no_pain	0.9999996	5.589132e-08	3.5303182e-07
492	no_pain	0.71768385	1.40117e-06	0.28231475
493	no_pain	0.9999992	1.892522e-07	5.591945e-07
494	no_pain	0.9183073	0.081600584	9.21357e-05
495	no_pain	0.99999917	7.699485e-08	7.179312e-07
496	no_pain	0.9999986	5.96992e-08	1.3060638e-06
497	no_pain	0.99999934	4.8701825e-08	6.856105e-07
498	no_pain	0.9999997	4.2768892e-08	2.9117746e-07
499	high_pain	0.28452897	2.3255529e-05	0.7154478
500	no_pain	0.9999996	4.253963e-08	4.5001835e-07
501	no_pain	0.9999963	9.6196345e-08	3.6109964e-06
502	no_pain	0.99999946	4.4828276e-08	5.287223e-07
503	no_pain	0.9999995	6.214716e-08	4.520741e-07
504	no_pain	0.9999997	3.6520625e-08	2.77161e-07
505	no_pain	0.9999996	2.2944173e-08	4.4533e-07
506	no_pain	0.9999997	3.4519037e-08	3.2648606e-07
507	no_pain	0.999999	5.214806e-08	9.961842e-07
508	low_pain	2.4312508e-06	0.99995595	4.165716e-05
509	no_pain	0.99999964	5.0133547e-08	3.6044312e-07
510	low_pain	4.561046e-06	0.9999944	1.0404344e-06
511	no_pain	0.9999994	4.8958928e-08	6.1470666e-07
512	no_pain	0.9999996	5.737115e-08	3.295708e-07
513	no_pain	0.9999984	2.8379736e-08	1.6768151e-06
514	no_pain	0.9999996	2.5595643e-08	4.4006407e-07
515	no_pain	0.50579405	3.2073083e-05	0.4941739
516	low_pain	0.2860939	0.7138557	5.045643e-05
517	no_pain	0.9999997	3.466649e-08	3.4216797e-07
518	no_pain	0.99999666	4.2833655e-08	3.2994049e-06
519	no_pain	0.9999996	4.652465e-08	4.6614562e-07
520	no_pain	0.9999979	4.449243e-08	2.1101084e-06
521	no_pain	0.9999984	8.0294214e-08	1.5355816e-06
522	no_pain	0.9999995	8.536375e-08	3.5746913e-07
523	no_pain	0.99982136	9.329876e-07	0.00017769157
524	no_pain	0.9999977	4.2621306e-08	2.3300674e-06
525	no_pain	0.9999989	6.875236e-08	1.0362902e-06
526	no_pain	0.99999946	4.6156032e-08	5.543001e-07
527	no_pain	0.9999991	1.2846719e-07	7.067247e-07
528	no_pain	0.99999905	1.2340037e-07	8.196118e-07
529	low_pain	2.4909045e-07	0.9999994	3.8942696e-07
530	no_pain	0.9999996	6.6789035e-08	3.2260374e-07
531	low_pain	0.14295109	0.8570452	3.7774298e-06
532	no_pain	0.6278133	2.384417e-05	0.3721629
533	high_pain	0.010362849	1.4074799e-05	0.9896231
534	high_pain	4.0520266e-05	1.9436181e-06	0.99995756
535	no_pain	0.9999946	1.1761368e-07	5.367324e-06
536	low_pain	3.1493787e-06	0.9998692	0.00012763917
537	no_pain	0.9999968	4.9635652e-08	3.2185505e-06
538	no_pain	0.9999996	4.6501633e-08	3.7560065e-07
539	no_pain	0.99999875	3.4299936e-07	8.649444e-07
540	low_pain	1.5935469e-06	0.99999774	6.5878464e-07
541	no_pain	0.9999997	3.4579255e-08	2.9169718e-07
542	no_pain	0.9999996	3.924672e-08	4.4125233e-07
543	no_pain	0.99938864	1.5476126e-06	0.0006098525
544	low_pain	2.8368692e-07	0.99999934	3.742138e-07
545	no_pain	0.79043454	3.4091307e-05	0.2095313
546	no_pain	0.9999966	9.899311e-08	3.3308793e-06
547	no_pain	0.99868757	0.0012394272	7.300937e-05
548	no_pain	0.9999994	4.841265e-08	6.0458177e-07
549	low_pain	4.8443763e-07	0.9999989	5.8301646e-07
550	low_pain	5.3051528e-05	0.98073083	0.019216107
551	no_pain	0.99999946	1.04011704e-07	4.0690182e-07
552	no_pain	0.99999946	4.598335e-08	5.7994146e-07
553	no_pain	0.9999989	1.8109265e-08	1.1456516e-06
554	no_pain	0.9999997	3.910865e-08	2.8762992e-07
555	no_pain	0.99999934	2.8391364e-08	6.404884e-07
556	no_pain	0.99999875	6.205643e-08	1.2030449e-06
557	no_pain	0.9999957	6.992621e-08	4.228667e-06
558	low_pain	1.4127518e-05	0.9999834	2.463292e-06
559	no_pain	0.99999946	4.361014e-08	5.7505287e-07
560	low_pain	5.3696033e-07	0.999999	4.7493748e-07
561	no_pain	0.9999967	5.6351016e-08	3.2624855e-06
562	high_pain	0.4293312	2.8884253e-06	0.5706659
563	no_pain	0.99999934	3.1287946e-08	7.053948e-07
564	no_pain	0.9999996	4.069772e-08	3.9093158e-07
565	low_pain	4.0516846e-07	0.99999875	7.96738e-07
566	no_pain	0.99999684	5.8741485e-08	3.113608e-06
567	no_pain	0.99999946	4.5501533e-08	5.417497e-07
568	no_pain	0.9999997	4.0584915e-08	3.392975e-07
569	no_pain	0.99999887	1.00464845e-07	1.0588286e-06
570	low_pain	0.14307806	0.85691506	6.884121e-06
571	no_pain	0.99999946	4.6017067e-08	5.334805e-07
572	no_pain	0.9999997	4.5622127e-08	3.0765867e-07
573	no_pain	0.99999756	4.8864273e-08	2.424979e-06
574	no_pain	0.9999994	2.8861061e-08	6.3867583e-07
575	no_pain	0.99999946	4.5253756e-08	5.400763e-07
576	no_pain	0.99999964	3.3215898e-08	3.4981807e-07
577	low_pain	7.137901e-07	0.99999875	5.140466e-07
578	no_pain	0.99999964	5.1640235e-08	3.4738127e-07
579	no_pain	0.99999946	2.4163395e-08	5.7829453e-07
580	low_pain	1.8303172e-07	0.9999995	2.8546734e-07
581	no_pain	0.9999997	4.050765e-08	2.807134e-07
582	low_pain	0.0038557574	0.99595845	0.00018581846
583	no_pain	0.9999995	2.38165e-08	4.5722504e-07
584	low_pain	5.6495463e-07	0.9999943	5.1805546e-06
585	no_pain	0.999999	8.441362e-08	9.3378304e-07
586	no_pain	0.9999966	5.2913727e-08	3.3747363e-06
587	no_pain	0.99999917	5.3875226e-08	8.318319e-07
588	no_pain	0.9999996	2.5360448e-08	4.2701774e-07
589	no_pain	0.9999992	5.7971437e-08	6.7575246e-07
590	no_pain	0.99999917	6.16375e-08	7.679329e-07
591	no_pain	0.9999994	6.522335e-08	5.048827e-07
592	no_pain	0.9999997	3.7151715e-08	2.8707717e-07
593	no_pain	0.9999997	4.4716966e-08	3.178443e-07
594	no_pain	0.99999845	5.6943026e-08	1.5151161e-06
595	no_pain	0.9999994	4.5656186e-08	6.0062166e-07
596	no_pain	0.99999964	3.5577763e-08	3.672741e-07
597	low_pain	2.472562e-07	0.99999946	3.522386e-07
598	no_pain	0.99999934	6.1839685e-08	6.228626e-07
599	no_pain	0.99999964	3.9857046e-08	3.508168e-07
600	no_pain	0.9999994	6.404947e-08	4.987522e-07
601	no_pain	0.9999995	4.9949268e-08	4.6489694e-07
602	no_pain	0.9999997	3.4233032e-08	3.2648788e-07
603	no_pain	0.9999996	6.09134e-08	3.150339e-07
604	no_pain	0.99998695	8.210337e-08	1.298516e-05
605	no_pain	0.9949476	1.6287976e-06	0.0050507444
606	no_pain	0.9999997	4.034762e-08	2.7758304e-07
607	no_pain	0.9999995	6.356086e-08	4.0536855e-07
608	no_pain	0.9999997	3.0005147e-08	3.3665836e-07
609	no_pain	0.9999997	3.107586e-08	3.347716e-07
610	no_pain	0.9999997	3.78839e-08	3.378012e-07
611	no_pain	0.9999997	2.7936377e-08	3.2349223e-07
612	low_pain	8.959955e-06	0.9993866	0.0006044414
613	no_pain	0.5654937	5.6743306e-06	0.43450063
614	no_pain	0.9999996	4.4531713e-08	3.863422e-07
615	no_pain	0.9999984	5.839926e-08	1.5556991e-06
616	low_pain	2.3487048e-06	0.99999565	2.0089735e-06
617	no_pain	0.9999981	3.9964526e-08	1.8530565e-06
618	no_pain	0.9999996	2.7779334e-08	4.1362372e-07
619	no_pain	0.99999946	5.9830434e-08	4.545621e-07
620	no_pain	0.99999917	1.2498923e-07	6.6613137e-07
621	no_pain	0.9999997	2.8629302e-08	3.3242577e-07
622	no_pain	0.99999946	4.946275e-08	5.24423e-07
623	no_pain	0.9999984	4.1081048e-08	1.6799648e-06
624	no_pain	0.6679553	0.00047603823	0.3315687
625	no_pain	0.9999996	4.4891916e-08	4.7313634e-07
626	no_pain	0.9999997	3.4596347e-08	3.125942e-07
627	no_pain	0.99999845	3.672003e-08	1.5525108e-06
628	no_pain	0.99999315	5.223597e-08	6.85671e-06
629	no_pain	0.99999815	3.8463252e-08	1.8228885e-06
630	no_pain	0.99999946	5.0540823e-08	5.4295475e-07
631	no_pain	0.99999934	4.783519e-08	6.3203487e-07
632	high_pain	2.8772964e-05	1.7193408e-06	0.9999695
633	no_pain	0.99999905	1.2732248e-07	7.771778e-07
634	no_pain	0.60181373	1.7785786e-05	0.39816847
635	no_pain	0.8621508	0.13783683	1.23800155e-05
636	no_pain	0.99999964	3.8185227e-08	3.4415697e-07
637	low_pain	1.9363418e-07	0.9999996	2.6578257e-07
638	no_pain	0.9999994	7.413515e-08	5.289939e-07
639	low_pain	1.156849e-06	0.9999748	2.4029972e-05
640	no_pain	0.99999934	6.567602e-08	6.2548133e-07
641	high_pain	0.42707783	1.3593427e-06	0.57292086
642	low_pain	0.14223	0.8577323	3.7701007e-05
643	no_pain	0.99999934	3.519619e-08	7.167443e-07
644	no_pain	0.9999995	1.03228935e-07	3.9388235e-07
645	no_pain	0.9999996	2.5257506e-08	4.0431146e-07
646	no_pain	0.68266076	1.4456278e-05	0.31732473
647	low_pain	0.000103561135	0.8640453	0.1358511
648	no_pain	0.9999997	3.233433e-08	3.277947e-07
649	no_pain	0.92530996	3.2143457e-06	0.07468687
650	no_pain	0.99999946	4.901608e-08	5.576488e-07
651	no_pain	0.9999983	6.141739e-08	1.6804009e-06
652	no_pain	0.99999666	5.0445628e-08	3.2763387e-06
653	no_pain	0.9999986	6.972177e-08	1.3192667e-06
654	no_pain	0.9999997	3.4100395e-08	2.861636e-07
655	no_pain	0.99999917	4.7577686e-08	8.320759e-07
656	no_pain	0.9999997	3.0956173e-08	3.328857e-07
657	high_pain	0.4281672	4.02835e-06	0.5718288
658	low_pain	0.40765148	0.59229755	5.098586e-05
659	high_pain	1.2840638e-05	1.0842547e-06	0.9999861
660	no_pain	0.9999997	3.429714e-08	3.0022073e-07
661	high_pain	1.1132371e-05	1.4206802e-06	0.9999875
662	no_pain	0.9999997	4.6777718e-08	3.3804812e-07
663	no_pain	0.99999917	1.3932747e-07	6.722174e-07
664	no_pain	0.9999994	3.933196e-08	6.0735414e-07
665	no_pain	0.727512	0.2720446	0.0004434341
666	no_pain	0.99999964	3.0157906e-08	3.3180726e-07
667	no_pain	0.9999986	4.100599e-08	1.3797055e-06
668	no_pain	0.9999987	3.881683e-08	1.2928313e-06
669	no_pain	0.99999946	5.6098163e-08	5.4761466e-07
670	no_pain	0.99999946	4.6600416e-08	5.211901e-07
671	no_pain	0.9999996	4.215232e-08	4.275161e-07
672	no_pain	0.9999995	6.430549e-08	4.3086177e-07
673	no_pain	0.5715279	0.42846912	3.011118e-06
674	no_pain	0.9999997	3.1837786e-08	3.3274645e-07
675	no_pain	0.99999934	4.261323e-08	6.836934e-07
676	low_pain	0.14285558	0.857142	2.4697263e-06
677	no_pain	0.9999995	6.1703886e-08	4.278799e-07
678	high_pain	0.38713834	6.2148547e-06	0.61285543
679	no_pain	0.99999946	4.7453163e-08	4.918622e-07
680	no_pain	0.99999964	5.865571e-08	3.2631982e-07
681	no_pain	0.99999964	3.1037054e-08	3.4774516e-07
682	no_pain	0.99999744	4.26634e-08	2.592879e-06
683	high_pain	0.007419583	0.017630992	0.9749494
684	no_pain	0.9999997	3.351805e-08	3.2954628e-07
685	no_pain	0.9999781	7.9860584e-08	2.1805205e-05
686	high_pain	1.5452366e-05	1.0523038e-06	0.9999835
687	high_pain	3.4634904e-05	1.9544716e-06	0.9999634
688	no_pain	0.9999996	3.277521e-08	3.6309342e-07
689	no_pain	0.9999995	6.2503176e-08	4.560633e-07
690	no_pain	0.99999946	1.313322e-07	4.2442505e-07
691	low_pain	3.814031e-07	0.9999991	4.935661e-07
692	no_pain	0.9999996	3.9783583e-08	4.213879e-07
693	no_pain	0.9999997	4.5986717e-08	3.4164336e-07
694	no_pain	0.9999995	5.8741648e-08	4.403401e-07
695	high_pain	0.0005927525	4.7234803e-06	0.9994025
696	no_pain	0.99999946	7.007741e-08	4.702616e-07
697	no_pain	0.99999917	5.1939423e-08	7.748992e-07
698	low_pain	0.31693643	0.42853108	0.25453252
699	no_pain	0.99999946	1.4969056e-07	4.4219496e-07
700	no_pain	0.9999996	3.9302765e-08	3.9826986e-07
701	no_pain	0.9999996	5.0412236e-08	3.60646e-07
702	no_pain	0.99999917	3.1729346e-08	8.243195e-07
703	no_pain	0.99999917	1.0251258e-07	7.3692655e-07
704	no_pain	0.99999964	6.0885505e-08	2.9736526e-07
705	no_pain	0.9999997	4.5692275e-08	3.0021275e-07
706	no_pain	0.9999995	4.60999e-08	4.840582e-07
707	no_pain	0.976253	6.222765e-06	0.023740783
708	no_pain	0.857687	0.14230949	3.5521607e-06
709	no_pain	0.9999975	8.813857e-08	2.4322526e-06
710	no_pain	0.9999996	4.73341e-08	3.6787273e-07
711	no_pain	0.9999992	3.8475548e-08	7.586126e-07
712	no_pain	0.9999995	5.409686e-08	4.55213e-07
713	no_pain	0.99999934	2.8509126e-08	6.4315157e-07
714	low_pain	3.643006e-06	0.99999535	9.677439e-07
715	no_pain	0.9999996	6.358034e-08	3.1337862e-07
716	no_pain	0.9999997	2.7156448e-08	3.2901585e-07
717	low_pain	0.42855102	0.57144606	2.8595266e-06
718	no_pain	0.5682961	0.43169013	1.3812608e-05
719	no_pain	0.99999946	6.2337556e-08	4.5347193e-07
720	no_pain	0.99905354	1.1860373e-06	0.00094528735
721	low_pain	0.0022664417	0.9976234	0.00011021886
722	low_pain	0.115127735	0.8847871	8.519094e-05
723	no_pain	0.99999946	5.3507623e-08	5.506693e-07
724	no_pain	0.999997	8.393691e-08	2.9056357e-06
725	high_pain	0.14657226	0.0012567996	0.85217094
726	no_pain	0.9999995	4.010759e-08	4.849086e-07
727	no_pain	0.99995816	5.2634874e-07	4.1321713e-05
728	no_pain	0.9999996	4.4112316e-08	4.4344173e-07
729	no_pain	0.9999996	3.244559e-08	4.0747219e-07
730	no_pain	0.9999986	5.1572844e-08	1.3197968e-06
731	low_pain	0.00054661266	0.999435	1.8351968e-05
732	no_pain	0.9999992	2.722701e-07	4.7044205e-07
733	no_pain	0.9999996	5.594185e-08	3.3631383e-07
734	no_pain	0.99999917	4.5302084e-08	7.828426e-07
735	no_pain	0.99999917	1.278823e-07	7.1784405e-07
736	no_pain	0.99999475	5.666451e-08	5.192773e-06
737	no_pain	0.9999994	2.8827937e-08	6.322199e-07
738	no_pain	0.999999	4.5516977e-08	1.0308873e-06
739	no_pain	0.9999997	3.3427476e-08	3.399535e-07
740	no_pain	0.99999815	6.293543e-08	1.7816293e-06
741	no_pain	0.9999996	2.9383516e-08	4.493886e-07
742	low_pain	0.00020800027	0.9997882	3.801874e-06
743	no_pain	0.7669462	1.3888798e-05	0.23303993
744	no_pain	0.99999946	5.264389e-08	5.409435e-07
745	no_pain	0.9999997	3.5026442e-08	3.3096356e-07
746	no_pain	0.9999863	1.0454975e-06	1.2617183e-05
747	no_pain	0.99999964	3.878976e-08	3.5799647e-07
748	low_pain	0.022986034	0.9769251	8.8894165e-05
749	low_pain	4.876098e-07	0.99999905	4.7577734e-07
750	no_pain	0.99999857	8.814299e-08	1.3344722e-06
751	no_pain	0.9999997	3.3172004e-08	3.3506527e-07
752	no_pain	0.9999994	2.7876862e-08	6.038748e-07
753	no_pain	0.9999989	5.7200157e-08	1.0654578e-06
754	no_pain	0.5711246	2.7088224e-06	0.42887267
755	no_pain	0.99999964	2.9699837e-08	3.4496466e-07
756	no_pain	0.8575648	0.14242448	1.0710422e-05
757	high_pain	1.10843e-05	1.6837843e-06	0.9999872
758	low_pain	0.14286052	0.85713714	2.3317123e-06
759	low_pain	0.4285105	0.57148504	4.449694e-06
760	no_pain	0.9999994	8.8043684e-08	5.669887e-07
761	no_pain	0.99999934	2.632983e-08	6.261638e-07
762	no_pain	0.99999946	4.494661e-08	5.6291213e-07
763	low_pain	0.026944837	0.97278243	0.00027276785
764	no_pain	0.8571397	0.14285865	1.6476366e-06
765	no_pain	0.99999946	4.4599307e-08	5.0845495e-07
766	no_pain	0.99999946	4.7691703e-08	5.462934e-07
767	no_pain	0.71353525	9.638999e-07	0.2864638
768	low_pain	2.0959503e-07	0.99999946	3.017706e-07
769	no_pain	0.9999992	5.1748714e-08	7.325385e-07
770	no_pain	0.99999964	3.6486135e-08	3.6034453e-07
771	no_pain	0.99999917	1.3510746e-07	6.7957274e-07
772	no_pain	0.9999997	3.4254843e-08	3.148037e-07
773	no_pain	0.9999946	5.776889e-08	5.4070474e-06
774	no_pain	0.9999975	5.1995972e-08	2.490364e-06
775	high_pain	0.14148958	1.5799911e-06	0.8585089
776	no_pain	0.99999946	6.569091e-08	5.0920625e-07
777	no_pain	0.99999774	4.7856396e-08	2.2301488e-06
778	no_pain	0.9999997	4.915372e-08	3.2354842e-07
779	low_pain	3.4245437e-07	0.99999917	4.5048878e-07
780	no_pain	0.99999905	6.744873e-08	8.602156e-07
781	no_pain	0.99999934	4.596478e-08	7.291716e-07
782	no_pain	0.9999962	8.245662e-08	3.7320044e-06
783	no_pain	0.9999997	3.398905e-08	2.8511144e-07
784	no_pain	0.9999995	2.4993458e-08	4.8160024e-07
785	no_pain	0.99999964	5.1274746e-08	3.25125e-07
786	low_pain	1.8551931e-06	0.999973	2.5133011e-05
787	no_pain	0.9999991	4.306475e-08	8.87004e-07
788	low_pain	0.4238638	0.57492864	0.0012075858
789	no_pain	0.99999917	3.1494345e-08	8.1178194e-07
790	no_pain	0.99999934	5.866579e-08	6.037516e-07
791	low_pain	3.7545811e-07	0.99999917	4.67766e-07
792	no_pain	0.9999958	5.1318946e-08	4.1193425e-06
793	no_pain	0.9999997	4.2988933e-08	3.3263066e-07
794	no_pain	0.999998	4.2224325e-08	2.047605e-06
795	low_pain	0.27783683	0.7221109	5.2219937e-05
796	low_pain	5.510457e-07	0.999999	4.8908083e-07
797	no_pain	0.99999875	6.2184924e-08	1.1844444e-06
798	no_pain	0.99999934	5.63988e-08	6.5057435e-07
799	no_pain	0.9999997	3.205955e-08	3.4373187e-07
800	no_pain	0.9999995	6.264027e-08	4.478836e-07
801	no_pain	0.99999946	9.374266e-08	4.4449072e-07
802	no_pain	0.9999997	4.983815e-08	3.1958876e-07
803	no_pain	0.99999917	4.667606e-08	8.212292e-07
804	no_pain	0.99999946	6.470869e-08	4.618822e-07
805	no_pain	0.99999934	3.074444e-08	6.605182e-07
806	no_pain	0.99999696	7.345346e-08	2.941482e-06
807	no_pain	0.6932412	1.8839093e-05	0.30674002
808	no_pain	0.9999997	3.6757974e-08	3.2375283e-07
809	no_pain	0.9999994	8.301918e-08	5.493448e-07
810	high_pain	0.0070309555	0.028135853	0.9648332
811	high_pain	0.14058049	2.3257296e-06	0.85941714
812	no_pain	0.9999995	2.4012362e-08	4.614994e-07
813	no_pain	0.99999964	5.3845124e-08	2.8136654e-07
814	low_pain	9.3245626e-07	0.99998635	1.273307e-05
815	no_pain	0.9999996	2.2885127e-08	4.4598477e-07
816	no_pain	0.9999997	3.04416e-08	3.2513614e-07
817	no_pain	0.99999475	6.541909e-08	5.195126e-06
818	no_pain	0.99999934	4.46706e-08	7.3341755e-07
819	no_pain	0.9999997	3.4250938e-08	2.852183e-07
820	no_pain	0.9999996	4.2714053e-08	4.4029372e-07
821	no_pain	0.99999934	2.6937451e-08	6.798795e-07
822	no_pain	0.9999994	2.8368339e-08	6.312544e-07
823	no_pain	0.9999995	5.5609025e-08	4.5420134e-07
824	no_pain	0.99999964	4.931825e-08	3.4161414e-07
825	high_pain	0.14675808	9.21556e-05	0.8531498
826	no_pain	0.9999978	4.669464e-08	2.2205493e-06
827	no_pain	0.99999714	4.2201584e-08	2.886433e-06
828	no_pain	0.9999994	7.276923e-08	4.958366e-07
829	low_pain	5.884628e-07	0.99999875	6.4531196e-07
830	no_pain	0.85657436	0.1434189	6.8242434e-06
831	high_pain	0.0019988646	2.0798305e-05	0.9979804
832	no_pain	0.9999982	4.0001133e-08	1.8175141e-06
833	no_pain	0.9999997	3.4171826e-08	3.1642867e-07
834	no_pain	0.99999946	2.4584239e-08	5.5664424e-07
835	no_pain	0.9999996	2.3647171e-08	4.2837834e-07
836	no_pain	0.57144797	3.1491904e-06	0.42854884
837	no_pain	0.99999803	4.5824176e-08	1.9637905e-06
838	no_pain	0.9999997	3.5610213e-08	3.4046823e-07
839	no_pain	0.9999972	9.198919e-08	2.6985188e-06
840	high_pain	0.2968277	1.6774562e-05	0.7031555
841	no_pain	0.9999925	7.346027e-08	7.404499e-06
842	no_pain	0.9999991	4.876696e-08	8.636763e-07
843	high_pain	0.13653313	0.28573722	0.5777297
844	no_pain	0.9999996	5.8489718e-08	3.580761e-07
845	no_pain	0.9999977	1.10173595e-07	2.1835544e-06
846	no_pain	0.9999991	4.4198735e-08	8.7851316e-07
847	no_pain	0.9999997	4.97461e-08	3.1827173e-07
848	no_pain	0.9999996	2.3376385e-08	4.311764e-07
849	no_pain	0.9999968	5.128046e-08	3.2053345e-06
850	no_pain	0.9999994	4.7714632e-08	5.9387315e-07
851	no_pain	0.99999946	7.105314e-08	4.569068e-07
852	high_pain	7.358202e-06	1.1052879e-06	0.99999154
853	no_pain	0.99999934	2.5644757e-08	6.7512417e-07
854	no_pain	0.99999845	5.5770766e-08	1.5625106e-06
855	no_pain	0.9999936	6.1098596e-08	6.293481e-06
856	no_pain	0.9999997	3.4455848e-08	3.293175e-07
857	low_pain	2.5877094e-07	0.99999946	3.1543544e-07
858	low_pain	2.2233385e-07	0.99999946	3.2925047e-07
859	no_pain	0.99999946	8.016581e-08	4.5171333e-07
860	low_pain	0.35924754	0.6406578	9.470914e-05
861	no_pain	0.85735494	3.3474691e-06	0.14264174
862	low_pain	0.1430449	0.85694444	1.0683156e-05
863	no_pain	0.9999997	4.4554408e-08	3.223201e-07
864	no_pain	0.9999995	4.36964e-08	4.6368328e-07
865	no_pain	0.9999824	2.4274837e-07	1.7357952e-05
866	high_pain	0.14475189	2.7780323e-05	0.8552203
867	no_pain	0.99999964	4.197971e-08	3.4172487e-07
868	high_pain	0.034219936	0.13980845	0.8259716
869	low_pain	2.2198503e-07	0.9999995	2.76128e-07
870	low_pain	5.6846595e-05	0.99993896	4.1977473e-06
871	high_pain	0.14635171	2.0298687e-05	0.853628
872	no_pain	0.9999997	3.3942843e-08	3.2976877e-07
873	no_pain	0.9999996	3.328743e-08	3.669125e-07
874	low_pain	0.28571704	0.71428066	2.2622567e-06
875	no_pain	0.99998945	1.323881e-07	1.04698265e-05
876	no_pain	0.99999917	4.7907076e-08	8.16046e-07
877	no_pain	0.9999996	6.289548e-08	3.2709386e-07
878	no_pain	0.9999996	4.572784e-08	4.5451588e-07
879	low_pain	1.8527906e-05	0.99720496	0.0027764987
880	no_pain	0.8349865	2.1512287e-05	0.16499205
881	no_pain	0.99999917	6.0285224e-08	6.990864e-07
882	no_pain	0.9999997	3.418251e-08	3.2405748e-07
883	no_pain	0.9999997	4.714534e-08	3.1718986e-07
884	low_pain	0.00012321929	0.8974933	0.10238346
885	low_pain	0.14280738	0.85717946	1.32097075e-05
886	no_pain	0.99999946	6.5514136e-08	4.5677487e-07
887	no_pain	0.99999934	3.760497e-08	6.424705e-07
888	high_pain	0.050786793	0.0021839265	0.94702923
889	no_pain	0.9942276	2.3307334e-06	0.005770031
890	no_pain	0.99999934	6.055846e-08	6.133361e-07
891	low_pain	2.6931852e-07	0.99999934	4.0769606e-07
892	no_pain	0.99999887	5.165179e-08	1.1346767e-06
893	no_pain	0.9726997	0.027275618	2.462557e-05
894	low_pain	0.0045207716	0.86566025	0.12981896
895	no_pain	0.99999917	7.183199e-08	7.136418e-07
896	no_pain	0.9999996	9.678506e-08	3.713467e-07
897	high_pain	0.0004481467	1.9789684e-05	0.99953204
898	no_pain	0.9999996	2.3876302e-08	4.3428113e-07
899	no_pain	0.99999964	3.4333343e-08	3.429365e-07
900	no_pain	0.9999992	4.507508e-08	7.695522e-07
901	no_pain	0.9999995	5.503966e-08	4.579617e-07
902	high_pain	1.12406415e-05	0.28580377	0.71418494
903	no_pain	0.99999964	3.521179e-08	3.4607407e-07
904	no_pain	0.99999946	4.56175e-08	5.324252e-07
905	no_pain	0.9999997	3.4400074e-08	3.0995014e-07
906	no_pain	0.9999996	6.36387e-08	3.8882467e-07
907	no_pain	0.99999964	3.171811e-08	3.452641e-07
908	no_pain	0.99999636	6.2077206e-08	3.5651562e-06
909	no_pain	0.999994	1.1208392e-07	5.8782325e-06
910	no_pain	0.9999989	5.2470824e-08	1.0882417e-06
911	no_pain	0.99999964	4.129721e-08	3.4894478e-07
912	no_pain	0.99999905	9.272156e-08	8.7963207e-07
913	no_pain	0.9999983	4.556736e-08	1.7268086e-06
914	no_pain	0.99999964	4.807129e-08	3.3990105e-07
915	no_pain	0.99999195	6.1072356e-08	7.994301e-06
916	no_pain	0.9999929	7.780847e-08	7.0078117e-06
917	no_pain	0.9999994	2.8803884e-08	6.332124e-07
918	no_pain	0.9999996	2.3333738e-08	4.292251e-07
919	no_pain	0.9993663	9.693164e-07	0.00063273584
920	no_pain	0.9999997	4.423012e-08	3.1584977e-07
921	no_pain	0.99999946	4.9303555e-08	5.3701825e-07
922	high_pain	0.29059458	1.10313e-05	0.70939445
923	low_pain	0.32503012	0.6365915	0.038378365
924	no_pain	0.99999875	6.358773e-08	1.1380173e-06
925	no_pain	0.9999995	5.4467822e-08	4.5893694e-07
926	no_pain	0.9999985	3.6578033e-08	1.4952572e-06
927	no_pain	0.99987966	1.48666e-07	0.00012019054
928	no_pain	0.9999997	4.5251586e-08	3.1030714e-07
929	low_pain	1.3573061e-06	0.9999978	8.04539e-07
930	low_pain	2.9283999e-07	0.99999934	3.939871e-07
931	no_pain	0.9999995	4.8725237e-08	4.7964943e-07
932	no_pain	0.99999845	3.9818676e-08	1.566703e-06
933	no_pain	0.9999997	4.1741014e-08	3.2166818e-07
934	no_pain	0.99997807	2.6441137e-07	2.1644606e-05
935	high_pain	0.285741	9.286188e-07	0.71425813
936	no_pain	0.9999997	2.8091062e-08	3.1619282e-07
937	low_pain	4.7223955e-05	0.8428064	0.15714636
938	no_pain	0.99999946	6.0180454e-08	4.5440987e-07
939	no_pain	0.99999946	1.0967615e-07	4.2157197e-07
940	no_pain	0.99999845	5.0435386e-08	1.5406742e-06
941	no_pain	0.9999997	4.3607848e-08	3.4162753e-07
942	no_pain	0.9999985	4.4989978e-08	1.4685667e-06
943	no_pain	0.9999978	1.2171589e-07	2.0780462e-06
944	no_pain	0.9999996	4.4455895e-08	4.487728e-07
945	no_pain	0.99999964	4.391396e-08	3.486517e-07
946	high_pain	0.42855883	7.932571e-07	0.5714404
947	low_pain	0.022906024	0.9770475	4.6475714e-05
948	no_pain	0.9999962	9.554007e-08	3.7146508e-06
949	high_pain	0.42962074	3.3418935e-06	0.5703759
950	no_pain	0.9999994	2.8575013e-08	6.1610956e-07
951	no_pain	0.99999887	3.723548e-08	1.1229796e-06
952	low_pain	0.1428708	0.8571256	3.6136164e-06
953	no_pain	0.9999997	4.5044665e-08	3.1956606e-07
954	no_pain	0.9999966	4.1730907e-08	3.4498935e-06
955	no_pain	0.99999946	4.544741e-08	5.417971e-07
956	no_pain	0.9999986	6.79085e-08	1.2453936e-06
957	no_pain	0.9999996	5.513208e-08	4.2188336e-07
958	no_pain	0.99999225	1.4738093e-07	7.5986654e-06
959	no_pain	0.9999997	2.7021118e-08	3.3279386e-07
960	high_pain	0.21387026	5.5837845e-05	0.78607386
961	no_pain	0.9999997	2.8559636e-08	3.186518e-07
962	no_pain	0.99999964	5.7899296e-08	3.45774e-07
963	no_pain	0.9998788	7.2941026e-07	0.00012041073
964	no_pain	0.9999978	6.9341425e-08	2.063444e-06
965	no_pain	0.99999964	3.4500864e-08	3.652517e-07
966	no_pain	0.9999992	5.1857313e-08	7.587492e-07
967	no_pain	0.9999996	6.321213e-08	3.160271e-07
968	no_pain	0.99999946	1.06203196e-07	4.47714e-07
969	no_pain	0.57196224	0.012034248	0.41600353
970	no_pain	0.9999985	4.4371763e-08	1.51261e-06
971	no_pain	0.99999857	7.106134e-08	1.3822325e-06
972	no_pain	0.9999997	4.4731596e-08	3.1450165e-07
973	no_pain	0.9999997	3.0558628e-08	3.268298e-07
974	no_pain	0.99999505	7.265525e-08	4.8920824e-06
975	no_pain	0.9999997	2.9983592e-08	3.3392647e-07
976	no_pain	0.57143074	0.42854577	2.3510305e-05
977	no_pain	0.9999996	2.2928608e-08	4.5438605e-07
978	high_pain	0.43609864	2.0472812e-06	0.56389934
979	no_pain	0.9999992	3.1004e-08	7.605398e-07
980	no_pain	0.9999995	4.9682363e-08	4.6133377e-07
981	no_pain	0.99999905	1.1420426e-07	8.255457e-07
982	no_pain	0.9999989	6.63171e-08	9.782646e-07
983	low_pain	3.9809402e-07	0.99999917	3.8000294e-07
984	no_pain	0.9999996	4.0989047e-08	3.741111e-07
985	no_pain	0.99999565	5.0249607e-08	4.3585355e-06
986	no_pain	0.5747946	0.425195	1.041436e-05
987	no_pain	0.99999756	9.9358935e-08	2.35126e-06
988	no_pain	0.9999994	6.959632e-08	4.924716e-07
989	no_pain	0.99999917	6.454519e-08	7.3946336e-07
990	high_pain	0.2857279	1.0987725e-06	0.714271
991	low_pain	2.816755e-07	0.99999934	3.67828e-07
992	no_pain	0.9999892	2.2979584e-07	1.0526646e-05
993	high_pain	0.28825375	1.5445192e-05	0.71173084
994	no_pain	0.99999946	4.441826e-08	5.228091e-07
995	high_pain	0.28411815	2.2538202e-06	0.7158796
996	no_pain	0.9999995	4.79042e-08	4.7913187e-07
997	low_pain	0.10738442	0.89252156	9.40194e-05
998	no_pain	0.9999984	1.06162815e-07	1.5105345e-06
999	no_pain	0.9999996	3.977507e-08	4.0229557e-07
1000	no_pain	0.9999984	5.4736592e-08	1.627217e-06
1001	no_pain	0.99999946	1.1017672e-07	4.511546e-07
1002	no_pain	0.9999992	4.2472386e-08	7.568165e-07
1003	no_pain	0.99999875	3.510235e-08	1.2159802e-06
1004	no_pain	0.99999964	3.555387e-08	3.7122595e-07
1005	no_pain	0.9999949	1.2469293e-07	4.9631667e-06
1006	high_pain	5.746388e-05	1.3149183e-06	0.9999413
1007	no_pain	0.9999982	4.2797943e-08	1.7749848e-06
1008	no_pain	0.9999996	5.827429e-08	3.3308586e-07
1009	no_pain	0.9999987	5.8339158e-08	1.2337183e-06
1010	no_pain	0.9999981	4.3701316e-08	1.9158865e-06
1011	high_pain	0.28572062	9.729478e-07	0.71427834
1012	high_pain	0.16917601	0.12764442	0.70317966
1013	no_pain	0.9999997	4.507416e-08	3.0772904e-07
1014	no_pain	0.99999917	4.352735e-07	3.547005e-07
1015	no_pain	0.99999934	2.9777697e-08	6.862679e-07
1016	no_pain	0.5714868	7.9819387e-07	0.42851248
1017	no_pain	0.9999997	3.7939365e-08	3.2806958e-07
1018	no_pain	0.9999994	4.738631e-08	5.9101205e-07
1019	no_pain	0.99999917	5.9024348e-08	7.436637e-07
1020	no_pain	0.99999946	4.404689e-08	5.5589715e-07
1021	no_pain	0.99999875	5.252728e-08	1.1660326e-06
1022	no_pain	0.9999997	3.4496985e-08	3.2344036e-07
1023	no_pain	0.9999985	1.339109e-07	1.3760342e-06
1024	low_pain	0.14706267	0.8529252	1.2155282e-05
1025	no_pain	0.9999994	5.0468852e-08	6.205509e-07
1026	no_pain	0.8128189	5.0491735e-06	0.1871761
1027	no_pain	0.99999946	4.413001e-08	5.0464286e-07
1028	no_pain	0.99999845	4.0685308e-08	1.5760678e-06
1029	no_pain	0.9999997	3.862499e-08	3.3997122e-07
1030	low_pain	1.0765426e-06	0.9999983	5.82558e-07
1031	no_pain	0.99999523	1.0167886e-07	4.7027243e-06
1032	no_pain	0.9999984	4.193414e-08	1.6035114e-06
1033	low_pain	0.14256006	0.8574149	2.5014548e-05
1034	no_pain	0.999994	1.3250028e-07	5.867928e-06
1035	no_pain	0.99999934	5.4756125e-08	5.8718325e-07
1036	no_pain	0.9999997	4.526778e-08	3.1507787e-07
1037	no_pain	0.99999726	5.1757258e-08	2.7390975e-06
1038	low_pain	2.2984186e-07	0.99999946	3.5654153e-07
1039	no_pain	0.9999994	2.80489e-08	6.084032e-07
1040	high_pain	0.07752556	3.672456e-05	0.92243767
1041	no_pain	0.99999946	1.3076325e-07	4.6400737e-07
1042	no_pain	0.9999997	3.4707565e-08	3.2511807e-07
1043	no_pain	0.99999714	5.0051e-08	2.873378e-06
1044	no_pain	0.99999946	4.4178865e-08	5.122101e-07
1045	no_pain	0.9999997	4.436132e-08	3.3061656e-07
1046	no_pain	0.99996996	3.303365e-07	2.97037e-05
1047	no_pain	0.99999887	3.669285e-08	1.155509e-06
1048	no_pain	0.9999985	5.0433282e-08	1.4477251e-06
1049	no_pain	0.9999997	3.0675334e-08	3.3864768e-07
1050	no_pain	0.865085	7.4822756e-06	0.13490762
1051	no_pain	0.99999946	3.9460424e-08	5.327988e-07
1052	no_pain	0.9999992	5.278826e-08	7.0138714e-07
1053	no_pain	0.99999946	6.837357e-08	4.512432e-07
1054	no_pain	0.99999946	7.012496e-08	4.6428679e-07
1055	no_pain	0.9999957	6.449047e-08	4.220209e-06
1056	no_pain	0.9999985	3.916622e-08	1.5031776e-06
1057	low_pain	7.8455616e-07	0.9999986	6.1837693e-07
1058	no_pain	0.9999997	3.034365e-08	3.2079652e-07
1059	no_pain	0.99995786	1.7218199e-05	2.493282e-05
1060	no_pain	0.9999997	3.4083524e-08	2.8628997e-07
1061	low_pain	3.1905594e-05	0.99996364	4.4874173e-06
1062	no_pain	0.55071586	0.37159285	0.07769132
1063	no_pain	0.9999987	4.0249798e-08	1.2819844e-06
1064	no_pain	0.99999744	8.9047205e-08	2.4758597e-06
1065	high_pain	3.367509e-05	0.14321376	0.8567525
1066	no_pain	0.9999996	3.3644675e-08	4.054379e-07
1067	no_pain	0.9999996	4.1925443e-08	4.456144e-07
1068	low_pain	0.14286162	0.8571364	1.9254985e-06
1069	no_pain	0.9999991	4.5516252e-08	8.911444e-07
1070	no_pain	0.99999964	5.0675112e-08	3.4334286e-07
1071	low_pain	1.0164974e-06	0.9999878	1.115867e-05
1072	no_pain	0.99999964	2.9515958e-08	3.492233e-07
1073	low_pain	6.204819e-05	0.98267186	0.017266076
1074	no_pain	0.99999946	6.918358e-08	4.8185274e-07
1075	low_pain	2.9316655e-07	0.99999934	3.3215207e-07
1076	no_pain	0.9999997	3.453521e-08	3.256418e-07
1077	high_pain	0.14195824	1.159411e-05	0.8580302
1078	high_pain	1.8648952e-05	2.7939925e-06	0.9999786
1079	no_pain	0.9999996	7.2057524e-08	3.5985872e-07
1080	no_pain	0.9999997	4.2845887e-08	3.373435e-07
1081	high_pain	0.42928162	1.7377799e-05	0.570701
1082	no_pain	0.9557678	1.3601928e-05	0.044218574
1083	no_pain	0.9999997	4.5163777e-08	3.0757084e-07
1084	no_pain	0.99999946	4.71291e-08	5.574346e-07
1085	no_pain	0.9999996	4.2679464e-08	4.4166686e-07
1086	no_pain	0.9999997	4.371418e-08	3.0657526e-07
1087	low_pain	3.1881194e-07	0.99999934	3.5869712e-07
1088	no_pain	0.99998915	1.7530695e-07	1.0644003e-05
1089	low_pain	3.1308505e-07	0.99999934	4.0129447e-07
1090	no_pain	0.99999934	1.37066e-07	5.2965214e-07
1091	high_pain	0.47693983	4.077937e-06	0.5230561
1092	no_pain	0.9999989	4.420909e-08	1.0853231e-06
1093	no_pain	0.9999997	3.4019674e-08	3.3094497e-07
1094	no_pain	0.9999965	4.9869605e-08	3.4900488e-06
1095	no_pain	0.9999997	3.489331e-08	3.423289e-07
1096	no_pain	0.99999946	6.913337e-08	5.168311e-07
1097	no_pain	0.99998134	8.538092e-08	1.8570883e-05
1098	low_pain	0.14283958	0.8571536	6.8124345e-06
1099	no_pain	0.9999996	4.014266e-08	4.0030426e-07
1100	no_pain	0.99999917	7.420824e-08	7.2800896e-07
1101	no_pain	0.99999946	5.865976e-08	4.4455282e-07
1102	no_pain	0.9999994	5.2181598e-08	6.2164605e-07
1103	high_pain	0.08316805	1.3881513e-05	0.916818
1104	no_pain	0.9999994	5.232771e-08	6.1680373e-07
1105	no_pain	0.5714908	2.6588023e-06	0.42850646
1106	high_pain	8.965703e-05	0.28611073	0.7137996
1107	no_pain	0.9999684	1.2422562e-07	3.1456573e-05
1108	no_pain	0.9999994	6.07551e-08	5.5922453e-07
1109	high_pain	2.1097314e-05	1.9102524e-06	0.99997705
1110	no_pain	0.99999946	6.5633735e-08	4.7240192e-07
1111	no_pain	0.8474782	1.1814833e-05	0.15251002
1112	no_pain	0.99999946	5.2254986e-08	5.2159885e-07
1113	no_pain	0.99999934	1.4545047e-07	5.342874e-07
1114	no_pain	0.99999946	4.576513e-08	5.181135e-07
1115	low_pain	7.64572e-05	0.8010921	0.19883147
1116	no_pain	0.9999966	7.156039e-08	3.2782034e-06
1117	no_pain	0.9999996	6.413042e-08	3.1122735e-07
1118	low_pain	1.4993174e-06	0.9999952	3.3422216e-06
1119	no_pain	0.9999997	3.2653215e-08	3.342346e-07
1120	high_pain	7.287908e-06	1.1695807e-06	0.99999154
1121	no_pain	0.99999386	1.2888714e-07	5.972779e-06
1122	no_pain	0.85619247	8.472656e-07	0.14380668
1123	no_pain	0.99999917	1.0593721e-07	7.1685963e-07
1124	no_pain	0.99999946	4.4858353e-08	5.143336e-07
1125	no_pain	0.99999815	4.6646896e-08	1.8264611e-06
1126	no_pain	0.9999994	5.212572e-08	5.9829534e-07
1127	low_pain	0.14284702	0.8571504	2.637687e-06
1128	no_pain	0.9999996	4.9848715e-08	4.3673987e-07
1129	no_pain	0.99999917	7.442906e-08	7.4817996e-07
1130	no_pain	0.99999714	5.07819e-08	2.825923e-06
1131	no_pain	0.9999996	3.0665515e-08	4.5002238e-07
1132	no_pain	0.99996644	1.4938311e-07	3.3443383e-05
1133	no_pain	0.9999997	3.7436994e-08	3.0853954e-07
1134	low_pain	9.1583475e-05	0.9188606	0.081047796
1135	no_pain	0.99999946	3.7901508e-08	5.640257e-07
1136	no_pain	0.9999994	6.863339e-08	5.2191655e-07
1137	no_pain	0.9999995	2.4666207e-08	4.890118e-07
1138	no_pain	0.99999946	6.0143904e-08	4.3874522e-07
1139	no_pain	0.99999744	8.093143e-08	2.4550625e-06
1140	high_pain	6.832409e-06	1.0916198e-06	0.9999921
1141	no_pain	0.9999995	2.9012227e-08	4.954562e-07
1142	no_pain	0.8571459	4.009663e-07	0.14285366
1143	no_pain	0.9999996	2.4509736e-08	4.0377216e-07
1144	no_pain	0.9999997	2.8334e-08	3.156932e-07
1145	no_pain	0.9999997	2.8108404e-08	3.1992565e-07
1146	high_pain	0.28731441	2.9586956e-06	0.71268266
1147	no_pain	0.9999997	3.0995064e-08	3.3574844e-07
1148	no_pain	0.9999965	5.48907e-08	3.552804e-06
1149	no_pain	0.9999996	4.144398e-08	3.7104797e-07
1150	no_pain	0.85783345	0.14214247	2.4022547e-05
1151	low_pain	1.2976722e-06	0.99999535	3.2724274e-06
1152	low_pain	0.2863709	0.71362174	7.40087e-06
1153	no_pain	0.9999994	5.570603e-08	5.480225e-07
1154	no_pain	0.99999934	9.222293e-08	5.5440336e-07
1155	low_pain	0.28549638	0.71449053	1.3038027e-05
1156	high_pain	1.1013147e-05	1.4119263e-06	0.99998754
1157	no_pain	0.99999946	4.503868e-08	5.3010484e-07
1158	no_pain	0.9999996	2.3258533e-08	4.3665065e-07
1159	low_pain	3.6838617e-05	0.9992428	0.00072035845
1160	no_pain	0.9999741	2.996642e-07	2.564211e-05
1161	no_pain	0.9999996	4.2998924e-08	4.4265565e-07
1162	no_pain	0.99999714	7.878943e-08	2.7622739e-06
1163	no_pain	0.99999946	1.1524545e-07	4.7104427e-07
1164	low_pain	0.27162674	0.7283234	4.9890197e-05
1165	no_pain	0.9999989	6.91384e-08	1.034925e-06
1166	low_pain	2.9080388e-07	0.99999934	3.840998e-07
1167	no_pain	0.99999946	6.892459e-08	4.7456618e-07
1168	low_pain	0.14088391	0.8590881	2.79269e-05
1169	no_pain	0.9999997	2.850337e-08	3.1265995e-07
1170	no_pain	0.9999997	3.3913974e-08	3.2608486e-07
1171	no_pain	0.9999994	2.3890667e-08	6.069969e-07
1172	no_pain	0.9999991	1.0633399e-07	7.801831e-07
1173	no_pain	0.5139802	3.1710322e-05	0.4859881
1174	low_pain	0.42859176	0.57139474	1.3493749e-05
1175	no_pain	0.9999997	4.457012e-08	3.0991026e-07
1176	no_pain	0.99999946	4.627839e-08	5.78534e-07
1177	no_pain	0.99999905	5.256648e-08	9.485258e-07
1178	no_pain	0.9999992	3.1426588e-08	7.55317e-07
1179	low_pain	2.2707784e-05	0.9999752	2.0983691e-06
1180	no_pain	0.99999934	6.5375986e-08	6.310251e-07
1181	no_pain	0.9999997	3.4230258e-08	3.3567102e-07
1182	no_pain	0.8611892	1.632034e-06	0.1388092
1183	no_pain	0.999996	1.1703211e-07	3.9237425e-06
1184	no_pain	0.9999985	6.540954e-08	1.4144322e-06
1185	low_pain	5.356723e-06	0.99999344	1.2046985e-06
1186	high_pain	0.14474304	5.622372e-06	0.8552513
1187	no_pain	0.99999964	5.3387073e-08	2.9087633e-07
1188	no_pain	0.9999997	4.5332417e-08	3.288649e-07
1189	no_pain	0.9999989	1.4053117e-07	9.556751e-07
1190	low_pain	0.0009367205	0.98906547	0.00999785
1191	no_pain	0.9999995	5.8749954e-08	4.4784673e-07
1192	no_pain	0.8579073	1.0709507e-06	0.14209165
1193	no_pain	0.99999887	4.90269e-08	1.142503e-06
1194	low_pain	0.047721885	0.5509104	0.40136766
1195	no_pain	0.9999994	2.892291e-08	6.3221063e-07
1196	no_pain	0.999997	1.7906129e-06	1.236967e-06
1197	high_pain	0.28545234	7.665979e-06	0.71454
1198	no_pain	0.851571	5.4472002e-06	0.14842354
1199	no_pain	0.9999996	3.3020545e-08	3.5889602e-07
1200	no_pain	0.57118624	0.42879337	2.033295e-05
1201	no_pain	0.99999964	3.6291762e-08	3.652826e-07
1202	high_pain	0.14434017	1.8626586e-05	0.85564125
1203	no_pain	0.9999997	5.3815963e-08	2.8115548e-07
1204	no_pain	0.999999	4.4644395e-08	1.0110546e-06
1205	no_pain	0.9999997	4.2613458e-08	2.9431231e-07
1206	no_pain	0.99999934	5.811432e-08	5.8838714e-07
1207	no_pain	0.9999995	9.285827e-08	3.7345018e-07
1208	no_pain	0.9999997	4.460136e-08	3.0969883e-07
1209	low_pain	2.3083079e-07	0.9999994	3.706143e-07
1210	low_pain	1.9486022e-05	0.99997485	5.65093e-06
1211	low_pain	0.286412	0.7135642	2.380092e-05
1212	no_pain	0.99999946	2.3359794e-08	5.2017543e-07
1213	no_pain	0.9999997	3.5110254e-08	3.3565564e-07
1214	no_pain	0.99999934	2.9349314e-08	7.097513e-07
1215	no_pain	0.99998707	2.0103052e-07	1.277872e-05
1216	no_pain	0.9999995	4.4858798e-08	4.834179e-07
1217	no_pain	0.99999964	2.9677171e-08	3.4282522e-07
1218	high_pain	0.16447961	2.5028481e-05	0.83549535
1219	no_pain	0.9999995	4.3226812e-08	5.0794586e-07
1220	high_pain	0.18493424	1.654106e-05	0.81504923
1221	no_pain	0.99999964	5.0730474e-08	3.3070015e-07
1222	no_pain	0.99999726	7.665597e-08	2.6179791e-06
1223	low_pain	7.781063e-06	0.99999046	1.7774156e-06
1224	no_pain	0.9999989	5.916001e-08	1.0498591e-06
1225	no_pain	0.99999845	5.318928e-08	1.5263669e-06
1226	low_pain	2.3521355e-07	0.9999994	3.7904542e-07
1227	no_pain	0.9999996	6.0642904e-08	3.458611e-07
1228	no_pain	0.9999996	4.520975e-08	4.3291456e-07
1229	no_pain	0.9999997	4.5347768e-08	3.4273145e-07
1230	no_pain	0.9999997	3.0757494e-08	3.4006567e-07
1231	no_pain	0.5700123	0.2164767	0.21351098
1232	no_pain	0.57155037	1.634013e-06	0.428448
1233	no_pain	0.9999997	3.3996304e-08	3.2817712e-07
1234	low_pain	0.0012828474	0.76275545	0.23596169
1235	low_pain	0.1428554	0.85714245	2.1299934e-06
1236	high_pain	0.16000442	0.053171456	0.7868241
1237	high_pain	0.14264427	2.5008833e-06	0.8573532
1238	high_pain	1.1340998e-05	1.7586999e-06	0.99998695
1239	no_pain	0.9999906	7.642251e-08	9.330865e-06
1240	no_pain	0.9999965	6.1771956e-08	3.5204669e-06
1241	no_pain	0.9999978	4.126625e-08	2.19421e-06
1242	no_pain	0.9999994	6.0624714e-08	5.5484173e-07
1243	no_pain	0.9999996	4.3341664e-08	4.3993037e-07
1244	low_pain	8.372001e-05	0.83723843	0.16267781
1245	no_pain	0.9999982	5.1517507e-08	1.7161292e-06
1246	low_pain	3.799884e-07	0.99999917	4.7122194e-07
1247	low_pain	4.5716646e-05	0.5711147	0.4288395
1248	high_pain	0.4963376	5.940576e-05	0.503603
1249	no_pain	0.99987835	7.4118276e-07	0.00012088169
1250	no_pain	0.99999946	4.69342e-08	5.734645e-07
1251	no_pain	0.9999997	3.2654462e-08	3.3450496e-07
1252	high_pain	1.7048367e-05	1.0299093e-06	0.99998194
1253	no_pain	0.9999997	4.449758e-08	3.1810717e-07
1254	low_pain	1.7311277e-07	0.9999995	2.755473e-07
1255	no_pain	0.99999464	8.2729564e-08	5.2834957e-06
1256	no_pain	0.99999917	1.960187e-07	6.518959e-07
1257	no_pain	0.9999995	2.4829786e-08	5.203346e-07
1258	no_pain	0.9999996	7.537087e-08	3.4844265e-07
1259	no_pain	0.99999714	5.995816e-08	2.8007357e-06
1260	low_pain	3.9723884e-07	0.99999917	4.6375416e-07
1261	no_pain	0.9999997	3.1648607e-08	3.2925595e-07
1262	no_pain	0.99999774	4.9607884e-08	2.2516913e-06
1263	no_pain	0.9999994	2.8433606e-08	6.227264e-07
1264	no_pain	0.9999975	4.5067225e-08	2.5415302e-06
1265	no_pain	0.9999997	3.8101142e-08	3.2630402e-07
1266	no_pain	0.57116264	2.742214e-06	0.4288346
1267	no_pain	0.9999989	6.0970486e-08	1.0041114e-06
1268	low_pain	2.7442678e-07	0.99999946	2.9848204e-07
1269	no_pain	0.99999946	6.292526e-08	4.7611016e-07
1270	no_pain	0.99999946	1.0466312e-07	4.2923276e-07
1271	no_pain	0.9999997	3.433826e-08	3.2883437e-07
1272	no_pain	0.9999994	6.034258e-08	5.6003284e-07
1273	no_pain	0.99999964	3.4575784e-08	3.604821e-07
1274	no_pain	0.9999997	4.9813195e-08	3.1797904e-07
1275	no_pain	0.99999917	7.564379e-08	7.238437e-07
1276	no_pain	0.9999997	3.433997e-08	3.1897648e-07
1277	no_pain	0.9999986	5.9025144e-08	1.2676056e-06
1278	no_pain	0.99999964	4.439298e-08	3.2833285e-07
1279	no_pain	0.9999997	4.399593e-08	3.1229735e-07
1280	no_pain	0.999999	5.6843955e-08	9.551643e-07
1281	no_pain	0.99999964	4.0238657e-08	3.5088547e-07
1282	high_pain	2.409801e-05	1.7324572e-06	0.9999742
1283	no_pain	0.999998	4.070778e-08	1.9872675e-06
1284	no_pain	0.9999958	6.608671e-08	4.1108196e-06
1285	no_pain	0.99999887	5.807937e-08	1.1039954e-06
1286	no_pain	0.99999946	4.603859e-08	5.056513e-07
1287	no_pain	0.99999964	3.1096086e-08	3.5658235e-07
1288	high_pain	2.4512334e-05	2.19013e-06	0.9999733
1289	no_pain	0.99999964	5.259807e-08	3.2618723e-07
1290	no_pain	0.99999946	4.6982297e-08	5.694375e-07
1291	no_pain	0.89479953	1.8112025e-05	0.105182365
1292	no_pain	0.99999917	4.5767298e-08	7.900935e-07
1293	high_pain	2.4537236e-05	2.7527033e-06	0.9999727
1294	no_pain	0.99999946	2.235348e-08	4.9769426e-07
1295	low_pain	2.7223425e-07	0.99999934	3.7538666e-07
1296	no_pain	0.99999946	6.8823034e-08	4.8024083e-07
1297	no_pain	0.99999917	1.9818875e-08	8.5477996e-07
1298	no_pain	0.99999946	5.454791e-08	4.625952e-07
1299	no_pain	0.9999996	1.0153703e-07	2.9363528e-07
1300	low_pain	0.0030958392	0.9968379	6.624692e-05
1301	no_pain	0.9999996	4.246374e-08	4.6030866e-07
1302	no_pain	0.99999964	4.645207e-08	3.3714736e-07
1303	no_pain	0.9999997	3.398474e-08	3.1372116e-07
1304	no_pain	0.9999997	2.8381377e-08	3.1346553e-07
1305	no_pain	0.9999991	4.7954295e-08	9.105569e-07
1306	no_pain	0.9999997	3.3539163e-08	2.873629e-07
1307	no_pain	0.99999857	6.552723e-08	1.3690629e-06
1308	no_pain	0.999999	1.3890379e-07	8.617345e-07
1309	low_pain	7.3807496e-05	0.9999175	8.7047165e-06
1310	no_pain	0.9999996	9.6688844e-08	3.660116e-07
1311	high_pain	0.0012969597	3.3152723e-05	0.9986699
1312	no_pain	0.99999887	7.5122955e-08	1.0964269e-06
1313	no_pain	0.9999995	7.667291e-08	3.9285655e-07
1314	no_pain	0.99999934	5.506063e-08	6.616564e-07
1315	low_pain	2.7510572e-07	0.99999946	2.9689912e-07
1316	no_pain	0.99999744	5.1346426e-08	2.5508941e-06
1317	no_pain	0.9999978	4.953745e-08	2.1387502e-06
1318	low_pain	2.8258629e-07	0.99999946	2.966955e-07
1319	no_pain	0.9999978	4.4897483e-08	2.192146e-06
1320	no_pain	0.9999995	2.3817003e-08	5.07107e-07
1321	no_pain	0.9999997	4.4996483e-08	3.1250516e-07
1322	no_pain	0.9999997	4.6280288e-08	2.7515165e-07
1323	no_pain	0.99999005	6.422244e-08	9.921748e-06
