sample_index	label	no_pain	low_pain	high_pain
000	no_pain	0.7831887	0.2104437	0.0063676015
001	no_pain	0.7827567	0.21053977	0.006703548
002	no_pain	0.7689179	0.22411595	0.0069660577
003	no_pain	0.7366317	0.25435832	0.009010031
004	no_pain	0.7636455	0.22927138	0.007083093
005	no_pain	0.6727479	0.2640917	0.0631604
006	no_pain	0.47015253	0.36285335	0.16699412
007	no_pain	0.75412226	0.2401051	0.0057726935
008	no_pain	0.69426304	0.28745085	0.018286055
009	no_pain	0.7082361	0.28009558	0.011668339
010	no_pain	0.706901	0.28917068	0.0039283377
011	no_pain	0.767196	0.22641219	0.006391836
012	no_pain	0.7684503	0.22490586	0.006643808
013	no_pain	0.7595638	0.23329017	0.007146042
014	no_pain	0.77919436	0.21385561	0.0069500064
015	no_pain	0.5749136	0.35122538	0.07386098
016	low_pain	7.207845e-06	0.9993666	0.0006262498
017	no_pain	0.71366394	0.28068334	0.0056527257
018	low_pain	6.4852748e-06	0.9993362	0.00065737497
019	no_pain	0.7586703	0.23451166	0.006818091
020	no_pain	0.7567821	0.2369219	0.0062959483
021	no_pain	0.75264263	0.24054064	0.0068167443
022	no_pain	0.6683812	0.30579785	0.025820939
023	low_pain	1.0833692e-05	0.9995875	0.0004017523
024	low_pain	0.3284858	0.35293546	0.31857875
025	no_pain	0.73633516	0.2584208	0.0052440125
026	low_pain	0.012278706	0.98569167	0.002029613
027	no_pain	0.76678896	0.22635727	0.0068537826
028	no_pain	0.78897095	0.20507775	0.0059513026
029	no_pain	0.7608418	0.23221627	0.006941977
030	no_pain	0.76182365	0.23193769	0.006238646
031	no_pain	0.78930044	0.20466045	0.006039069
032	no_pain	0.77423465	0.21952505	0.0062403255
033	low_pain	0.35065517	0.6418758	0.0074690334
034	no_pain	0.76703113	0.22639063	0.006578255
035	no_pain	0.7915369	0.20239398	0.0060691074
036	low_pain	1.0656835e-05	0.9995804	0.00040898993
037	no_pain	0.45960107	0.35306802	0.18733089
038	high_pain	0.00646158	0.46865073	0.5248877
039	no_pain	0.73383635	0.25857118	0.007592448
040	no_pain	0.505507	0.35694274	0.13755026
041	low_pain	9.66788e-05	0.99733216	0.0025711276
042	low_pain	6.383668e-06	0.99939126	0.00060232345
043	low_pain	8.162957e-06	0.9994115	0.0005802942
044	no_pain	0.74338514	0.24739751	0.009217328
045	low_pain	0.0006386303	0.6307765	0.36858484
046	high_pain	0.01980252	0.32809964	0.6520978
047	no_pain	0.78779066	0.20623367	0.005975649
048	no_pain	0.75668794	0.2364012	0.0069108913
049	high_pain	0.0063743675	0.3119851	0.6816405
050	high_pain	0.10670022	0.34369296	0.54960686
051	no_pain	0.7314418	0.261234	0.0073242276
052	no_pain	0.71429473	0.28099188	0.0047133504
053	low_pain	0.38907805	0.47494772	0.13597424
054	no_pain	0.7299779	0.2650974	0.0049247094
055	no_pain	0.5741016	0.30996656	0.11593181
056	no_pain	0.7880328	0.20599815	0.0059690247
057	no_pain	0.7153241	0.27870676	0.005969106
058	no_pain	0.7780927	0.21419828	0.00770909
059	high_pain	0.28859663	0.27244395	0.43895945
060	no_pain	0.55268276	0.35062197	0.096695304
061	no_pain	0.7858348	0.20802982	0.006135347
062	no_pain	0.780604	0.21276167	0.0066343024
063	no_pain	0.7639947	0.22810014	0.0079051675
064	no_pain	0.75118214	0.24220908	0.0066087963
065	no_pain	0.7562819	0.23778354	0.0059345434
066	no_pain	0.67975825	0.30745745	0.012784252
067	no_pain	0.7910617	0.20261808	0.0063202567
068	no_pain	0.53654766	0.36912718	0.09432514
069	no_pain	0.7616993	0.23218012	0.0061205225
070	no_pain	0.73085654	0.26423582	0.0049075834
071	low_pain	0.0006240582	0.7215346	0.27784133
072	no_pain	0.7504216	0.2429883	0.0065901196
073	no_pain	0.5048452	0.35511017	0.14004461
074	no_pain	0.76414436	0.22858293	0.007272716
075	no_pain	0.7209607	0.26510412	0.013935198
076	no_pain	0.74622166	0.24465658	0.0091217095
077	no_pain	0.7518446	0.24220295	0.005952461
078	no_pain	0.7695261	0.22479807	0.00567578
079	no_pain	0.77499515	0.21879886	0.00620605
080	high_pain	0.0203784	0.2077318	0.7718898
081	high_pain	0.0051257545	0.3493564	0.6455178
082	high_pain	0.0014730385	0.3893014	0.6092256
083	no_pain	0.78529644	0.2082174	0.0064861313
084	no_pain	0.76515734	0.22843416	0.006408502
085	no_pain	0.7555769	0.23652259	0.007900513
086	no_pain	0.7510381	0.24327053	0.0056914254
087	low_pain	0.0032321957	0.9791207	0.017647136
088	no_pain	0.7638441	0.23017989	0.005976016
089	no_pain	0.76764077	0.22570038	0.006658823
090	no_pain	0.69684297	0.2885769	0.014580184
091	no_pain	0.7884408	0.2055943	0.005964867
092	no_pain	0.7439311	0.25087932	0.0051895822
093	low_pain	0.003987174	0.9825196	0.013493194
094	no_pain	0.7414097	0.2531629	0.005427376
095	low_pain	0.44863325	0.54397035	0.007396376
096	no_pain	0.78345674	0.21031775	0.006225534
097	high_pain	0.0779527	0.30272937	0.61931795
098	high_pain	0.008275279	0.24332762	0.7483972
099	low_pain	7.2297344e-06	0.9994087	0.0005840138
100	no_pain	0.73319775	0.26113018	0.0056720674
101	no_pain	0.75581163	0.2382511	0.00593726
102	low_pain	1.2271196e-05	0.999138	0.0008496749
103	low_pain	1.0003808e-05	0.9995238	0.00046619953
104	no_pain	0.75176084	0.24148647	0.0067527452
105	no_pain	0.7279792	0.2554817	0.016539128
106	no_pain	0.5284424	0.3704926	0.101065055
107	no_pain	0.78923595	0.20442191	0.006342175
108	no_pain	0.7645487	0.22946277	0.0059885522
109	no_pain	0.75751746	0.23623991	0.006242636
110	no_pain	0.76391643	0.23049916	0.0055843843
111	no_pain	0.7527107	0.2373521	0.009937228
112	low_pain	0.16504888	0.6526484	0.18230274
113	no_pain	0.73204595	0.26246542	0.0054886313
114	no_pain	0.7121394	0.28416282	0.0036977527
115	no_pain	0.48310882	0.358341	0.15855011
116	no_pain	0.7739185	0.2192953	0.006786215
117	high_pain	0.0049118446	0.33261642	0.6624717
118	high_pain	0.0013974583	0.4583215	0.540281
119	no_pain	0.7920757	0.20164911	0.0062751207
120	no_pain	0.74558586	0.24637035	0.008043739
121	no_pain	0.7540436	0.2396956	0.006260835
122	no_pain	0.75697845	0.23447956	0.008541989
123	no_pain	0.75057185	0.24299352	0.00643463
124	no_pain	0.62899107	0.30076757	0.07024139
125	no_pain	0.7697748	0.22374164	0.006483591
126	no_pain	0.7625905	0.22940098	0.008008431
127	no_pain	0.7821235	0.21143767	0.0064388015
128	no_pain	0.7392233	0.2551271	0.005649648
129	no_pain	0.7423323	0.2510839	0.0065838033
130	no_pain	0.7572614	0.23650214	0.0062364405
131	no_pain	0.756605	0.23750822	0.0058867405
132	no_pain	0.72811896	0.26467893	0.007202094
133	no_pain	0.7522603	0.24208872	0.00565095
134	no_pain	0.7443205	0.24897121	0.0067082685
135	no_pain	0.7221572	0.27130225	0.0065405197
136	low_pain	6.0940706e-06	0.99935454	0.0006393333
137	high_pain	0.009026474	0.22183995	0.76913357
138	no_pain	0.7034506	0.29294974	0.0035996563
139	no_pain	0.53399503	0.44976193	0.016243037
140	no_pain	0.58839375	0.3931265	0.018479703
141	no_pain	0.7464291	0.24769075	0.0058801514
142	no_pain	0.75270814	0.2392417	0.008050098
143	no_pain	0.76414675	0.2291902	0.0066630887
144	no_pain	0.6207271	0.32669538	0.052577503
145	no_pain	0.75347435	0.24093667	0.005588926
146	low_pain	0.22470772	0.7682938	0.0069985194
147	no_pain	0.7555452	0.2382787	0.0061761173
148	low_pain	1.22243055e-05	0.9995927	0.00039508071
149	no_pain	0.78728616	0.20669201	0.0060217865
150	no_pain	0.7693573	0.22374798	0.0068947086
151	no_pain	0.75690514	0.23607127	0.0070235343
152	no_pain	0.5733389	0.4139459	0.012715199
153	no_pain	0.7858812	0.20810042	0.006018382
154	no_pain	0.73033583	0.26259616	0.007067933
155	no_pain	0.7214815	0.2682724	0.010246069
156	no_pain	0.41095534	0.36082464	0.22822
157	no_pain	0.776373	0.21650794	0.007119033
158	no_pain	0.6558833	0.3232324	0.020884287
159	no_pain	0.7116434	0.27246597	0.015890554
160	low_pain	0.4823467	0.509473	0.008180239
161	no_pain	0.77512836	0.2180529	0.0068187066
162	no_pain	0.774356	0.21942289	0.0062210932
163	no_pain	0.5838099	0.39344248	0.02274754
164	no_pain	0.7777652	0.21494314	0.007291609
165	low_pain	2.2805321e-05	0.99916446	0.0008127711
166	no_pain	0.77261597	0.22034307	0.0070409626
167	no_pain	0.7571635	0.23684743	0.0059890794
168	no_pain	0.7681595	0.212836	0.019004444
169	no_pain	0.73778623	0.25519496	0.007018808
170	low_pain	0.2527426	0.74187005	0.0053873127
171	low_pain	7.337249e-06	0.99927795	0.0007147416
172	no_pain	0.7894977	0.20436633	0.0061360006
173	no_pain	0.62661564	0.3618359	0.011548447
174	no_pain	0.7657713	0.22805472	0.0061739334
175	low_pain	0.0012067241	0.83042794	0.16836533
176	no_pain	0.7751563	0.21808805	0.0067556514
177	no_pain	0.7332395	0.2434436	0.023316965
178	no_pain	0.7847684	0.20912531	0.0061062886
179	no_pain	0.7775014	0.2160848	0.0064138537
180	no_pain	0.75791603	0.23514037	0.006943585
181	no_pain	0.7642627	0.22898993	0.0067473543
182	no_pain	0.7589082	0.23425277	0.00683904
183	no_pain	0.6119434	0.3785925	0.0094639985
184	no_pain	0.7483708	0.24498244	0.006646734
185	no_pain	0.6918114	0.28305474	0.025133884
186	high_pain	0.0025325816	0.31622535	0.6812421
187	no_pain	0.7638048	0.23072465	0.00547059
188	high_pain	0.11789245	0.2611858	0.62092173
189	high_pain	0.0053769713	0.24599633	0.7486267
190	no_pain	0.762889	0.23038308	0.0067278924
191	high_pain	0.005335237	0.2801198	0.71454495
192	no_pain	0.7669925	0.22622372	0.0067837643
193	no_pain	0.76633734	0.22702622	0.0066364524
194	no_pain	0.73691565	0.25812966	0.0049546636
195	no_pain	0.6754871	0.30960703	0.014905894
196	no_pain	0.73791593	0.25293016	0.00915393
197	no_pain	0.7198675	0.27270517	0.007427321
198	low_pain	1.3006064e-05	0.9996024	0.00038459088
199	no_pain	0.7417477	0.2510973	0.0071550086
200	no_pain	0.7625342	0.231367	0.0060988306
201	high_pain	0.0013245662	0.4064128	0.5922627
202	low_pain	6.023947e-06	0.99935335	0.00064061955
203	no_pain	0.6718971	0.323116	0.00498689
204	no_pain	0.78850013	0.20553735	0.0059625143
205	no_pain	0.74615777	0.24696548	0.0068767187
206	low_pain	7.95418e-06	0.99941033	0.000581665
207	no_pain	0.7764419	0.21688056	0.0066775866
208	no_pain	0.76235765	0.23074372	0.006898604
209	no_pain	0.7419657	0.25138283	0.0066514323
210	no_pain	0.7577527	0.23718919	0.0050581214
211	no_pain	0.71162426	0.2818647	0.0065109706
212	no_pain	0.7787532	0.21527407	0.005972718
213	no_pain	0.7644437	0.22831576	0.0072405892
214	low_pain	8.04457e-06	0.99944264	0.0005493375
215	no_pain	0.72804964	0.26270914	0.009241218
216	no_pain	0.7580634	0.23494117	0.0069954535
217	no_pain	0.78926617	0.20464666	0.0060871406
218	no_pain	0.736708	0.2560059	0.007286144
219	no_pain	0.77792025	0.21562326	0.006456472
220	low_pain	6.842853e-06	0.9993176	0.000675612
221	no_pain	0.7535017	0.24058644	0.005911842
222	low_pain	0.0006181622	0.67507976	0.32430205
223	no_pain	0.7651907	0.2223927	0.012416564
224	no_pain	0.73946524	0.25233817	0.008196552
225	no_pain	0.7403626	0.25448766	0.0051497705
226	low_pain	0.25600356	0.65290874	0.09108771
227	no_pain	0.7882646	0.2049617	0.006773684
228	no_pain	0.7900638	0.20353259	0.0064036227
229	no_pain	0.75606304	0.23685919	0.0070777335
230	no_pain	0.77119964	0.22231445	0.0064859414
231	no_pain	0.75747836	0.23639414	0.0061274734
232	no_pain	0.70413035	0.29209056	0.003779005
233	no_pain	0.55698186	0.43449518	0.008522992
234	no_pain	0.7793832	0.21354432	0.0070725456
235	no_pain	0.74169743	0.25043094	0.007871641
236	no_pain	0.7774928	0.21573578	0.006771413
237	no_pain	0.7710906	0.22185306	0.007056285
238	low_pain	9.705866e-06	0.9985855	0.001404794
239	no_pain	0.77553475	0.21770637	0.0067588477
240	no_pain	0.76539546	0.22835453	0.0062499973
241	no_pain	0.75726575	0.23654278	0.006191454
242	no_pain	0.7509688	0.24278794	0.0062433043
243	no_pain	0.7661037	0.22704911	0.0068472107
244	no_pain	0.75035053	0.24338253	0.0062669306
245	no_pain	0.71186674	0.28352997	0.0046033054
246	no_pain	0.7614338	0.2309458	0.0076204124
247	no_pain	0.7800981	0.21379998	0.0061018914
248	no_pain	0.72371066	0.26656422	0.00972508
249	no_pain	0.787845	0.20622726	0.0059277453
250	no_pain	0.7714909	0.22199811	0.006511003
251	low_pain	2.1500338e-05	0.9953289	0.0046496144
252	no_pain	0.709379	0.27427372	0.016347313
253	no_pain	0.75933665	0.23260827	0.008055075
254	no_pain	0.7593497	0.23350672	0.007143614
255	no_pain	0.7081727	0.27984777	0.011979592
256	no_pain	0.75516266	0.23838827	0.0064490796
257	high_pain	0.3592514	0.23138776	0.40936083
258	no_pain	0.5765699	0.35245422	0.07097591
259	no_pain	0.7432193	0.2501123	0.0066683698
260	no_pain	0.7843403	0.2089379	0.006721785
261	high_pain	0.015257505	0.26424104	0.7205015
262	no_pain	0.76563805	0.2275487	0.0068132565
263	no_pain	0.76425046	0.22974321	0.0060062865
264	no_pain	0.77831376	0.21505414	0.006632048
265	no_pain	0.76002693	0.23381142	0.0061616455
266	high_pain	0.0025834145	0.47333503	0.5240816
267	no_pain	0.74813926	0.24595843	0.005902328
268	high_pain	0.23616126	0.27719697	0.48664173
269	no_pain	0.5923241	0.3111773	0.09649866
270	low_pain	0.00019006275	0.998562	0.0012479236
271	low_pain	0.3557447	0.6364706	0.0077847517
272	low_pain	6.6470916e-06	0.9992608	0.0007325806
273	low_pain	0.37834853	0.61890984	0.002741616
274	no_pain	0.7764377	0.2168213	0.0067410255
275	no_pain	0.7797933	0.21379437	0.006412278
276	no_pain	0.38353223	0.3825768	0.233891
277	low_pain	0.44885156	0.4503443	0.10080416
278	no_pain	0.7872699	0.2065613	0.0061688297
279	no_pain	0.7059553	0.28989443	0.0041502444
280	no_pain	0.7017469	0.26343122	0.034821875
281	no_pain	0.7697707	0.22274701	0.0074822763
282	no_pain	0.7604743	0.23324125	0.0062844227
283	no_pain	0.7365774	0.25725776	0.0061649
284	no_pain	0.75156206	0.24265297	0.005785019
285	no_pain	0.75394535	0.24016206	0.005892538
286	no_pain	0.7190476	0.27643546	0.004516875
287	low_pain	1.2532672e-05	0.999589	0.00039845915
288	no_pain	0.77338034	0.22013341	0.006486232
289	no_pain	0.7710289	0.22158027	0.0073908702
290	no_pain	0.7473604	0.24614571	0.006493882
291	low_pain	9.802856e-06	0.99949914	0.00049109024
292	no_pain	0.73884785	0.25427458	0.0068775616
293	no_pain	0.7510368	0.24324836	0.005714772
294	low_pain	1.7074275e-05	0.999034	0.0009488983
295	no_pain	0.75276476	0.24161063	0.0056245583
296	no_pain	0.7601875	0.23257896	0.0072335782
297	no_pain	0.76156247	0.23228322	0.006154286
298	no_pain	0.74425954	0.24665697	0.00908342
299	no_pain	0.76780665	0.22555205	0.006641307
300	low_pain	8.5877364e-05	0.99830294	0.0016111713
301	no_pain	0.75528973	0.23874174	0.0059685106
302	low_pain	1.2765149e-05	0.99918324	0.00080399
303	no_pain	0.7147959	0.2273122	0.057891928
304	no_pain	0.7407331	0.25358075	0.005686211
305	no_pain	0.74128294	0.24954115	0.009175912
306	no_pain	0.77346987	0.22035524	0.006174876
307	low_pain	0.43179235	0.5645255	0.003682135
308	low_pain	2.7118747e-05	0.9982348	0.0017380413
309	no_pain	0.47865373	0.3588526	0.16249368
310	no_pain	0.7588644	0.23495296	0.006182661
311	no_pain	0.74779767	0.24631205	0.005890228
312	no_pain	0.73769647	0.25496215	0.0073414
313	no_pain	0.77741385	0.21596348	0.0066226884
314	no_pain	0.6181708	0.34507036	0.03675885
315	low_pain	0.47783294	0.49758217	0.024584893
316	no_pain	0.76957095	0.22384347	0.0065855235
317	no_pain	0.70987546	0.2789379	0.011186636
318	no_pain	0.7615177	0.23044221	0.008040093
319	high_pain	0.0071177953	0.37303612	0.61984617
320	no_pain	0.7749204	0.21836472	0.006714907
321	low_pain	4.4872857e-05	0.99618155	0.0037735708
322	low_pain	1.07546875e-05	0.99957854	0.00041070284
323	no_pain	0.6978588	0.26558715	0.036554046
324	no_pain	0.7179771	0.27574396	0.0062789503
325	low_pain	6.708155e-06	0.99904966	0.00094361964
326	high_pain	0.32048935	0.3304879	0.34902278
327	no_pain	0.6014929	0.27421996	0.12428717
328	no_pain	0.78674614	0.20730528	0.00594855
329	no_pain	0.6597017	0.3371958	0.003102528
330	low_pain	9.234245e-06	0.9995256	0.00046517537
331	no_pain	0.7641433	0.229323	0.00653372
332	no_pain	0.7499405	0.2442771	0.005782359
333	no_pain	0.763893	0.23025762	0.005849387
334	no_pain	0.5296684	0.33352226	0.13680936
335	no_pain	0.7634345	0.22946048	0.007105003
336	no_pain	0.7622868	0.23081787	0.0068953363
337	no_pain	0.7789545	0.21406463	0.0069808387
338	no_pain	0.71970946	0.26904184	0.0112487
339	no_pain	0.780354	0.21292803	0.0067179534
340	low_pain	6.2605345e-06	0.99929637	0.0006972975
341	high_pain	0.26274604	0.3490766	0.38817737
342	no_pain	0.5759448	0.33847824	0.085577026
343	no_pain	0.785345	0.2086089	0.0060460633
344	no_pain	0.74309236	0.25110272	0.005804895
345	no_pain	0.7622843	0.23117056	0.0065451856
346	low_pain	0.13369782	0.86497647	0.0013257401
347	no_pain	0.78765124	0.20582318	0.0065255645
348	no_pain	0.68594944	0.27446505	0.039585453
349	no_pain	0.72301203	0.26147184	0.015516119
350	no_pain	0.7538781	0.23354523	0.012576665
351	no_pain	0.6749934	0.31407103	0.010935595
352	low_pain	1.0079021e-05	0.99951565	0.000474248
353	no_pain	0.7193488	0.27504107	0.005610197
354	no_pain	0.7880264	0.2058617	0.006111938
355	no_pain	0.7332011	0.26016453	0.0066343886
356	no_pain	0.74703264	0.24677458	0.00619278
357	no_pain	0.7781267	0.2158037	0.006069619
358	no_pain	0.7485136	0.24532779	0.00615864
359	no_pain	0.68104047	0.31370267	0.0052568135
360	low_pain	0.46828753	0.5265789	0.0051335534
361	no_pain	0.6764747	0.27575615	0.047769137
362	no_pain	0.57569975	0.3434646	0.08083559
363	no_pain	0.75532806	0.23849331	0.0061786124
364	no_pain	0.7687615	0.22453673	0.006701754
365	no_pain	0.7578567	0.23498687	0.007156458
366	no_pain	0.76503974	0.22842969	0.006530582
367	no_pain	0.78419816	0.20974347	0.0060583916
368	no_pain	0.7767311	0.21743655	0.005832373
369	no_pain	0.73895967	0.25278592	0.008254427
370	no_pain	0.78522605	0.20870528	0.0060686497
371	low_pain	1.0349811e-05	0.99929386	0.00069573306
372	low_pain	5.963753e-06	0.999406	0.0005880759
373	low_pain	6.2509855e-05	0.99907154	0.00086597627
374	no_pain	0.7863511	0.20755127	0.006097659
375	low_pain	5.9725853e-06	0.99936444	0.00062959315
376	no_pain	0.6624176	0.2563556	0.081226766
377	no_pain	0.76385814	0.22936752	0.006774351
378	no_pain	0.76631886	0.22710459	0.006576543
379	low_pain	6.3978123e-06	0.9993122	0.0006813877
380	no_pain	0.6063486	0.391005	0.0026464283
381	low_pain	0.00013009802	0.9786299	0.02124006
382	no_pain	0.7505525	0.24388227	0.005565241
383	no_pain	0.75870854	0.23505494	0.006236501
384	no_pain	0.7704611	0.22277935	0.0067596138
385	no_pain	0.5743047	0.34466767	0.081027634
386	no_pain	0.7673082	0.22466588	0.00802591
387	no_pain	0.7864184	0.20761426	0.005967426
388	no_pain	0.73637134	0.2540641	0.009564524
389	no_pain	0.7598958	0.23307082	0.0070333364
390	no_pain	0.7345599	0.25639895	0.009041229
391	no_pain	0.7430023	0.25264063	0.0043570884
392	low_pain	5.9221846e-05	0.9963678	0.0035730184
393	no_pain	0.7587674	0.23420064	0.0070319907
394	no_pain	0.69824666	0.29503942	0.006713913
395	no_pain	0.7698298	0.22361258	0.006557602
396	no_pain	0.7403279	0.25306037	0.0066117654
397	no_pain	0.77069336	0.22253029	0.0067763333
398	no_pain	0.5674528	0.42995402	0.0025931548
399	low_pain	1.007425e-05	0.9995541	0.00043584692
400	low_pain	7.679051e-06	0.9990779	0.0009143938
401	low_pain	6.5535037e-06	0.9990525	0.00094089756
402	no_pain	0.7396402	0.25513932	0.005220542
403	no_pain	0.47988313	0.31600863	0.20410824
404	no_pain	0.7430683	0.24955256	0.007379167
405	no_pain	0.743299	0.24512175	0.011579283
406	no_pain	0.7604037	0.23274872	0.006847564
407	low_pain	8.529461e-06	0.99908257	0.00090890203
408	no_pain	0.7250374	0.26836118	0.006601453
409	no_pain	0.76349795	0.22863118	0.00787083
410	no_pain	0.73396975	0.25743458	0.008595633
411	no_pain	0.75511974	0.23762691	0.0072533726
412	no_pain	0.77893335	0.21499504	0.0060716085
413	low_pain	0.0002909024	0.98542005	0.014289056
414	low_pain	1.3082384e-05	0.99958843	0.00039847844
415	no_pain	0.7683142	0.22474241	0.006943407
416	low_pain	6.055376e-06	0.99936926	0.0006246581
417	no_pain	0.778017	0.21526812	0.006714859
418	low_pain	5.881108e-06	0.9993638	0.0006303709
419	no_pain	0.74118227	0.25173664	0.007081126
420	no_pain	0.7671887	0.22576615	0.0070450753
421	high_pain	0.007215511	0.3353015	0.657483
422	no_pain	0.74384034	0.24432768	0.011831944
423	low_pain	0.23385097	0.68499124	0.081157826
424	no_pain	0.7514878	0.24255072	0.005961479
425	low_pain	0.36632207	0.43837342	0.19530448
426	low_pain	1.1488292e-05	0.99759734	0.002391144
427	high_pain	0.005723679	0.30335385	0.69092244
428	no_pain	0.439979	0.3311593	0.22886172
429	high_pain	0.07025496	0.28881425	0.6409308
430	no_pain	0.74719685	0.24721606	0.0055870363
431	no_pain	0.7630462	0.23058374	0.006370082
432	no_pain	0.7746314	0.21859096	0.0067776865
433	no_pain	0.5246774	0.36330554	0.11201708
434	no_pain	0.7573479	0.23583695	0.0068151937
435	no_pain	0.791073	0.2028835	0.0060434393
436	no_pain	0.46351025	0.33181277	0.204677
437	no_pain	0.39100584	0.31777242	0.2912217
438	no_pain	0.7867669	0.20715033	0.0060828095
439	no_pain	0.75020903	0.24318896	0.006601973
440	no_pain	0.76472676	0.22926562	0.0060075736
441	no_pain	0.6362228	0.26066	0.10311728
442	no_pain	0.74537504	0.24854861	0.0060763555
443	no_pain	0.78819853	0.20577051	0.0060309186
444	no_pain	0.76838285	0.22508653	0.0065306993
445	no_pain	0.7564469	0.23720632	0.0063467384
446	no_pain	0.72442806	0.2619474	0.013624577
447	no_pain	0.585616	0.40266165	0.011722338
448	no_pain	0.74378	0.24950671	0.006713309
449	no_pain	0.77541596	0.21793889	0.006645169
450	low_pain	0.01616376	0.9792827	0.004553549
451	no_pain	0.76774246	0.22565748	0.006600103
452	no_pain	0.46965614	0.3397996	0.19054426
453	no_pain	0.7568265	0.23606502	0.0071084164
454	high_pain	0.049544655	0.31978676	0.6306686
455	no_pain	0.69397974	0.2880424	0.017977824
456	no_pain	0.7643866	0.22779396	0.0078194495
457	no_pain	0.7530845	0.23978503	0.0071305004
458	no_pain	0.5043727	0.3486907	0.14693657
459	no_pain	0.74083555	0.25310254	0.006061939
460	high_pain	0.27380088	0.3623641	0.36383495
461	no_pain	0.75033367	0.24307822	0.0065881414
462	low_pain	9.711583e-06	0.9990287	0.0009616451
463	no_pain	0.57520545	0.324168	0.10062652
464	no_pain	0.72678035	0.2598131	0.013406555
465	high_pain	0.013275325	0.31651926	0.6702054
466	no_pain	0.7367348	0.2561279	0.0071373363
467	no_pain	0.77589786	0.21713349	0.0069686896
468	no_pain	0.7221773	0.21766949	0.060153242
469	no_pain	0.7315865	0.26339015	0.0050233305
470	no_pain	0.6646784	0.31960282	0.015718779
471	high_pain	0.24944296	0.33980164	0.41075537
472	no_pain	0.735866	0.25721893	0.006915053
473	no_pain	0.75217146	0.24068348	0.0071450644
474	no_pain	0.75246805	0.24012671	0.007405295
475	low_pain	9.590188e-06	0.999286	0.0007045027
476	low_pain	0.42639014	0.57207435	0.0015355466
477	no_pain	0.7642862	0.22969107	0.0060226843
478	high_pain	0.0036551554	0.3446861	0.6516587
479	no_pain	0.7127272	0.27190885	0.015363949
480	no_pain	0.75421137	0.23940401	0.0063846284
481	no_pain	0.6746437	0.27440923	0.05094702
482	no_pain	0.7590867	0.23484564	0.0060676048
483	low_pain	0.10824218	0.8856464	0.0061114193
484	no_pain	0.6230636	0.32404917	0.05288721
485	no_pain	0.77453846	0.21857667	0.0068849092
486	no_pain	0.78720146	0.20676495	0.0060335645
487	no_pain	0.71548325	0.26990178	0.014614937
488	no_pain	0.75465196	0.23880938	0.006538684
489	low_pain	7.2795e-06	0.99913406	0.00085868174
490	low_pain	6.6924877e-06	0.99902296	0.0009703624
491	no_pain	0.7782222	0.21535952	0.006418273
492	high_pain	0.018336507	0.29393336	0.6877302
493	no_pain	0.68526274	0.3083412	0.006396039
494	no_pain	0.4139985	0.36724064	0.21876088
495	no_pain	0.71830827	0.27246472	0.009227098
496	no_pain	0.74835694	0.24487312	0.0067699156
497	no_pain	0.7736758	0.21923281	0.007091423
498	no_pain	0.4016952	0.29696772	0.30133706
499	no_pain	0.43886858	0.34721312	0.21391825
500	no_pain	0.7591056	0.23423086	0.006663494
501	no_pain	0.75600964	0.23720336	0.006787034
502	no_pain	0.75604695	0.23808858	0.005864464
503	no_pain	0.7625271	0.23140872	0.006064198
504	no_pain	0.7770276	0.216911	0.00606139
505	no_pain	0.76724434	0.22525379	0.0075018457
506	no_pain	0.7735306	0.21999367	0.0064756707
507	no_pain	0.741183	0.25321743	0.0055995733
508	low_pain	0.007144581	0.98806274	0.0047927345
509	no_pain	0.7721514	0.22103286	0.006815721
510	low_pain	0.012753092	0.98530585	0.0019410758
511	no_pain	0.77043	0.22376716	0.0058028377
512	no_pain	0.76850736	0.22488853	0.00660414
513	no_pain	0.77381504	0.21935871	0.006826257
514	no_pain	0.77649254	0.21633065	0.0071768533
515	no_pain	0.3503935	0.3060638	0.34354275
516	low_pain	0.1591363	0.8308167	0.010047057
517	no_pain	0.7854443	0.20766579	0.006889882
518	no_pain	0.77689457	0.21646598	0.0066394294
519	no_pain	0.75993955	0.23380783	0.0062526143
520	no_pain	0.7588557	0.23403917	0.0071051675
521	no_pain	0.7251503	0.26559928	0.009250418
522	low_pain	0.42810553	0.57074106	0.0011534494
523	no_pain	0.6859824	0.2931039	0.020913675
524	no_pain	0.7746161	0.21845777	0.006926113
525	no_pain	0.747677	0.24543795	0.0068850582
526	no_pain	0.77788603	0.21600163	0.00611234
527	no_pain	0.6773431	0.31620863	0.0064482396
528	no_pain	0.7529811	0.2408477	0.006171194
529	low_pain	6.3993843e-06	0.99939823	0.00059535215
530	no_pain	0.6202751	0.34165636	0.038068563
531	low_pain	0.00016623837	0.95007193	0.049761802
532	high_pain	0.027657704	0.32801285	0.6443295
533	high_pain	0.2722776	0.29412767	0.43359473
534	low_pain	0.0012898121	0.68065864	0.31805158
535	no_pain	0.7138248	0.27612862	0.010046588
536	low_pain	6.640808e-06	0.9990115	0.000981887
537	no_pain	0.7673586	0.22586499	0.0067764455
538	no_pain	0.75810015	0.23318337	0.008716478
539	low_pain	0.44452104	0.5409032	0.014575769
540	low_pain	6.054149e-06	0.9993166	0.0006774107
541	no_pain	0.77577454	0.21772088	0.0065045697
542	no_pain	0.7830282	0.2104483	0.006523526
543	no_pain	0.6999213	0.2898257	0.010252987
544	low_pain	7.995719e-06	0.9991704	0.00082156115
545	high_pain	0.26153317	0.3432282	0.39523864
546	no_pain	0.6264325	0.3550243	0.01854322
547	no_pain	0.62222165	0.3446792	0.03309914
548	no_pain	0.76949984	0.22371127	0.006788877
549	low_pain	9.086064e-06	0.9995199	0.00047102623
550	low_pain	5.7486745e-06	0.99934965	0.0006445855
551	no_pain	0.7597403	0.23342061	0.0068390975
552	no_pain	0.7219755	0.27364358	0.004380847
553	no_pain	0.69401836	0.2630128	0.042968906
554	no_pain	0.7643908	0.22891583	0.0066933343
555	no_pain	0.7776484	0.21547124	0.006880395
556	no_pain	0.7450021	0.24802974	0.0069681997
557	no_pain	0.7680626	0.22432566	0.0076117376
558	low_pain	9.911947e-06	0.99947035	0.0005196721
559	no_pain	0.7456332	0.24777605	0.0065907543
560	low_pain	1.29691625e-05	0.9971672	0.0028197605
561	no_pain	0.74460363	0.24952619	0.005870173
562	high_pain	0.13713151	0.34034228	0.5225262
563	no_pain	0.7601281	0.2327536	0.007118257
564	no_pain	0.5881322	0.29201975	0.11984808
565	low_pain	6.342045e-06	0.9994196	0.00057401933
566	no_pain	0.7663836	0.22586975	0.00774663
567	no_pain	0.7504205	0.2437176	0.005861898
568	no_pain	0.78745687	0.20659457	0.0059485505
569	no_pain	0.5962207	0.32692942	0.07684987
570	low_pain	0.0012377835	0.99182093	0.006941276
571	no_pain	0.7563621	0.23747417	0.006163755
572	no_pain	0.7052353	0.29130054	0.0034641982
573	no_pain	0.7589446	0.23409346	0.0069619385
574	no_pain	0.7745615	0.21860372	0.0068347054
575	no_pain	0.7529427	0.24120188	0.005855418
576	no_pain	0.7624241	0.22945753	0.008118363
577	low_pain	0.00027133877	0.99890786	0.00082080625
578	no_pain	0.77716047	0.21630993	0.006529587
579	no_pain	0.7300688	0.25768825	0.012242936
580	low_pain	9.2865215e-05	0.9987606	0.0011465487
581	no_pain	0.7171713	0.27470013	0.0081285
582	no_pain	0.76098156	0.23306398	0.0059544905
583	no_pain	0.76454294	0.22711329	0.008343762
584	low_pain	8.617287e-06	0.99930006	0.00069134374
585	no_pain	0.522366	0.4613239	0.016310105
586	no_pain	0.7745599	0.21883808	0.006601979
587	no_pain	0.69310087	0.2953389	0.011560202
588	no_pain	0.78595006	0.2073836	0.006666357
589	no_pain	0.76903474	0.22377703	0.0071882233
590	no_pain	0.7335281	0.26086023	0.005611678
591	no_pain	0.7543806	0.23941408	0.0062053474
592	no_pain	0.573626	0.41518164	0.0111923525
593	no_pain	0.7210838	0.27479428	0.0041218745
594	no_pain	0.7255843	0.26751342	0.0069022113
595	no_pain	0.68767166	0.30555567	0.0067726546
596	no_pain	0.7900709	0.20383833	0.00609076
597	low_pain	0.00026171762	0.99911267	0.0006255923
598	no_pain	0.63660794	0.34125605	0.022136012
599	no_pain	0.77026355	0.22274528	0.0069911852
600	no_pain	0.73867	0.25595	0.005379976
601	no_pain	0.7567821	0.23713851	0.0060793716
602	no_pain	0.77511925	0.2184464	0.0064343615
603	no_pain	0.7012825	0.28416237	0.014555162
604	no_pain	0.76507795	0.22802584	0.0068962392
605	no_pain	0.4156569	0.36718196	0.2171612
606	no_pain	0.7462787	0.24681164	0.0069096563
607	no_pain	0.5874752	0.41053218	0.0019926718
608	no_pain	0.7777244	0.21530688	0.0069687455
609	no_pain	0.78732586	0.20667458	0.005999519
610	no_pain	0.78879213	0.20524971	0.005958154
611	no_pain	0.78506625	0.20822668	0.0067070476
612	low_pain	5.896458e-06	0.99921644	0.00077764655
613	high_pain	0.0016005163	0.3974864	0.6009131
614	no_pain	0.7360363	0.25378937	0.010174349
615	no_pain	0.73038334	0.26210552	0.0075111715
616	no_pain	0.71342295	0.2821383	0.004438757
617	no_pain	0.76959646	0.22402637	0.0063771433
618	no_pain	0.78338164	0.2104187	0.006199573
619	no_pain	0.7661482	0.22788145	0.005970314
620	no_pain	0.6589858	0.33559796	0.005416251
621	no_pain	0.7897034	0.20392124	0.006375304
622	no_pain	0.7329975	0.26017836	0.0068241595
623	no_pain	0.7777009	0.21564366	0.0066554067
624	low_pain	0.043161806	0.90002126	0.056816936
625	no_pain	0.76100343	0.23257096	0.0064255856
626	no_pain	0.7557317	0.23553555	0.008732744
627	no_pain	0.77413946	0.21906349	0.006797011
628	no_pain	0.76847017	0.22472923	0.006800634
629	no_pain	0.70144224	0.28500733	0.01355045
630	no_pain	0.7339293	0.26053086	0.0055398815
631	no_pain	0.73440474	0.2601718	0.0054234047
632	high_pain	0.006003643	0.27236995	0.72162634
633	no_pain	0.75092894	0.24264915	0.0064218966
634	no_pain	0.4862229	0.35883656	0.15494053
635	low_pain	0.17448474	0.46476325	0.36075205
636	no_pain	0.7868886	0.2071325	0.005978861
637	low_pain	1.2158588e-05	0.9995855	0.0004023888
638	no_pain	0.77021253	0.22379875	0.0059887287
639	low_pain	5.9074187e-06	0.99935526	0.00063884666
640	no_pain	0.7419881	0.25122038	0.006791526
641	no_pain	0.52654094	0.22918868	0.24427037
642	low_pain	8.68684e-06	0.99926645	0.00072489853
643	no_pain	0.7586859	0.23441277	0.0069013806
644	no_pain	0.76188624	0.23133707	0.0067766695
645	no_pain	0.7932881	0.20057903	0.0061328807
646	no_pain	0.58893114	0.3594773	0.05159151
647	low_pain	6.666283e-06	0.99932534	0.0006679745
648	no_pain	0.7377978	0.25297514	0.009227094
649	high_pain	0.13609612	0.31666347	0.5472404
650	no_pain	0.7490263	0.24602985	0.0049437922
651	no_pain	0.7292786	0.26346377	0.007257565
652	no_pain	0.77633286	0.2170647	0.0066024703
653	no_pain	0.72024983	0.27085152	0.0088986065
654	no_pain	0.78953266	0.20438072	0.006086589
655	no_pain	0.7728097	0.22074278	0.00644746
656	no_pain	0.78500414	0.20886166	0.00613419
657	no_pain	0.634961	0.32382515	0.0412139
658	low_pain	8.25898e-06	0.9991242	0.00086744566
659	low_pain	0.0011292213	0.64359915	0.35527164
660	no_pain	0.72580814	0.26801682	0.006175045
661	high_pain	0.011680904	0.23806174	0.7502574
662	no_pain	0.76567334	0.22774315	0.006583433
663	no_pain	0.6198411	0.37524933	0.004909563
664	no_pain	0.7376887	0.25702414	0.0052870777
665	no_pain	0.69835824	0.29311457	0.008527203
666	no_pain	0.79234236	0.20151952	0.0061381
667	no_pain	0.76887864	0.22469497	0.0064263265
668	no_pain	0.77451426	0.21894431	0.006541368
669	no_pain	0.7415899	0.25199816	0.006412004
670	no_pain	0.7530333	0.24122201	0.005744699
671	no_pain	0.7401439	0.25297424	0.006881883
672	no_pain	0.75089115	0.24388705	0.005221799
673	no_pain	0.75873893	0.2352741	0.0059869266
674	no_pain	0.7727745	0.2196056	0.0076199025
675	no_pain	0.73259884	0.2603828	0.0070183547
676	low_pain	6.3649486e-06	0.99925184	0.0007417806
677	no_pain	0.50755256	0.46376663	0.028680768
678	high_pain	0.0068613724	0.2243766	0.76876205
679	no_pain	0.67548376	0.32117465	0.00334156
680	no_pain	0.74762994	0.2457132	0.006656891
681	no_pain	0.78148896	0.21213052	0.006380528
682	no_pain	0.7795871	0.2138519	0.0065610525
683	high_pain	0.029131372	0.30126292	0.6696057
684	no_pain	0.7937911	0.19999422	0.0062146634
685	no_pain	0.70398265	0.26500192	0.031015465
686	high_pain	0.0054523265	0.30484205	0.68970555
687	high_pain	0.0071520647	0.27139893	0.721449
688	no_pain	0.7677012	0.22463189	0.0076668826
689	no_pain	0.7567369	0.23688136	0.006381742
690	no_pain	0.7705593	0.22219181	0.0072488887
691	low_pain	0.00038093448	0.9530404	0.046578642
692	no_pain	0.75176513	0.2416394	0.006595504
693	no_pain	0.75823843	0.23463	0.007131499
694	no_pain	0.762849	0.23133555	0.0058154766
695	high_pain	0.2156925	0.35152462	0.43278283
696	no_pain	0.76277626	0.23102579	0.0061979587
697	no_pain	0.77312803	0.22081397	0.006058003
698	low_pain	6.769706e-06	0.9993294	0.0006638317
699	no_pain	0.707229	0.28866273	0.004108216
700	high_pain	0.34297115	0.20237327	0.4546556
701	no_pain	0.77875704	0.21475682	0.0064861556
702	no_pain	0.7560112	0.23680802	0.0071808132
703	no_pain	0.74889785	0.2449943	0.0061078635
704	no_pain	0.76493436	0.22912724	0.0059384396
705	no_pain	0.4936323	0.34817985	0.1581879
706	no_pain	0.7555788	0.23869345	0.0057277717
707	no_pain	0.6175043	0.3683187	0.01417694
708	no_pain	0.7327131	0.2626771	0.004609823
709	no_pain	0.7473682	0.24407302	0.00855877
710	no_pain	0.75612885	0.23631589	0.0075552356
711	no_pain	0.7177257	0.27563286	0.006641478
712	no_pain	0.74782604	0.24614988	0.0060240924
713	no_pain	0.7786985	0.21459927	0.0067021917
714	low_pain	1.4991e-05	0.9984217	0.0015632875
715	no_pain	0.7311254	0.26065403	0.008220534
716	no_pain	0.78258085	0.21034895	0.0070701987
717	low_pain	8.119549e-06	0.9991366	0.0008552609
718	low_pain	0.038004797	0.915141	0.04685419
719	no_pain	0.7472495	0.24735214	0.0053983754
720	no_pain	0.3972233	0.31636783	0.28640887
721	low_pain	8.199046e-06	0.99926937	0.0007224191
722	low_pain	0.0026074944	0.5350235	0.46236902
723	no_pain	0.7429207	0.2514277	0.0056516
724	no_pain	0.7300439	0.2610951	0.008861029
725	low_pain	0.0018073426	0.6387964	0.35939628
726	no_pain	0.7021176	0.2901497	0.0077326456
727	no_pain	0.73630315	0.25564	0.008056892
728	no_pain	0.75490886	0.23860629	0.006484916
729	high_pain	0.0065556625	0.4573474	0.53609693
730	no_pain	0.76135623	0.23222157	0.0064221765
731	low_pain	7.737177e-06	0.9994398	0.0005524285
732	high_pain	0.35701314	0.26487848	0.3781084
733	no_pain	0.7548214	0.23800032	0.0071782186
734	no_pain	0.7790894	0.2149725	0.0059381267
735	no_pain	0.57516485	0.4149925	0.009842661
736	no_pain	0.76648426	0.22667888	0.0068368427
737	no_pain	0.77715033	0.21613678	0.006712838
738	no_pain	0.6008134	0.27850148	0.12068515
739	no_pain	0.7705617	0.2219974	0.007440872
740	no_pain	0.7532005	0.2400008	0.0067987316
741	high_pain	0.010397619	0.25024787	0.73935455
742	low_pain	1.0290699e-05	0.99879855	0.0011911433
743	no_pain	0.6087564	0.38354298	0.0077006244
744	no_pain	0.7477364	0.24629681	0.0059667886
745	no_pain	0.76538455	0.2268411	0.0077743223
746	no_pain	0.5584627	0.43500325	0.0065341135
747	no_pain	0.7860461	0.2079983	0.005955628
748	low_pain	6.814434e-06	0.99933463	0.00065855955
749	low_pain	6.5508175e-06	0.99929243	0.000700986
750	no_pain	0.6896047	0.301317	0.009078299
751	no_pain	0.76694345	0.22547439	0.0075821695
752	no_pain	0.779385	0.21395421	0.0066608307
753	no_pain	0.731428	0.26063102	0.007940971
754	low_pain	0.38127565	0.46041754	0.1583068
755	no_pain	0.74328774	0.24478361	0.011928654
756	no_pain	0.7025215	0.28391555	0.013562874
757	high_pain	0.01767577	0.2653673	0.716957
758	low_pain	6.563732e-06	0.9993273	0.0006660797
759	low_pain	0.049317308	0.9331561	0.017526615
760	no_pain	0.74592125	0.24831626	0.00576246
761	no_pain	0.7522435	0.23885171	0.008904739
762	no_pain	0.7322016	0.26173487	0.0060635544
763	low_pain	0.17578256	0.5428812	0.28133625
764	low_pain	0.48056895	0.51241666	0.0070143677
765	no_pain	0.7602107	0.23355545	0.0062338645
766	no_pain	0.7100466	0.28465936	0.005294109
767	no_pain	0.6076516	0.29638335	0.095965065
768	low_pain	1.1165166e-05	0.9995761	0.00041273568
769	no_pain	0.60683715	0.26261812	0.13054472
770	no_pain	0.7774283	0.21579729	0.0067743766
771	no_pain	0.5972571	0.3981611	0.0045818323
772	no_pain	0.79619104	0.19796033	0.00584864
773	no_pain	0.7808656	0.21258624	0.0065482142
774	no_pain	0.77215016	0.22048593	0.0073638954
775	high_pain	0.0036071087	0.32416815	0.6722247
776	no_pain	0.5872631	0.40113497	0.011601902
777	no_pain	0.76148146	0.231518	0.007000507
778	no_pain	0.7708272	0.22265306	0.0065198136
779	low_pain	1.6876858e-05	0.99903965	0.0009434848
780	no_pain	0.7480398	0.2449192	0.007041003
781	no_pain	0.76198184	0.23144081	0.0065773316
782	no_pain	0.7034159	0.2866282	0.009955958
783	no_pain	0.78673774	0.20696798	0.006294258
784	no_pain	0.7295633	0.2528424	0.017594278
785	no_pain	0.7709187	0.22276609	0.006315239
786	low_pain	0.11816589	0.87655956	0.0052745747
787	no_pain	0.6988734	0.29083538	0.010291227
788	no_pain	0.74122673	0.252515	0.006258264
789	no_pain	0.75607336	0.23678051	0.0071461736
790	no_pain	0.7228741	0.27174774	0.005378192
791	low_pain	1.3449327e-05	0.9986119	0.0013746021
792	no_pain	0.7626985	0.23047853	0.00682306
793	no_pain	0.78824407	0.20581336	0.0059426064
794	no_pain	0.7755404	0.2177635	0.0066960873
795	low_pain	1.8149483e-05	0.9976029	0.0023789827
796	low_pain	6.2673344e-06	0.99928695	0.00070680864
797	no_pain	0.74343157	0.24689266	0.009675759
798	no_pain	0.731746	0.26265374	0.0056002713
799	no_pain	0.77159196	0.22110417	0.0073038973
800	no_pain	0.75799227	0.23566209	0.006345661
801	no_pain	0.73883486	0.2560878	0.0050773243
802	no_pain	0.7769082	0.21685176	0.0062400484
803	no_pain	0.76779306	0.22601523	0.006191733
804	no_pain	0.7643585	0.2267543	0.008887201
805	no_pain	0.75366783	0.2390772	0.0072549405
806	no_pain	0.70641166	0.2861527	0.0074356915
807	no_pain	0.698254	0.29639912	0.0053469106
808	no_pain	0.7553144	0.23625603	0.0084295515
809	no_pain	0.76956415	0.22427694	0.0061589084
810	low_pain	8.478644e-06	0.9991642	0.0008273024
811	high_pain	0.0022524714	0.48600528	0.51174223
812	no_pain	0.7792217	0.21322104	0.007557195
813	no_pain	0.7621188	0.23233424	0.005546943
814	low_pain	6.0894054e-06	0.99935037	0.00064356875
815	no_pain	0.77894986	0.21426034	0.006789775
816	no_pain	0.7867279	0.20675632	0.006515765
817	no_pain	0.75547785	0.2384683	0.0060538235
818	no_pain	0.744083	0.24778584	0.00813117
819	no_pain	0.7884107	0.20544471	0.006144551
820	no_pain	0.7596026	0.23406278	0.006334597
821	no_pain	0.7525357	0.23844086	0.009023471
822	no_pain	0.7745064	0.21855739	0.006936207
823	no_pain	0.7441567	0.24951135	0.0063319453
824	no_pain	0.6947381	0.30077252	0.0044893282
825	low_pain	0.003168089	0.7113412	0.28549072
826	no_pain	0.766592	0.22691377	0.006494195
827	no_pain	0.7743207	0.2191799	0.0064993617
828	no_pain	0.74311453	0.250537	0.0063484376
829	low_pain	0.0067861704	0.9850381	0.008175718
830	no_pain	0.7598825	0.23383392	0.006283544
831	no_pain	0.42678553	0.34343028	0.2297842
832	no_pain	0.7782397	0.2149085	0.0068517257
833	no_pain	0.7867667	0.20693102	0.0063022147
834	no_pain	0.73903716	0.2500766	0.01088622
835	no_pain	0.77910954	0.21405414	0.006836305
836	no_pain	0.42493343	0.37666422	0.19840236
837	no_pain	0.70729214	0.28558844	0.0071194493
838	no_pain	0.79110384	0.20292269	0.005973466
839	no_pain	0.7521122	0.24109997	0.0067878556
840	no_pain	0.47068265	0.34590906	0.1834083
841	no_pain	0.76145566	0.23092656	0.007617754
842	no_pain	0.77079123	0.22318006	0.0060286745
843	high_pain	0.029302904	0.35589808	0.614799
844	no_pain	0.6799425	0.29945853	0.020598968
845	no_pain	0.7406363	0.25189355	0.007470202
846	no_pain	0.7698048	0.22391821	0.006277014
847	no_pain	0.78030986	0.2134738	0.00621631
848	no_pain	0.7691489	0.22355366	0.007297446
849	no_pain	0.75369704	0.24018323	0.0061196745
850	no_pain	0.7748174	0.21853666	0.006645911
851	no_pain	0.76213014	0.23153462	0.006335236
852	high_pain	0.028309539	0.252725	0.7189655
853	no_pain	0.6881567	0.27616364	0.035679642
854	no_pain	0.7631722	0.2303149	0.006512826
855	no_pain	0.77818406	0.21523908	0.0065768426
856	no_pain	0.776185	0.21735027	0.006464773
857	low_pain	9.982433e-06	0.99955845	0.00043154697
858	low_pain	3.530563e-05	0.99947166	0.0004930453
859	no_pain	0.7649364	0.22489442	0.010169188
860	low_pain	0.00044252243	0.9895238	0.01003364
861	no_pain	0.78036934	0.2100589	0.009571722
862	low_pain	0.2415854	0.67986554	0.078548975
863	no_pain	0.68014586	0.3155331	0.0043210066
864	no_pain	0.68320084	0.2930434	0.023755759
865	no_pain	0.7082041	0.27799016	0.013805775
866	no_pain	0.46717834	0.34848	0.18434164
867	low_pain	0.0002968118	0.9977563	0.001946887
868	low_pain	5.4790933e-05	0.993472	0.006473257
869	low_pain	1.2533023e-05	0.9995977	0.00038973748
870	low_pain	7.711977e-06	0.99929625	0.0006960503
871	no_pain	0.40917948	0.34352118	0.24729934
872	no_pain	0.7733694	0.22017524	0.0064554033
873	no_pain	0.78240806	0.2114434	0.006148525
874	low_pain	7.0215347e-06	0.99927896	0.0007140553
875	no_pain	0.6538934	0.31103382	0.03507272
876	no_pain	0.69732714	0.29574114	0.0069316956
877	no_pain	0.7172924	0.24456656	0.03814106
878	no_pain	0.7621828	0.23156807	0.0062491293
879	low_pain	7.888762e-06	0.9992557	0.00073638844
880	no_pain	0.5580968	0.36023515	0.08166802
881	no_pain	0.75302297	0.24020311	0.006773946
882	no_pain	0.76079905	0.23098667	0.008214267
883	no_pain	0.77731615	0.21636544	0.0063184006
884	low_pain	6.1696796e-06	0.99922043	0.00077341974
885	low_pain	8.456094e-06	0.99927205	0.0007195142
886	no_pain	0.6743614	0.31918687	0.006451676
887	no_pain	0.7601064	0.23301019	0.0068834764
888	low_pain	2.860892e-05	0.99274623	0.0072252294
889	no_pain	0.7327229	0.26122054	0.00605654
890	no_pain	0.70642835	0.28607443	0.0074972757
891	low_pain	6.175474e-06	0.9994049	0.00058894005
892	no_pain	0.75279236	0.24048498	0.0067226663
893	no_pain	0.62183607	0.37521645	0.0029474478
894	no_pain	0.70966387	0.28476623	0.0055698925
895	no_pain	0.58973396	0.39861622	0.011649894
896	no_pain	0.76817024	0.22523758	0.0065922504
897	low_pain	0.34657654	0.35110286	0.30232057
898	no_pain	0.78995675	0.20379727	0.006245921
899	no_pain	0.7691732	0.22411966	0.0067071132
900	no_pain	0.7636531	0.22987477	0.0064721624
901	no_pain	0.7835971	0.19974391	0.016659014
902	low_pain	8.111347e-06	0.9994975	0.00049442163
903	no_pain	0.7798887	0.21354222	0.006569091
904	no_pain	0.69417	0.3020935	0.0037364375
905	no_pain	0.7393797	0.25285605	0.007764276
906	no_pain	0.73485273	0.26086193	0.004285337
907	no_pain	0.7871769	0.20679262	0.0060305013
908	no_pain	0.7672134	0.22490755	0.007879001
909	no_pain	0.5860458	0.39043048	0.023523709
910	no_pain	0.7240786	0.2685719	0.00734952
911	no_pain	0.7863959	0.2076205	0.0059836083
912	no_pain	0.74287945	0.25015634	0.0069642416
913	no_pain	0.745382	0.2474023	0.007215652
914	no_pain	0.6699153	0.32496056	0.005124098
915	no_pain	0.7582595	0.234867	0.006873456
916	no_pain	0.76902217	0.22467998	0.006297768
917	no_pain	0.76515144	0.22739223	0.007456374
918	no_pain	0.7730187	0.21982919	0.0071521476
919	no_pain	0.47220346	0.3654522	0.16234434
920	no_pain	0.77755517	0.21625134	0.0061934334
921	no_pain	0.7529526	0.24070923	0.006338158
922	no_pain	0.7295419	0.26409099	0.0063671134
923	low_pain	0.0020253712	0.75527954	0.24269505
924	no_pain	0.77472705	0.2186638	0.006609097
925	no_pain	0.75980777	0.23400871	0.006183461
926	no_pain	0.77774805	0.21554385	0.0067081335
927	no_pain	0.7090219	0.2700879	0.02089022
928	no_pain	0.7113539	0.28505987	0.0035861835
929	low_pain	7.5667426e-06	0.99942386	0.00056858134
930	low_pain	7.3232136e-06	0.9993006	0.00069205684
931	no_pain	0.754817	0.23915792	0.006025087
932	no_pain	0.7533835	0.23801973	0.008596706
933	no_pain	0.77981794	0.2139566	0.0062254528
934	no_pain	0.743645	0.2494445	0.0069105113
935	high_pain	0.004125637	0.3667497	0.6291247
936	no_pain	0.7800228	0.21294625	0.007030926
937	low_pain	6.440309e-06	0.9993245	0.00066901185
938	no_pain	0.7090289	0.28601745	0.004953608
939	no_pain	0.7642561	0.22897093	0.0067728977
940	no_pain	0.7641702	0.2291663	0.006663447
941	no_pain	0.76083547	0.23196425	0.0072003556
942	no_pain	0.7606341	0.23321512	0.006150723
943	no_pain	0.53299165	0.28105512	0.18595324
944	no_pain	0.7668691	0.22691654	0.0062143444
945	no_pain	0.7693495	0.22401436	0.0066361916
946	low_pain	0.011645089	0.57813597	0.41021892
947	low_pain	0.45024493	0.54778415	0.0019709214
948	no_pain	0.72644037	0.26432365	0.009235954
949	no_pain	0.68675417	0.2472253	0.066020526
950	no_pain	0.7789483	0.21435197	0.0066997074
951	no_pain	0.74758875	0.24329183	0.009119418
952	low_pain	0.015867477	0.9806671	0.0034654248
953	no_pain	0.6970332	0.29905462	0.0039121583
954	no_pain	0.7791801	0.21424183	0.0065780245
955	no_pain	0.75348675	0.24058887	0.005924349
956	no_pain	0.7693534	0.22437206	0.006274566
957	low_pain	0.226585	0.7626055	0.010809525
958	no_pain	0.7260334	0.2640923	0.009874232
959	no_pain	0.78014	0.21271348	0.0071464977
960	high_pain	0.18792269	0.32565093	0.48642638
961	no_pain	0.77959955	0.21342257	0.006977871
962	no_pain	0.7463023	0.24711302	0.006584671
963	no_pain	0.7044179	0.2799986	0.015583477
964	no_pain	0.76737326	0.22597678	0.006649953
965	no_pain	0.78791684	0.20603618	0.00604693
966	no_pain	0.76000875	0.23375294	0.006238308
967	no_pain	0.7258997	0.26618248	0.007917826
968	no_pain	0.7238593	0.27157122	0.0045694583
969	low_pain	0.017860075	0.52363837	0.45850158
970	no_pain	0.7546462	0.23946957	0.0058842697
971	no_pain	0.7708325	0.22224967	0.0069178385
972	no_pain	0.68837947	0.30777508	0.0038453904
973	no_pain	0.78615123	0.20731571	0.006533075
974	no_pain	0.7438135	0.2461067	0.010079772
975	no_pain	0.79235506	0.20136917	0.006275762
976	low_pain	5.3472115e-05	0.997837	0.0021095455
977	no_pain	0.7723077	0.22029635	0.007395983
978	high_pain	0.047633406	0.21505554	0.73731107
979	no_pain	0.75924	0.23373725	0.007022766
980	no_pain	0.7380549	0.2568012	0.0051439577
981	no_pain	0.7398451	0.25421065	0.005944236
982	no_pain	0.7475056	0.24551561	0.006978766
983	low_pain	1.091196e-05	0.9995894	0.00039971428
984	no_pain	0.7362641	0.25800234	0.0057335286
985	no_pain	0.7539728	0.23721913	0.008808092
986	low_pain	1.3150388e-05	0.99959487	0.00039200814
987	no_pain	0.72852486	0.2619303	0.009544865
988	no_pain	0.7509923	0.2430112	0.0059965192
989	no_pain	0.74785143	0.24528375	0.0068647447
990	low_pain	0.0013457217	0.75278187	0.24587241
991	low_pain	5.923264e-06	0.9992385	0.0007555635
992	no_pain	0.74605876	0.24666071	0.007280541
993	no_pain	0.5039285	0.33464903	0.16142248
994	no_pain	0.75619507	0.23787713	0.0059278314
995	low_pain	0.0011563627	0.7592291	0.23961458
996	no_pain	0.7922721	0.20181005	0.0059178495
997	low_pain	1.2856802e-05	0.9975971	0.002390045
998	no_pain	0.74701613	0.2462786	0.006705281
999	no_pain	0.76044923	0.2329856	0.0065652705
1000	no_pain	0.75485665	0.23708667	0.008056704
1001	no_pain	0.7158558	0.27990952	0.0042346595
1002	no_pain	0.76057446	0.23266624	0.0067592827
1003	no_pain	0.7798684	0.21348289	0.0066487067
1004	no_pain	0.7869337	0.20696725	0.0060990383
1005	no_pain	0.74311316	0.24993245	0.006954376
1006	high_pain	0.26246968	0.26431316	0.47321716
1007	no_pain	0.7519666	0.24111128	0.0069220844
1008	no_pain	0.75517946	0.23796304	0.0068574916
1009	no_pain	0.74109656	0.25180414	0.00709932
1010	no_pain	0.76197994	0.2302693	0.0077507845
1011	high_pain	0.006556942	0.25339127	0.7400518
1012	low_pain	0.28715703	0.71053946	0.0023035088
1013	no_pain	0.7035288	0.29289207	0.00357912
1014	no_pain	0.73885804	0.25594524	0.0051967385
1015	no_pain	0.7733559	0.2198538	0.006790275
1016	high_pain	0.0069022337	0.25882515	0.7342726
1017	no_pain	0.7617286	0.230404	0.007867423
1018	no_pain	0.7790035	0.21455766	0.0064388746
1019	no_pain	0.7754077	0.21825628	0.006336015
1020	no_pain	0.77578413	0.21804741	0.006168421
1021	no_pain	0.76093805	0.23237786	0.0066840868
1022	no_pain	0.759375	0.23220804	0.008417004
1023	no_pain	0.75333834	0.23965809	0.007003616
1024	low_pain	6.4970704e-06	0.99930805	0.0006854375
1025	no_pain	0.78112686	0.21257542	0.00629773
1026	no_pain	0.53779143	0.24937153	0.21283703
1027	no_pain	0.73562175	0.259355	0.005023224
1028	no_pain	0.7681246	0.22504197	0.0068334406
1029	no_pain	0.788229	0.20582435	0.005946659
1030	low_pain	5.8038822e-05	0.9986228	0.0013192258
1031	high_pain	0.04468382	0.26779732	0.6875189
1032	no_pain	0.7642752	0.2289349	0.0067898636
1033	low_pain	7.355001e-06	0.99909204	0.00090062147
1034	no_pain	0.7313723	0.26066065	0.007967078
1035	no_pain	0.73602647	0.25820094	0.005772581
1036	no_pain	0.7081302	0.28812155	0.003748281
1037	no_pain	0.76652795	0.22669642	0.0067756423
1038	low_pain	7.072783e-06	0.99930906	0.0006838631
1039	no_pain	0.7698579	0.22318652	0.006955539
1040	no_pain	0.51932174	0.31731516	0.1633631
1041	no_pain	0.75903124	0.23463239	0.006336392
1042	no_pain	0.79480946	0.19911692	0.0060736155
1043	no_pain	0.75305545	0.24121208	0.0057324874
1044	no_pain	0.7533964	0.24060123	0.0060024
1045	no_pain	0.7856442	0.2080764	0.006279428
1046	no_pain	0.6958442	0.2926778	0.011478069
1047	no_pain	0.7506997	0.2405592	0.0087410705
1048	no_pain	0.76181614	0.23149376	0.006690054
1049	no_pain	0.7849608	0.20881025	0.0062289382
1050	high_pain	0.3604553	0.25974753	0.37979713
1051	no_pain	0.72902983	0.26585695	0.005113152
1052	no_pain	0.7665351	0.22704543	0.0064194654
1053	no_pain	0.75465953	0.23968877	0.0056516924
1054	no_pain	0.76112205	0.23250535	0.0063725943
1055	no_pain	0.7551101	0.23773856	0.0071514463
1056	no_pain	0.7566	0.23494339	0.00845658
1057	low_pain	0.0011142876	0.9964131	0.0024726389
1058	no_pain	0.789373	0.20427106	0.0063559148
1059	low_pain	1.0863759e-05	0.9990553	0.0009338371
1060	no_pain	0.78533095	0.20824611	0.006422896
1061	low_pain	9.6312015e-06	0.9994483	0.0005420587
1062	low_pain	0.00021429395	0.98931605	0.010469628
1063	no_pain	0.78263015	0.21089172	0.0064781276
1064	no_pain	0.7498917	0.24330638	0.0068019037
1065	low_pain	0.00044497658	0.9553439	0.04421108
1066	no_pain	0.7886619	0.20515878	0.006179352
1067	no_pain	0.7467436	0.2465059	0.0067505133
1068	low_pain	0.0024659429	0.649288	0.34824607
1069	no_pain	0.7624244	0.2310803	0.006495277
1070	no_pain	0.77956194	0.21400054	0.0064375005
1071	low_pain	0.0006555924	0.9662994	0.03304501
1072	no_pain	0.76782644	0.22539248	0.0067810556
1073	low_pain	0.2515894	0.7300072	0.018403457
1074	no_pain	0.74446887	0.2494363	0.0060948427
1075	low_pain	1.0550297e-05	0.99957526	0.0004141706
1076	no_pain	0.7949399	0.19898404	0.006076055
1077	low_pain	1.5552545e-05	0.9965841	0.0034002997
1078	low_pain	0.00013272285	0.9839963	0.015870994
1079	no_pain	0.73514706	0.26005393	0.004798953
1080	no_pain	0.78836673	0.20570357	0.005929733
1081	no_pain	0.52347344	0.33604193	0.14048463
1082	no_pain	0.6159962	0.34130022	0.042703595
1083	no_pain	0.77836686	0.21549964	0.006133508
1084	no_pain	0.775799	0.21783301	0.006367994
1085	no_pain	0.69201094	0.2840515	0.02393757
1086	no_pain	0.7699795	0.22379644	0.006224104
1087	low_pain	1.0548333e-05	0.9995751	0.00041439035
1088	no_pain	0.74548846	0.24764119	0.006870325
1089	low_pain	0.010158474	0.9879404	0.0019011464
1090	no_pain	0.76543635	0.2277442	0.0068194005
1091	high_pain	0.066241674	0.22303465	0.7107237
1092	no_pain	0.7360051	0.25864494	0.0053499406
1093	no_pain	0.7639385	0.22815575	0.007905804
1094	no_pain	0.7724894	0.22081028	0.006700287
1095	no_pain	0.77675086	0.2158272	0.0074219345
1096	high_pain	0.18274881	0.33918762	0.47806358
1097	no_pain	0.7668133	0.22637327	0.006813486
1098	low_pain	6.6393113e-06	0.99934536	0.0006480381
1099	no_pain	0.4787291	0.30141643	0.21985443
1100	no_pain	0.7218134	0.27179527	0.006391368
1101	no_pain	0.7504892	0.24408916	0.0054216385
1102	no_pain	0.7436557	0.25037828	0.0059660664
1103	no_pain	0.44333285	0.22536741	0.33129975
1104	no_pain	0.75968206	0.23423426	0.006083678
1105	no_pain	0.5990871	0.30259338	0.09831953
1106	high_pain	0.005608015	0.4762427	0.5181493
1107	no_pain	0.7639964	0.22927067	0.006732971
1108	no_pain	0.61912626	0.28920433	0.09166943
1109	high_pain	0.00973743	0.28060395	0.7096586
1110	no_pain	0.7562664	0.23781464	0.005918975
1111	no_pain	0.4685835	0.33852848	0.19288805
1112	no_pain	0.7461282	0.247223	0.006648813
1113	no_pain	0.7549259	0.23815933	0.0069147134
1114	no_pain	0.7457805	0.24841107	0.0058083753
1115	low_pain	6.3980833e-06	0.9992793	0.0007143203
1116	no_pain	0.74733955	0.2468214	0.0058390456
1117	no_pain	0.60363334	0.33862597	0.05774073
1118	no_pain	0.615409	0.38059998	0.0039910367
1119	no_pain	0.765724	0.22660038	0.0076755933
1120	high_pain	0.01623017	0.3533411	0.63042873
1121	no_pain	0.718671	0.27213112	0.009197832
1122	high_pain	0.01503547	0.2557323	0.72923225
1123	no_pain	0.7801253	0.213643	0.0062316624
1124	no_pain	0.7534893	0.24072886	0.0057817954
1125	no_pain	0.7605824	0.2332248	0.0061928392
1126	no_pain	0.73739856	0.25670907	0.0058923555
1127	low_pain	6.7458377e-06	0.9993327	0.00066054956
1128	no_pain	0.70551395	0.2880337	0.006452375
1129	no_pain	0.6707135	0.31443867	0.014847809
1130	no_pain	0.74873024	0.24545462	0.0058150846
1131	high_pain	0.01063729	0.24269912	0.7466636
1132	no_pain	0.76679236	0.22640891	0.0067987046
1133	no_pain	0.79280007	0.20124571	0.005954211
1134	low_pain	7.736836e-05	0.9830064	0.016916214
1135	no_pain	0.7221099	0.26137796	0.016512077
1136	no_pain	0.7491489	0.24491747	0.005933616
1137	no_pain	0.7698928	0.22292688	0.0071802847
1138	no_pain	0.72959816	0.2659595	0.004442341
1139	no_pain	0.7412094	0.25186104	0.0069295713
1140	high_pain	0.064334214	0.2870217	0.6486441
1141	no_pain	0.48486072	0.3514447	0.16369458
1142	no_pain	0.7160832	0.25218043	0.031736303
1143	no_pain	0.7888335	0.20490141	0.00626514
1144	no_pain	0.7833747	0.20999658	0.0066286507
1145	no_pain	0.78272897	0.21034865	0.0069223964
1146	high_pain	0.012468618	0.3472912	0.6402402
1147	no_pain	0.7873946	0.20652713	0.0060782465
1148	no_pain	0.77013916	0.2232045	0.0066563403
1149	no_pain	0.6500592	0.28499198	0.064948805
1150	no_pain	0.6807001	0.31145397	0.007845966
1151	low_pain	1.8582796e-05	0.99899757	0.0009838287
1152	low_pain	0.00079795404	0.9966219	0.0025801763
1153	no_pain	0.7805309	0.21334124	0.006127798
1154	no_pain	0.7578438	0.23630396	0.0058522723
1155	low_pain	0.13205472	0.7521054	0.11583984
1156	high_pain	0.01009587	0.2715288	0.7183753
1157	no_pain	0.75502497	0.23918924	0.005785786
1158	no_pain	0.7765151	0.21641472	0.00707013
1159	no_pain	0.54324114	0.4463057	0.010453156
1160	no_pain	0.7016215	0.28198594	0.01639254
1161	no_pain	0.762457	0.23124869	0.0062942463
1162	no_pain	0.75724703	0.23554622	0.0072067794
1163	no_pain	0.73270696	0.26230785	0.0049851867
1164	low_pain	0.0026323113	0.9873538	0.010013846
1165	no_pain	0.7743248	0.21834803	0.0073271818
1166	low_pain	5.6712754e-05	0.9884674	0.011475831
1167	no_pain	0.7382447	0.25533533	0.0064199376
1168	low_pain	0.4495112	0.5437248	0.0067640403
1169	no_pain	0.78423756	0.20891003	0.006852352
1170	no_pain	0.7733712	0.21999338	0.0066353716
1171	no_pain	0.7715307	0.2211641	0.007305216
1172	no_pain	0.7461067	0.24760677	0.0062865457
1173	no_pain	0.44371694	0.36721426	0.1890688
1174	low_pain	4.5313955e-05	0.99761313	0.0023415368
1175	no_pain	0.7043686	0.2918757	0.0037557313
1176	no_pain	0.76594937	0.22709738	0.00695324
1177	no_pain	0.74998856	0.24411961	0.005891849
1178	no_pain	0.7540445	0.23860733	0.0073481803
1179	low_pain	1.1740135e-05	0.998785	0.0012032125
1180	no_pain	0.7719954	0.22253929	0.00546531
1181	no_pain	0.7689552	0.22362773	0.007417068
1182	no_pain	0.74342316	0.23853317	0.018043647
1183	no_pain	0.7550431	0.2372648	0.0076921093
1184	no_pain	0.7257615	0.26758727	0.006651194
1185	low_pain	7.5484763e-06	0.99947375	0.000518648
1186	high_pain	0.1129537	0.3021805	0.58486575
1187	no_pain	0.7516007	0.24252768	0.00587169
1188	no_pain	0.65667784	0.33832163	0.005000523
1189	no_pain	0.5186261	0.46343294	0.017940998
1190	no_pain	0.75718796	0.2366189	0.0061931284
1191	no_pain	0.756704	0.23757175	0.0057242387
1192	no_pain	0.6829851	0.2922744	0.024740562
1193	no_pain	0.59346455	0.39518252	0.011352948
1194	no_pain	0.7331113	0.26158977	0.005298929
1195	no_pain	0.7787143	0.21465133	0.006634317
1196	low_pain	0.1776797	0.6092226	0.21309765
1197	low_pain	0.00016161571	0.97687346	0.022964895
1198	no_pain	0.75265706	0.24038602	0.006956869
1199	no_pain	0.7760525	0.21754947	0.0063980273
1200	low_pain	0.00051615894	0.9870372	0.01244667
1201	no_pain	0.7685491	0.2242713	0.0071795806
1202	no_pain	0.39523992	0.34233946	0.26242062
1203	no_pain	0.7574781	0.23726061	0.005261288
1204	no_pain	0.76401216	0.22949953	0.006488348
1205	high_pain	0.32532397	0.32175615	0.35291988
1206	no_pain	0.7158142	0.2790611	0.005124733
1207	no_pain	0.7683255	0.22493218	0.006742286
1208	no_pain	0.7128612	0.28341076	0.0037280282
1209	low_pain	6.3880807e-06	0.999423	0.00057058
1210	no_pain	0.71153533	0.28332725	0.0051373756
1211	low_pain	0.0008199362	0.9789913	0.020188743
1212	no_pain	0.7438311	0.24622022	0.009948732
1213	no_pain	0.7706934	0.22192636	0.007380194
1214	no_pain	0.77913654	0.21413411	0.006729369
1215	no_pain	0.7746298	0.21866754	0.006702643
1216	no_pain	0.75057423	0.24391171	0.005514098
1217	no_pain	0.79128885	0.20264527	0.0060658464
1218	no_pain	0.40308586	0.3396757	0.25723845
1219	no_pain	0.7642975	0.2297617	0.0059407935
1220	no_pain	0.6808672	0.29769638	0.021436375
1221	no_pain	0.779879	0.21361311	0.006507952
1222	no_pain	0.7217609	0.27020988	0.008029173
1223	low_pain	7.591384e-06	0.99940735	0.0005850628
1224	no_pain	0.70286065	0.28349918	0.013640201
1225	no_pain	0.74909776	0.24364288	0.0072592977
1226	low_pain	5.9012696e-06	0.9993366	0.00065753463
1227	no_pain	0.7572567	0.23610413	0.006639153
1228	no_pain	0.6976963	0.29462317	0.007680464
1229	no_pain	0.75974864	0.23320325	0.0070480662
1230	no_pain	0.7597412	0.23474765	0.005511225
1231	high_pain	0.005484952	0.34793666	0.6465784
1232	no_pain	0.4535231	0.3685469	0.17793
1233	no_pain	0.76210827	0.22974984	0.008141852
1234	low_pain	9.921418e-06	0.9988972	0.001092897
1235	low_pain	1.1209436e-05	0.99848145	0.0015073195
1236	low_pain	0.09551723	0.9025947	0.0018880646
1237	no_pain	0.3741352	0.26903898	0.35682583
1238	high_pain	0.018212896	0.30634388	0.6754432
1239	no_pain	0.7687937	0.22434361	0.006862703
1240	no_pain	0.7708191	0.22174828	0.0074326033
1241	no_pain	0.7787699	0.21417196	0.0070581296
1242	no_pain	0.4274421	0.36402076	0.20853713
1243	no_pain	0.7652376	0.22862236	0.0061400183
1244	low_pain	0.00021685466	0.9983774	0.0014057234
1245	no_pain	0.75811976	0.23504321	0.0068369857
1246	low_pain	7.6245638e-06	0.99935806	0.0006343091
1247	low_pain	0.17407599	0.8148174	0.0111065805
1248	high_pain	0.07329571	0.27094606	0.65575826
1249	no_pain	0.70428354	0.28098935	0.0147270905
1250	no_pain	0.7672257	0.22597651	0.0067977807
1251	no_pain	0.76739657	0.22502683	0.007576585
1252	high_pain	0.012986454	0.25776118	0.72925234
1253	no_pain	0.7085716	0.28750038	0.0039279456
1254	low_pain	1.1146382e-05	0.9996006	0.00038823273
1255	no_pain	0.69719356	0.2888356	0.013970892
1256	low_pain	0.089097664	0.6333212	0.2775811
1257	no_pain	0.7254966	0.2558375	0.018665908
1258	no_pain	0.6520391	0.30797577	0.039985072
1259	no_pain	0.73659307	0.25602046	0.0073865005
1260	low_pain	7.2465186e-06	0.99937433	0.00061842985
1261	no_pain	0.7880928	0.2055719	0.0063352534
1262	no_pain	0.7662338	0.22592199	0.00784427
1263	no_pain	0.77528703	0.21780579	0.006907138
1264	no_pain	0.753469	0.23964892	0.006882049
1265	no_pain	0.7649807	0.22737877	0.00764053
1266	low_pain	0.27622202	0.49538833	0.22838965
1267	no_pain	0.76598376	0.22782108	0.006195099
1268	low_pain	1.2427919e-05	0.9996066	0.00038097153
1269	no_pain	0.76703745	0.22684932	0.006113189
1270	no_pain	0.76087767	0.23217866	0.006943668
1271	no_pain	0.7746378	0.2188535	0.006508646
1272	no_pain	0.74010426	0.25245023	0.007445471
1273	no_pain	0.73795354	0.25204107	0.010005394
1274	no_pain	0.7793723	0.21441269	0.0062150466
1275	no_pain	0.54061335	0.44147468	0.017911945
1276	no_pain	0.7946447	0.19945095	0.005904302
1277	no_pain	0.6257187	0.31406003	0.060221214
1278	no_pain	0.7854704	0.20830916	0.006220399
1279	no_pain	0.7750025	0.21881077	0.0061867954
1280	no_pain	0.7282964	0.26230934	0.009394228
1281	no_pain	0.78594846	0.20806424	0.0059872596
1282	high_pain	0.07679715	0.2741589	0.649044
1283	no_pain	0.7460218	0.2448925	0.009085703
1284	no_pain	0.77255255	0.22002284	0.007424592
1285	no_pain	0.7414533	0.2513222	0.0072244788
1286	no_pain	0.7191973	0.27653268	0.0042700437
1287	no_pain	0.7717988	0.22146423	0.0067369067
1288	high_pain	0.005250392	0.28091332	0.71383625
1289	no_pain	0.7717975	0.22180703	0.0063955016
1290	no_pain	0.7671118	0.2259812	0.0069070146
1291	no_pain	0.5506393	0.35981938	0.08954132
1292	no_pain	0.74488544	0.249292	0.00582255
1293	low_pain	8.515711e-05	0.9893318	0.010583075
1294	no_pain	0.76819736	0.22423351	0.0075691487
1295	low_pain	0.0033109072	0.95591724	0.040771876
1296	no_pain	0.7409641	0.25281802	0.006217835
1297	no_pain	0.64376444	0.26795733	0.088278286
1298	no_pain	0.7618776	0.23182356	0.0062987497
1299	low_pain	0.43982926	0.5487615	0.011409239
1300	low_pain	0.000813696	0.970265	0.02892129
1301	no_pain	0.7585388	0.23506005	0.0064011076
1302	no_pain	0.664035	0.28517842	0.050786536
1303	no_pain	0.79651356	0.19762738	0.005859083
1304	no_pain	0.7812832	0.21187724	0.006839566
1305	no_pain	0.7376997	0.2572446	0.0050556967
1306	no_pain	0.7893295	0.20459022	0.0060802856
1307	no_pain	0.74667126	0.24655268	0.0067759943
1308	no_pain	0.7582758	0.23514329	0.0065809665
1309	low_pain	7.36061e-06	0.99947554	0.0005170728
1310	no_pain	0.77030486	0.22306742	0.0066276877
1311	high_pain	0.33571956	0.32573462	0.3385458
1312	no_pain	0.65119964	0.2806609	0.06813949
1313	no_pain	0.73972386	0.25539273	0.0048833783
1314	no_pain	0.7730152	0.22079611	0.0061886525
1315	low_pain	1.2537142e-05	0.99960124	0.00038625323
1316	no_pain	0.7446469	0.24611346	0.009239623
1317	no_pain	0.74356496	0.25105056	0.005384426
1318	low_pain	1.2320855e-05	0.9995946	0.00039306405
1319	no_pain	0.7661992	0.22701319	0.0067875823
1320	no_pain	0.7097743	0.26287597	0.027349764
1321	no_pain	0.7044744	0.2921156	0.0034099822
1322	no_pain	0.7424854	0.2513309	0.0061836983
1323	no_pain	0.7650714	0.22806738	0.0068612047
