sample_index	label	no_pain	low_pain	high_pain
000	no_pain	0.99998915	1.123563e-06	9.708785e-06
001	no_pain	0.99999577	1.0001785e-06	3.1799007e-06
002	no_pain	0.999994	2.187233e-06	3.8076541e-06
003	no_pain	0.99998945	2.7859137e-06	7.790295e-06
004	no_pain	0.99998534	2.9003074e-06	1.1729856e-05
005	high_pain	0.1440408	4.015338e-05	0.855919
006	no_pain	0.9993648	1.8663628e-05	0.00061657553
007	no_pain	0.999994	2.0283435e-06	3.9759743e-06
008	no_pain	0.99998826	3.3118977e-06	8.446232e-06
009	no_pain	0.99999577	9.3117313e-07	3.2620753e-06
010	no_pain	0.9999944	1.8636035e-06	3.7447533e-06
011	no_pain	0.9999972	9.2013227e-07	1.8864828e-06
012	no_pain	0.999991	1.2731622e-06	7.677701e-06
013	no_pain	0.99998903	3.171621e-06	7.794362e-06
014	no_pain	0.99999535	1.106301e-06	3.499134e-06
015	no_pain	0.9999622	7.763408e-06	3.0022691e-05
016	low_pain	3.7720677e-06	0.9999928	3.4515367e-06
017	no_pain	0.8571768	1.2628351e-05	0.14281055
018	low_pain	4.181141e-06	0.99999124	4.607147e-06
019	no_pain	0.99999297	2.2448064e-06	4.7733215e-06
020	no_pain	0.9999871	4.1039198e-06	8.772047e-06
021	no_pain	0.99999326	1.7665934e-06	5.0001036e-06
022	no_pain	0.854236	3.536334e-05	0.14572862
023	low_pain	2.9505459e-06	0.99999493	2.0965006e-06
024	no_pain	0.85465336	9.09967e-05	0.14525566
025	no_pain	0.9999878	3.9820397e-06	8.219783e-06
026	low_pain	3.2223759e-06	0.9999942	2.5418162e-06
027	no_pain	0.9999965	1.2159879e-06	2.2768638e-06
028	no_pain	0.9999962	9.1141186e-07	2.9159694e-06
029	no_pain	0.99999017	9.674867e-07	8.861432e-06
030	no_pain	0.9999939	2.178498e-06	3.8880466e-06
031	no_pain	0.999996	9.542458e-07	3.1000636e-06
032	no_pain	0.9999913	1.1991282e-06	7.545033e-06
033	no_pain	0.85717076	0.14282003	9.178082e-06
034	no_pain	0.99999344	1.1749378e-06	5.358176e-06
035	no_pain	0.9999959	8.953089e-07	3.207151e-06
036	low_pain	3.143492e-06	0.9999947	2.150707e-06
037	no_pain	0.9991546	2.1370859e-05	0.0008239393
038	no_pain	0.99999267	1.1990735e-06	6.1550477e-06
039	no_pain	0.9999967	8.42077e-07	2.3677053e-06
040	no_pain	0.9998353	1.27778785e-05	0.00015196472
041	low_pain	4.6894734e-06	0.9999921	3.194528e-06
042	low_pain	3.017913e-06	0.9999939	3.062742e-06
043	low_pain	0.13712958	0.8627292	0.00014120096
044	no_pain	0.99999106	1.1668059e-06	7.7586865e-06
045	low_pain	0.0015099179	0.6312226	0.36726746
046	high_pain	4.9176302e-05	6.67625e-06	0.99994415
047	no_pain	0.9999961	9.122553e-07	2.9408607e-06
048	no_pain	0.9999916	2.0890725e-06	6.2929475e-06
049	high_pain	0.00010405712	1.4915869e-05	0.9998811
050	high_pain	0.00019159516	1.8201814e-05	0.9997902
051	no_pain	0.99999183	2.5821248e-06	5.5942996e-06
052	low_pain	4.425278e-06	0.99999255	3.0183712e-06
053	low_pain	0.14326493	0.85670584	2.916581e-05
054	no_pain	0.9999896	3.3262697e-06	7.03975e-06
055	no_pain	0.999708	7.198188e-06	0.00028486334
056	no_pain	0.99999696	7.3585045e-07	2.3194902e-06
057	low_pain	0.14292002	0.8570693	1.0668419e-05
058	no_pain	0.9999961	9.303828e-07	2.9673781e-06
059	no_pain	0.9999965	9.1722893e-07	2.600785e-06
060	high_pain	0.43402869	0.00030211158	0.56566924
061	no_pain	0.99998796	1.1825699e-06	1.0899937e-05
062	no_pain	0.9999941	1.1822831e-06	4.7426556e-06
063	no_pain	0.9999965	9.811048e-07	2.5753977e-06
064	no_pain	0.99998677	4.4057747e-06	8.777338e-06
065	no_pain	0.99998266	5.3228423e-06	1.2032977e-05
066	no_pain	0.99998474	5.4176903e-06	9.841932e-06
067	no_pain	0.99999267	1.1985347e-06	6.146835e-06
068	no_pain	0.9988033	2.719248e-05	0.0011694516
069	no_pain	0.9999917	2.7984502e-06	5.575407e-06
070	no_pain	0.9999941	1.9970382e-06	3.943245e-06
071	low_pain	1.1115434e-05	0.9999809	7.953744e-06
072	no_pain	0.9999968	1.0651464e-06	2.1087394e-06
073	no_pain	0.9977454	3.134134e-05	0.0022232386
074	no_pain	0.99998295	3.6675196e-06	1.3399392e-05
075	no_pain	0.99999493	8.379108e-07	4.195967e-06
076	no_pain	0.99998754	1.4047098e-06	1.1031229e-05
077	no_pain	0.99998516	4.6487394e-06	1.0222683e-05
078	no_pain	0.999996	1.2037644e-06	2.7946755e-06
079	no_pain	0.99999076	1.2121969e-06	8.104788e-06
080	high_pain	0.14345637	7.009088e-05	0.8564735
081	high_pain	0.13643844	0.005826529	0.85773504
082	high_pain	0.00014482332	1.1759124e-05	0.9998434
083	no_pain	0.9999843	2.8280588e-06	1.2828508e-05
084	no_pain	0.9999962	1.2501876e-06	2.5469922e-06
085	no_pain	0.99999475	8.4839405e-07	4.3914233e-06
086	no_pain	0.99998707	4.1500653e-06	8.79506e-06
087	low_pain	0.1430008	0.8569788	2.048815e-05
088	no_pain	0.99999565	1.3136575e-06	3.0376493e-06
089	no_pain	0.9999952	1.6055798e-06	3.2634e-06
090	no_pain	0.85632384	4.2124237e-05	0.14363396
091	no_pain	0.9999965	8.2908144e-07	2.6612258e-06
092	no_pain	0.9999944	1.85523e-06	3.7206976e-06
093	low_pain	4.4977637e-06	0.99999225	3.2883097e-06
094	no_pain	0.9999876	4.0203636e-06	8.36567e-06
095	no_pain	0.999986	6.7146852e-06	7.299713e-06
096	no_pain	0.99999607	7.530479e-07	3.1512604e-06
097	high_pain	0.14309324	3.1671476e-05	0.85687506
098	no_pain	0.5714546	7.5691705e-06	0.4285378
099	low_pain	0.00011882828	0.9998511	3.0081095e-05
100	no_pain	0.9999899	3.835144e-06	6.208958e-06
101	no_pain	0.99999374	2.1530038e-06	4.1754147e-06
102	low_pain	4.4254202e-06	0.99999195	3.6296858e-06
103	low_pain	0.15902321	0.84080696	0.00016987872
104	no_pain	0.999997	9.676189e-07	1.9896718e-06
105	high_pain	0.28912368	7.611166e-05	0.71080023
106	high_pain	0.0001683221	1.8359975e-05	0.9998134
107	no_pain	0.9999944	1.2255452e-06	4.3303794e-06
108	no_pain	0.99999505	1.508971e-06	3.4559664e-06
109	no_pain	0.9999895	3.5101418e-06	6.9700222e-06
110	no_pain	0.99999565	1.3046068e-06	3.033881e-06
111	no_pain	0.99999565	9.4734776e-07	3.4298557e-06
112	no_pain	0.56764406	0.00011530864	0.43224066
113	no_pain	0.9999875	4.5547226e-06	7.986047e-06
114	no_pain	0.99999535	1.4040826e-06	3.1896761e-06
115	no_pain	0.94851834	0.00033095904	0.05115069
116	no_pain	0.9999782	3.4148372e-06	1.836039e-05
117	high_pain	4.9476737e-05	6.576883e-06	0.9999439
118	high_pain	0.14302233	2.3108647e-05	0.8569545
119	no_pain	0.9999972	7.1314577e-07	2.070619e-06
120	no_pain	0.99999106	2.536676e-06	6.3894026e-06
121	no_pain	0.9999923	2.6621726e-06	5.069322e-06
122	no_pain	0.99998933	2.7391382e-06	7.919743e-06
123	no_pain	0.9999943	1.9565766e-06	3.779442e-06
124	no_pain	0.9999881	3.6590293e-06	8.23975e-06
125	no_pain	0.99998873	3.984919e-06	7.226895e-06
126	no_pain	0.9999963	1.0296274e-06	2.652659e-06
127	no_pain	0.9999963	7.7262666e-07	2.879083e-06
128	no_pain	0.99998844	4.152501e-06	7.3936894e-06
129	no_pain	0.99999315	2.4248059e-06	4.4312824e-06
130	no_pain	0.9999942	1.9539846e-06	3.822984e-06
131	no_pain	0.99999523	1.5969234e-06	3.1631741e-06
132	no_pain	0.9999963	8.797227e-07	2.7971644e-06
133	no_pain	0.9999889	3.6082326e-06	7.468387e-06
134	no_pain	0.99999654	1.2219933e-06	2.2243185e-06
135	no_pain	0.9999832	5.605544e-06	1.1209352e-05
136	low_pain	2.7605183e-06	0.9999946	2.717429e-06
137	high_pain	0.28673252	5.1305167e-05	0.7132161
138	no_pain	0.99999535	1.4335344e-06	3.1915702e-06
139	no_pain	0.77829635	0.22116467	0.00053897785
140	no_pain	0.99999315	1.7941275e-06	5.1320894e-06
141	no_pain	0.9999943	1.932907e-06	3.7489276e-06
142	no_pain	0.99502105	9.9688594e-05	0.004879241
143	no_pain	0.9999943	1.8622917e-06	3.8760586e-06
144	no_pain	0.5664411	7.1585186e-05	0.43348724
145	no_pain	0.99999493	1.5249682e-06	3.508124e-06
146	low_pain	4.135017e-06	0.9999925	3.4009686e-06
147	no_pain	0.999997	1.004152e-06	1.985813e-06
148	low_pain	3.6474855e-06	0.99999416	2.1713772e-06
149	no_pain	0.99999326	1.0560171e-06	5.6781414e-06
150	no_pain	0.99999136	2.1409603e-06	6.491447e-06
151	no_pain	0.999988	3.4369316e-06	8.549062e-06
152	no_pain	0.99999624	1.4320497e-06	2.3601465e-06
153	no_pain	0.99998665	1.1832936e-06	1.2173599e-05
154	no_pain	0.9999899	3.2495534e-06	6.8403424e-06
155	no_pain	0.9999878	3.43524e-06	8.753129e-06
156	no_pain	0.7151443	8.864159e-05	0.28476706
157	no_pain	0.99998707	1.5196548e-06	1.1467454e-05
158	no_pain	0.99999565	9.5261504e-07	3.3876802e-06
159	no_pain	0.56815076	5.600729e-05	0.43179324
160	low_pain	0.00013013762	0.9998588	1.1103312e-05
161	no_pain	0.99998826	3.3966987e-06	8.3209015e-06
162	no_pain	0.99999666	1.1301211e-06	2.2412037e-06
163	no_pain	0.9999924	1.8773044e-06	5.797978e-06
164	no_pain	0.999992	1.3002427e-06	6.6774846e-06
165	low_pain	0.00018983688	0.71615845	0.2836517
166	no_pain	0.9999899	2.9963976e-06	7.100526e-06
167	no_pain	0.999991	2.9558466e-06	6.0546326e-06
168	no_pain	0.99287593	8.58706e-05	0.007038226
169	no_pain	0.99999434	1.938319e-06	3.7368234e-06
170	no_pain	0.8428191	0.15711634	6.457483e-05
171	low_pain	0.11125005	0.88840336	0.00034661815
172	no_pain	0.99999607	9.4976764e-07	2.983798e-06
173	high_pain	0.2874399	0.00010899675	0.71245104
174	no_pain	0.999988	4.047751e-06	7.966176e-06
175	low_pain	0.0009290487	0.755534	0.24353696
176	no_pain	0.9999748	3.6591446e-06	2.1559534e-05
177	no_pain	0.99999714	7.3924144e-07	2.1305343e-06
178	no_pain	0.99998707	1.192703e-06	1.17141235e-05
179	no_pain	0.999988	1.3254356e-06	1.0710966e-05
180	no_pain	0.999994	1.575413e-06	4.424521e-06
181	no_pain	0.99999565	1.4247614e-06	2.9396465e-06
182	no_pain	0.9999801	4.2780202e-06	1.5628919e-05
183	no_pain	0.9999962	1.4421354e-06	2.3323155e-06
184	no_pain	0.9999795	4.3067603e-06	1.6179052e-05
185	no_pain	0.99998665	1.4636406e-06	1.1858526e-05
186	high_pain	0.00013748817	1.1296813e-05	0.9998512
187	no_pain	0.9999973	8.3070466e-07	1.8207769e-06
188	no_pain	0.97608507	0.000121676865	0.023793263
189	high_pain	0.00018314473	1.944231e-05	0.9997974
190	no_pain	0.99999607	1.4055088e-06	2.552963e-06
191	high_pain	0.00016927044	1.6041025e-05	0.9998147
192	no_pain	0.9999859	3.3404115e-06	1.072109e-05
193	no_pain	0.99999446	1.4418662e-06	4.0733635e-06
194	no_pain	0.9999943	1.9174015e-06	3.7970708e-06
195	no_pain	0.999996	1.505516e-06	2.5026563e-06
196	no_pain	0.99999714	9.470247e-07	1.9711665e-06
197	no_pain	0.9999878	1.1325684e-06	1.1068486e-05
198	low_pain	0.28563023	0.71436083	8.927318e-06
199	no_pain	0.9999947	1.7140493e-06	3.6310696e-06
200	no_pain	0.99999684	1.0549956e-06	2.0713992e-06
201	high_pain	0.00015920085	1.3807892e-05	0.99982697
202	low_pain	2.7606743e-06	0.9999946	2.6797902e-06
203	low_pain	1.17664285e-05	0.99998343	4.7642347e-06
204	no_pain	0.9999962	8.9044e-07	2.8712918e-06
205	no_pain	0.99999505	1.7080491e-06	3.2881974e-06
206	low_pain	0.14285466	0.8571388	6.494168e-06
207	no_pain	0.9999958	1.4656505e-06	2.6587438e-06
208	no_pain	0.9999853	2.7779886e-06	1.1889318e-05
209	no_pain	0.99999577	1.2717899e-06	2.9144317e-06
210	no_pain	0.99999344	1.3584893e-06	5.1742745e-06
211	no_pain	0.9999905	3.5829823e-06	5.8835826e-06
212	no_pain	0.99998486	2.1853089e-06	1.2926764e-05
213	no_pain	0.9999963	8.9701285e-07	2.7818626e-06
214	low_pain	4.2177026e-06	0.99999225	3.5373882e-06
215	no_pain	0.9999961	8.866504e-07	3.00514e-06
216	no_pain	0.9999939	1.915878e-06	4.1528156e-06
217	no_pain	0.9999963	8.136568e-07	2.8850773e-06
218	no_pain	0.99999255	2.4896162e-06	4.969533e-06
219	no_pain	0.99998677	2.5966115e-06	1.0582205e-05
220	low_pain	5.5563746e-06	0.9999901	4.334965e-06
221	no_pain	0.9999875	3.9992497e-06	8.514152e-06
222	low_pain	7.5047365e-06	0.99998397	8.469019e-06
223	no_pain	0.8711152	0.12877473	0.000110127774
224	no_pain	0.9999909	2.5697675e-06	6.5561717e-06
225	no_pain	0.9999946	1.7997785e-06	3.6798185e-06
226	low_pain	0.1426969	0.85727984	2.3273917e-05
227	no_pain	0.9999967	8.3415983e-07	2.4459673e-06
228	no_pain	0.99999505	1.1357469e-06	3.850289e-06
229	no_pain	0.9999944	1.769241e-06	3.82142e-06
230	no_pain	0.9999956	9.743544e-07	3.4487853e-06
231	no_pain	0.9999909	3.0978229e-06	6.047135e-06
232	no_pain	0.9999927	2.378376e-06	4.8891166e-06
233	no_pain	0.9999951	1.6639351e-06	3.2232144e-06
234	no_pain	0.99999005	1.3423427e-06	8.57884e-06
235	no_pain	0.9999968	1.1074692e-06	2.084544e-06
236	no_pain	0.9999881	2.6948048e-06	9.263897e-06
237	no_pain	0.99999017	2.8624531e-06	6.9460148e-06
238	high_pain	0.12916449	0.00090816704	0.86992735
239	no_pain	0.99998814	3.2411765e-06	8.640512e-06
240	no_pain	0.9999957	1.379172e-06	2.9256119e-06
241	no_pain	0.99998695	4.359777e-06	8.717879e-06
242	no_pain	0.9999944	1.7259632e-06	3.8112908e-06
243	no_pain	0.999992	1.2710818e-06	6.6655816e-06
244	no_pain	0.8571385	0.14284533	1.6180104e-05
245	no_pain	0.9999942	1.960103e-06	3.8438425e-06
246	no_pain	0.999997	9.80791e-07	1.98072e-06
247	no_pain	0.9999924	1.9941797e-06	5.60232e-06
248	no_pain	0.99999386	2.0724408e-06	4.117929e-06
249	no_pain	0.9999963	8.9050343e-07	2.8173552e-06
250	no_pain	0.99997824	3.2167134e-06	1.8517607e-05
251	low_pain	3.0313215e-06	0.99999386	3.0961357e-06
252	no_pain	0.99999535	1.0023242e-06	3.6126128e-06
253	no_pain	0.999996	9.4984733e-07	3.080113e-06
254	no_pain	0.9999742	3.051672e-06	2.2755647e-05
255	no_pain	0.9999891	2.8392944e-06	8.088317e-06
256	no_pain	0.99998826	3.8065757e-06	7.885685e-06
257	high_pain	0.44401103	0.000185009	0.55580395
258	no_pain	0.99992377	1.2154671e-05	6.41108e-05
259	no_pain	0.9999934	2.2149782e-06	4.41349e-06
260	no_pain	0.9999915	1.2669842e-06	7.2440607e-06
261	high_pain	9.744354e-05	1.0738305e-05	0.9998918
262	no_pain	0.9999843	3.963859e-06	1.1700783e-05
263	no_pain	0.9999936	1.7706999e-06	4.6442797e-06
264	no_pain	0.9999863	3.3657664e-06	1.0304369e-05
265	no_pain	0.999991	3.0205933e-06	5.974973e-06
266	high_pain	0.00082597445	0.14189875	0.8572753
267	no_pain	0.99998957	3.5665726e-06	6.860642e-06
268	high_pain	0.1428851	2.5613934e-05	0.8570892
269	no_pain	0.56072533	8.692018e-05	0.43918774
270	low_pain	3.6210354e-06	0.99999267	3.7408934e-06
271	no_pain	0.9999955	1.3323728e-06	3.1425593e-06
272	low_pain	3.8087458e-06	0.9999927	3.4876377e-06
273	low_pain	0.27205026	0.727836	0.00011374041
274	no_pain	0.99998933	3.0616525e-06	7.608394e-06
275	no_pain	0.9999941	1.6499386e-06	4.2803763e-06
276	no_pain	0.8522796	7.858399e-05	0.14764185
277	no_pain	0.95876366	0.000110243906	0.04112611
278	no_pain	0.9999954	8.763117e-07	3.6975193e-06
279	no_pain	0.99999386	2.1398268e-06	4.035827e-06
280	no_pain	0.99999684	1.0102674e-06	2.1073918e-06
281	no_pain	0.99998707	1.5373893e-06	1.14547e-05
282	no_pain	0.9999942	2.088617e-06	3.670458e-06
283	low_pain	0.28582606	0.7141488	2.5118396e-05
284	no_pain	0.9999909	3.051899e-06	6.0794673e-06
285	no_pain	0.99999475	1.7617664e-06	3.4436166e-06
286	no_pain	0.999994	2.0258828e-06	3.9869033e-06
287	low_pain	0.00034002558	0.99965143	8.553019e-06
288	no_pain	0.9999951	1.1454964e-06	3.8186995e-06
289	no_pain	0.99999607	9.620688e-07	3.0428441e-06
290	no_pain	0.99998677	4.40466e-06	8.812717e-06
291	low_pain	3.0100875e-06	0.9999947	2.3150642e-06
292	no_pain	0.9999897	2.5433615e-06	7.740077e-06
293	no_pain	0.9999904	3.2136907e-06	6.3921807e-06
294	low_pain	4.455547e-06	0.9999923	3.2371347e-06
295	no_pain	0.9999928	2.4808357e-06	4.788988e-06
296	no_pain	0.99998903	3.139213e-06	7.837964e-06
297	no_pain	0.9999916	2.6518721e-06	5.75725e-06
298	no_pain	0.99998796	1.4014315e-06	1.0661136e-05
299	no_pain	0.9999526	6.540236e-06	4.0908275e-05
300	high_pain	0.000114968694	0.142665	0.85722005
301	no_pain	0.9999913	2.9447997e-06	5.7811885e-06
302	low_pain	2.872471e-06	0.99999416	2.9662385e-06
303	no_pain	0.9999895	1.1713297e-06	9.319502e-06
304	no_pain	0.9999899	3.738309e-06	6.4020883e-06
305	no_pain	0.99999315	1.2927311e-06	5.591251e-06
306	no_pain	0.9999973	8.669281e-07	1.7786042e-06
307	no_pain	0.99999344	2.0589503e-06	4.5114407e-06
308	high_pain	0.055430148	0.37125227	0.5733176
309	no_pain	0.9999962	9.673325e-07	2.8440522e-06
310	no_pain	0.99999076	3.0223266e-06	6.25996e-06
311	no_pain	0.99999565	1.3137131e-06	3.0667068e-06
312	no_pain	0.9999906	3.1695074e-06	6.2613503e-06
313	no_pain	0.99993426	4.950842e-06	6.081414e-05
314	no_pain	0.9999957	9.816797e-07	3.3125802e-06
315	no_pain	0.99999267	3.019742e-06	4.331755e-06
316	no_pain	0.9999876	2.7130973e-06	9.677674e-06
317	no_pain	0.9999832	5.82866e-06	1.1000352e-05
318	no_pain	0.9999961	9.844481e-07	2.858613e-06
319	high_pain	5.8256854e-05	1.4011049e-05	0.9999277
320	no_pain	0.9999874	2.5453533e-06	1.0033995e-05
321	low_pain	3.960268e-06	0.9999928	3.2425773e-06
322	low_pain	3.072763e-06	0.99999475	2.1846274e-06
323	no_pain	0.9999939	1.156725e-06	4.876198e-06
324	no_pain	0.9999937	2.1666926e-06	4.155164e-06
325	low_pain	6.2305157e-06	0.9999898	3.967023e-06
326	high_pain	0.00018576128	2.0070996e-05	0.9997942
327	no_pain	0.99998426	1.978213e-06	1.3785048e-05
328	no_pain	0.9999961	9.2608764e-07	2.9367195e-06
329	no_pain	0.9999924	2.5410504e-06	5.090594e-06
330	low_pain	1.7717639e-05	0.9999753	6.9390985e-06
331	no_pain	0.99999624	1.2103646e-06	2.535904e-06
332	no_pain	0.9999933	2.2889067e-06	4.419269e-06
333	no_pain	0.99999475	1.5871447e-06	3.6875394e-06
334	high_pain	0.00013987826	1.3970918e-05	0.9998461
335	no_pain	0.999989	1.4173329e-06	9.598099e-06
336	no_pain	0.99998283	3.849613e-06	1.3329411e-05
337	no_pain	0.9999932	1.2231624e-06	5.5999117e-06
338	no_pain	0.99998623	3.7592004e-06	9.953251e-06
339	no_pain	0.99999565	1.0294987e-06	3.34254e-06
340	low_pain	4.06887e-05	0.9993045	0.00065474975
341	no_pain	0.9999962	1.1591607e-06	2.6758823e-06
342	no_pain	0.99998605	1.8361643e-06	1.21663825e-05
343	no_pain	0.99999624	9.0596404e-07	2.8314553e-06
344	no_pain	0.9999899	3.76525e-06	6.36339e-06
345	no_pain	0.9999947	1.6585693e-06	3.6613103e-06
346	no_pain	0.9999677	1.1082414e-05	2.1167234e-05
347	no_pain	0.9999918	1.1468293e-06	7.120349e-06
348	no_pain	0.99999136	1.3176759e-06	7.331702e-06
349	no_pain	0.9999933	1.5090224e-06	5.199261e-06
350	no_pain	0.99964994	1.427101e-05	0.00033578582
351	no_pain	0.99999094	2.9791295e-06	6.114159e-06
352	low_pain	2.9073115e-06	0.9999949	2.1652627e-06
353	no_pain	0.99998844	4.2807487e-06	7.278644e-06
354	no_pain	0.9999962	9.1934686e-07	2.9390774e-06
355	no_pain	0.9999968	1.1197246e-06	2.107407e-06
356	no_pain	0.9999872	4.174994e-06	8.645307e-06
357	no_pain	0.99999124	1.2089034e-06	7.5920366e-06
358	no_pain	0.999997	1.0128091e-06	2.004747e-06
359	no_pain	0.9999842	2.3541982e-06	1.3468779e-05
360	no_pain	0.9999953	1.3703166e-06	3.3655638e-06
361	no_pain	0.99999225	1.2245199e-06	6.5340914e-06
362	no_pain	0.9999669	5.5582814e-06	2.7546408e-05
363	no_pain	0.9999892	3.6296708e-06	7.165216e-06
364	no_pain	0.9999877	3.4166308e-06	8.8465085e-06
365	no_pain	0.9999872	3.4671114e-06	9.356735e-06
366	no_pain	0.99999684	1.0467286e-06	2.0974785e-06
367	no_pain	0.99998814	1.1936821e-06	1.0643422e-05
368	no_pain	0.9999866	1.3772759e-06	1.20835175e-05
369	no_pain	0.99998224	6.0386856e-06	1.1727416e-05
370	no_pain	0.9999955	7.5340677e-07	3.7171933e-06
371	low_pain	3.5857458e-05	0.8571717	0.14279243
372	low_pain	2.6915566e-06	0.9999946	2.750746e-06
373	no_pain	0.99998254	4.3008467e-06	1.3091428e-05
374	no_pain	0.9999865	1.2427793e-06	1.2255381e-05
375	low_pain	2.5916374e-06	0.9999948	2.5676852e-06
376	no_pain	0.9999886	2.175754e-06	9.186353e-06
377	no_pain	0.99999464	1.7396388e-06	3.6341069e-06
378	no_pain	0.9999943	1.506588e-06	4.280736e-06
379	low_pain	1.0610628e-05	0.9999569	3.2494376e-05
380	no_pain	0.99999565	1.3332675e-06	3.0540484e-06
381	low_pain	0.041666277	0.9579998	0.00033385906
382	no_pain	0.9999943	1.9181257e-06	3.7949249e-06
383	no_pain	0.99999726	9.130928e-07	1.8656463e-06
384	no_pain	0.9999871	3.2919409e-06	9.5567275e-06
385	no_pain	0.99974096	1.8157194e-05	0.00024087339
386	no_pain	0.5814582	9.406744e-05	0.4184477
387	no_pain	0.99999624	9.049932e-07	2.7944395e-06
388	no_pain	0.9999965	1.2047852e-06	2.3580908e-06
389	no_pain	0.9999936	1.6562693e-06	4.7291637e-06
390	no_pain	0.999991	2.5876236e-06	6.394883e-06
391	no_pain	0.999996	1.0490644e-06	2.9594853e-06
392	no_pain	0.6364499	0.3613998	0.0021503253
393	no_pain	0.99998605	3.840676e-06	1.0165185e-05
394	no_pain	0.9999905	3.5569951e-06	5.913461e-06
395	no_pain	0.9999944	2.2958218e-06	3.3103602e-06
396	no_pain	0.99999523	9.648203e-07	3.818066e-06
397	no_pain	0.99997795	2.9478592e-06	1.9173127e-05
398	low_pain	0.4285691	0.5714244	6.437342e-06
399	low_pain	0.28571114	0.71427953	9.347057e-06
400	low_pain	0.006383199	0.99346495	0.00015186747
401	low_pain	5.639619e-06	0.9999895	4.824201e-06
402	no_pain	0.999989	3.5620833e-06	7.5059747e-06
403	no_pain	0.612699	0.00038618883	0.38691488
404	no_pain	0.9999905	3.2814507e-06	6.1622773e-06
405	no_pain	0.7131023	8.3795574e-05	0.28681394
406	no_pain	0.9999947	1.3877674e-06	3.9074e-06
407	no_pain	0.99995756	1.0033079e-05	3.2359378e-05
408	no_pain	0.9999904	3.6276954e-06	5.990349e-06
409	no_pain	0.9999963	9.2474903e-07	2.8143927e-06
410	no_pain	0.9999901	2.7720678e-06	7.1037916e-06
411	no_pain	0.9999867	3.7517934e-06	9.518621e-06
412	no_pain	0.99998885	1.3266738e-06	9.843412e-06
413	low_pain	0.033661205	0.96608764	0.00025122732
414	low_pain	1.430182e-05	0.9999696	1.6130603e-05
415	no_pain	0.99995506	3.5962355e-06	4.1362488e-05
416	low_pain	3.4239263e-06	0.99999326	3.3190572e-06
417	no_pain	0.9999963	7.4421797e-07	2.9488558e-06
418	low_pain	2.6080695e-06	0.9999948	2.5712234e-06
419	no_pain	0.9999936	2.1613773e-06	4.2415027e-06
420	no_pain	0.9999854	2.604163e-06	1.1998449e-05
421	high_pain	0.14310221	2.4109544e-05	0.85687363
422	low_pain	0.28598234	0.71398777	2.9884337e-05
423	no_pain	0.99999136	3.201227e-06	5.4393263e-06
424	no_pain	0.9999936	1.9147008e-06	4.4902795e-06
425	low_pain	0.14288536	0.85710615	8.478669e-06
426	low_pain	3.1620023e-06	0.9999938	3.0468257e-06
427	high_pain	0.040406723	0.0004984213	0.9590949
428	no_pain	0.8568261	6.951673e-05	0.14310436
429	high_pain	0.15906951	8.352519e-05	0.84084696
430	no_pain	0.9999862	4.558874e-06	9.247585e-06
431	no_pain	0.9999906	2.4135588e-06	7.008991e-06
432	no_pain	0.9999856	3.416509e-06	1.1002038e-05
433	no_pain	0.71558386	0.00012326465	0.28429288
434	no_pain	0.99999434	1.9687945e-06	3.7416382e-06
435	no_pain	0.9999965	7.8695655e-07	2.6898656e-06
436	no_pain	0.7144413	5.6961817e-05	0.28550178
437	no_pain	0.99264914	5.9272334e-05	0.0072916215
438	no_pain	0.9999865	1.1426066e-06	1.2333332e-05
439	no_pain	0.9999951	1.6836683e-06	3.206054e-06
440	no_pain	0.9999948	1.5961892e-06	3.602656e-06
441	no_pain	0.99999374	1.3381674e-06	4.9187074e-06
442	no_pain	0.99999183	2.8993952e-06	5.238464e-06
443	no_pain	0.99998707	1.1352375e-06	1.1819625e-05
444	no_pain	0.9999947	1.786627e-06	3.4934928e-06
445	no_pain	0.99999195	2.759325e-06	5.2417013e-06
446	no_pain	0.99998844	1.4878221e-06	1.003356e-05
447	no_pain	0.9999962	1.390805e-06	2.4233266e-06
448	no_pain	0.9999936	1.9969218e-06	4.4372114e-06
449	no_pain	0.99998236	4.0487284e-06	1.3631519e-05
450	low_pain	0.00023938787	0.8629833	0.13677731
451	no_pain	0.571446	1.7371704e-05	0.42853662
452	no_pain	0.99176204	6.75882e-05	0.008170411
453	no_pain	0.9999809	4.505062e-06	1.4593991e-05
454	high_pain	0.00016108097	2.8056047e-05	0.9998108
455	no_pain	0.99999183	2.271208e-06	5.953127e-06
456	no_pain	0.9999961	8.95815e-07	2.9968428e-06
457	no_pain	0.9999804	2.9815335e-06	1.6652846e-05
458	no_pain	0.99998707	1.3656527e-06	1.1630282e-05
459	no_pain	0.99998856	4.203805e-06	7.236712e-06
460	high_pain	0.14310126	5.3153697e-05	0.85684556
461	no_pain	0.9999968	1.0793866e-06	2.0890755e-06
462	low_pain	2.9852326e-06	0.99999386	3.1264103e-06
463	no_pain	0.99989456	8.405584e-06	9.705095e-05
464	no_pain	0.99999374	1.700152e-06	4.5499723e-06
465	high_pain	0.00010081643	1.4410775e-05	0.9998847
466	no_pain	0.99999535	1.5901132e-06	3.0644903e-06
467	no_pain	0.9999962	7.7074776e-07	2.9742516e-06
468	no_pain	0.99999017	1.1182461e-06	8.693523e-06
469	no_pain	0.99999326	1.915797e-06	4.8656484e-06
470	no_pain	0.99995506	7.288462e-06	3.7656322e-05
471	high_pain	0.4114607	0.00013850194	0.58840084
472	no_pain	0.9999752	3.336291e-06	2.1458192e-05
473	no_pain	0.9653956	0.00018773011	0.034416612
474	no_pain	0.9999865	3.810241e-06	9.675581e-06
475	low_pain	8.933129e-06	0.999982	9.077491e-06
476	no_pain	0.9999913	2.9009425e-06	5.7802695e-06
477	no_pain	0.9999941	1.7474003e-06	4.2034476e-06
478	high_pain	0.0002917889	5.0342725e-05	0.9996578
479	no_pain	0.6591333	7.885696e-05	0.34078786
480	no_pain	0.9999914	2.6880723e-06	5.909795e-06
481	no_pain	0.9999952	9.85482e-07	3.8184335e-06
482	no_pain	0.99999094	2.8421907e-06	6.210845e-06
483	low_pain	6.849316e-05	0.85738945	0.14254208
484	no_pain	0.9999955	1.0030981e-06	3.4591314e-06
485	no_pain	0.99998957	3.1134207e-06	7.322822e-06
486	no_pain	0.9999861	1.1774212e-06	1.2722041e-05
487	no_pain	0.70763534	0.00016297838	0.29220173
488	no_pain	0.99999416	1.9599574e-06	3.9104884e-06
489	no_pain	0.999991	2.758194e-06	6.179225e-06
490	low_pain	3.6696654e-06	0.9999932	3.0898432e-06
491	no_pain	0.99998844	1.0118795e-06	1.059568e-05
492	high_pain	0.2320027	0.00024406567	0.7677532
493	no_pain	0.5741138	0.42583442	5.1797117e-05
494	no_pain	0.99999124	3.283702e-06	5.529645e-06
495	no_pain	0.9999966	1.1931754e-06	2.1878325e-06
496	no_pain	0.9999952	1.6634874e-06	3.1547472e-06
497	no_pain	0.9999954	1.5406507e-06	3.0232898e-06
498	no_pain	0.9999965	9.0342354e-07	2.661878e-06
499	no_pain	0.85037476	6.942157e-05	0.14955579
500	no_pain	0.9999936	2.2709314e-06	4.1804315e-06
501	no_pain	0.99999386	2.0647242e-06	4.109205e-06
502	no_pain	0.99999136	2.9602536e-06	5.717585e-06
503	no_pain	0.9999953	1.4362978e-06	3.2697546e-06
504	no_pain	0.99999523	7.778837e-07	3.9445213e-06
505	no_pain	0.9999932	1.3100931e-06	5.515566e-06
506	no_pain	0.99999344	1.2192874e-06	5.2795126e-06
507	no_pain	0.9999896	3.5228204e-06	6.8441223e-06
508	low_pain	0.0002351985	0.57674056	0.42302427
509	no_pain	0.99999475	8.344638e-07	4.393162e-06
510	low_pain	4.437644e-06	0.99999267	2.9516996e-06
511	no_pain	0.99999744	8.286822e-07	1.7460369e-06
512	no_pain	0.9999957	1.1139531e-06	3.1895008e-06
513	no_pain	0.99991274	5.588766e-06	8.166752e-05
514	no_pain	0.99999374	1.223839e-06	5.0355748e-06
515	no_pain	0.61924785	0.00048125457	0.38027093
516	no_pain	0.87492067	0.12493558	0.00014382259
517	no_pain	0.99999696	7.78929e-07	2.2690542e-06
518	no_pain	0.99998456	3.0159174e-06	1.2438075e-05
519	no_pain	0.999991	3.0092112e-06	6.007341e-06
520	no_pain	0.9999741	3.7132147e-06	2.2258973e-05
521	no_pain	0.99999696	1.0009288e-06	2.0371099e-06
522	no_pain	0.9999952	1.6966447e-06	3.1146544e-06
523	no_pain	0.87071747	0.0003360761	0.12894648
524	no_pain	0.99998724	2.6302057e-06	1.0097281e-05
525	no_pain	0.99999535	1.6268411e-06	3.0005613e-06
526	no_pain	0.9999913	1.9563656e-06	6.7618726e-06
527	no_pain	0.9999906	3.6342383e-06	5.723563e-06
528	no_pain	0.9999876	5.04549e-06	7.3492597e-06
529	low_pain	3.4420152e-06	0.9999933	3.1967381e-06
530	no_pain	0.99999565	9.691832e-07	3.3962035e-06
531	low_pain	6.74441e-06	0.99998873	4.4568046e-06
532	high_pain	0.00013669238	1.4349003e-05	0.99984896
533	high_pain	0.10953253	0.00056258467	0.88990486
534	high_pain	0.0008906569	0.0005394461	0.9985699
535	no_pain	0.99998826	3.0360911e-06	8.709935e-06
536	low_pain	0.0004779026	0.6823572	0.31716493
537	no_pain	0.9999828	4.0950094e-06	1.3110783e-05
538	no_pain	0.99999493	8.2724847e-07	4.1817466e-06
539	no_pain	0.99992627	6.017865e-05	1.3560972e-05
540	low_pain	3.2834266e-06	0.9999937	3.0317874e-06
541	no_pain	0.9999959	9.4472506e-07	3.108867e-06
542	no_pain	0.99999535	1.0711163e-06	3.5611524e-06
543	no_pain	0.9999286	1.0399003e-05	6.097183e-05
544	low_pain	3.4787045e-06	0.9999932	3.336983e-06
545	no_pain	0.85521543	0.00010538568	0.1446792
546	no_pain	0.99996704	6.57993e-06	2.6373174e-05
547	no_pain	0.8593149	0.00013275725	0.1405523
548	no_pain	0.999989	2.272701e-06	8.775217e-06
549	low_pain	0.42858002	0.57140833	1.1646548e-05
550	high_pain	0.000104845676	0.14302386	0.85687125
551	no_pain	0.999994	1.5664037e-06	4.468944e-06
552	no_pain	0.99999136	2.8360266e-06	5.815701e-06
553	no_pain	0.9999911	1.269673e-06	7.5469115e-06
554	no_pain	0.9999968	8.29626e-07	2.3685614e-06
555	no_pain	0.9999877	3.3628187e-06	8.904565e-06
556	no_pain	0.99999535	1.6325721e-06	3.0304077e-06
557	no_pain	0.9999856	1.6575508e-06	1.2799684e-05
558	low_pain	3.2421246e-06	0.9999942	2.5242523e-06
559	no_pain	0.9999859	4.6622586e-06	9.403489e-06
560	low_pain	3.8150743e-06	0.99999267	3.5120236e-06
561	no_pain	0.9999866	4.373627e-06	9.052763e-06
562	high_pain	0.1438597	4.696905e-05	0.85609335
563	no_pain	0.99998856	2.817036e-06	8.657172e-06
564	no_pain	0.9999934	8.9674813e-07	5.7160937e-06
565	low_pain	2.656235e-06	0.9999947	2.6913233e-06
566	no_pain	0.99998724	1.5932663e-06	1.115952e-05
567	no_pain	0.99998987	3.4770976e-06	6.6895236e-06
568	no_pain	0.99999696	7.519894e-07	2.321278e-06
569	no_pain	0.9106618	0.00011531114	0.08922285
570	no_pain	0.857131	0.14285591	1.3091534e-05
571	no_pain	0.99999046	3.2466228e-06	6.330942e-06
572	no_pain	0.99999565	1.3421953e-06	3.0440938e-06
573	no_pain	0.99998367	3.089422e-06	1.3309202e-05
574	no_pain	0.9999897	3.0387546e-06	7.2864254e-06
575	no_pain	0.99999005	3.3953427e-06	6.5613485e-06
576	no_pain	0.99999577	1.1457812e-06	3.055072e-06
577	low_pain	3.827794e-06	0.99999326	2.9338137e-06
578	no_pain	0.99999183	8.9727894e-07	7.2707057e-06
579	no_pain	0.99999	1.4665966e-06	8.553818e-06
580	low_pain	3.8651483e-06	0.9999932	2.9691898e-06
581	no_pain	0.9999968	8.3280037e-07	2.3915059e-06
582	low_pain	5.590046e-06	0.99999076	3.7015882e-06
583	no_pain	0.9999942	1.1865219e-06	4.5800143e-06
584	low_pain	4.8127345e-06	0.99999154	3.6507506e-06
585	no_pain	0.99999344	2.6608311e-06	3.839884e-06
586	no_pain	0.9999841	3.7005452e-06	1.222697e-05
587	no_pain	0.9999968	1.0097758e-06	2.1918452e-06
588	no_pain	0.99999183	1.2088947e-06	6.9614034e-06
589	no_pain	0.9999963	1.289936e-06	2.374564e-06
590	no_pain	0.99998677	4.816377e-06	8.377451e-06
591	no_pain	0.99999255	2.587936e-06	4.8511247e-06
592	no_pain	0.99999577	1.1481663e-06	3.1106554e-06
593	no_pain	0.99999535	1.4445001e-06	3.2131127e-06
594	no_pain	0.9999878	3.0950548e-06	9.120189e-06
595	no_pain	0.99999034	3.5019423e-06	6.163243e-06
596	no_pain	0.9999959	8.6852475e-07	3.1785523e-06
597	low_pain	3.14446e-06	0.99999434	2.5369652e-06
598	no_pain	0.999997	1.0292795e-06	1.961081e-06
599	no_pain	0.9999966	8.363214e-07	2.56616e-06
600	no_pain	0.9999919	2.9495375e-06	5.182907e-06
601	no_pain	0.99999446	1.8260495e-06	3.6803783e-06
602	no_pain	0.99999535	1.0777443e-06	3.5625264e-06
603	no_pain	0.99999607	9.006959e-07	3.033274e-06
604	no_pain	0.99998456	3.854612e-06	1.158895e-05
605	high_pain	0.48497108	0.000119894445	0.51490897
606	no_pain	0.99999636	9.136478e-07	2.6945672e-06
607	no_pain	0.9999921	1.9847591e-06	5.913913e-06
608	no_pain	0.9999959	9.922687e-07	3.0541191e-06
609	no_pain	0.9999873	1.1596791e-06	1.1514295e-05
610	no_pain	0.99999607	9.1810176e-07	2.9858525e-06
611	no_pain	0.99999005	1.3975703e-06	8.580791e-06
612	low_pain	2.6408957e-06	0.9999948	2.5856546e-06
613	high_pain	0.000106255975	1.0614589e-05	0.9998831
614	no_pain	0.9999936	8.759172e-07	5.48605e-06
615	no_pain	0.9999892	3.0856293e-06	7.719691e-06
616	low_pain	4.1185294e-06	0.9999929	2.9593482e-06
617	no_pain	0.9999733	4.8213196e-06	2.1890695e-05
618	no_pain	0.99999124	1.1111898e-06	7.681446e-06
619	no_pain	0.9999956	1.3854731e-06	3.054124e-06
620	no_pain	0.99999017	3.997457e-06	5.7995553e-06
621	no_pain	0.85717046	5.4161746e-06	0.1428241
622	no_pain	0.99999726	9.281912e-07	1.7819337e-06
623	no_pain	0.999986	3.4594902e-06	1.055636e-05
624	no_pain	0.6810915	0.00028975584	0.31861877
625	no_pain	0.99998474	4.930003e-06	1.0311465e-05
626	no_pain	0.99999493	1.0310129e-06	4.0137834e-06
627	no_pain	0.9999858	3.224877e-06	1.0922093e-05
628	no_pain	0.9999824	4.455179e-06	1.3134014e-05
629	no_pain	0.99999267	1.997365e-06	5.3296067e-06
630	no_pain	0.9999879	4.400321e-06	7.716434e-06
631	no_pain	0.99999195	2.7508993e-06	5.2638684e-06
632	no_pain	0.6326069	0.00031882527	0.36707425
633	no_pain	0.9999861	5.49516e-06	8.3910645e-06
634	no_pain	0.870248	0.00021569377	0.12953626
635	no_pain	0.99999523	1.6609926e-06	3.1289035e-06
636	no_pain	0.99999607	9.2602374e-07	2.9938524e-06
637	low_pain	3.3110803e-06	0.9999946	2.1193523e-06
638	no_pain	0.9999928	1.9626452e-06	5.2646624e-06
639	low_pain	2.6861655e-06	0.9999947	2.6280336e-06
640	no_pain	0.9999971	9.822778e-07	1.9579386e-06
641	high_pain	0.28585854	1.6400316e-05	0.71412504
642	low_pain	3.4728193e-06	0.9999935	2.9752914e-06
643	high_pain	0.31196412	0.00026370466	0.68777215
644	no_pain	0.9999954	1.2413346e-06	3.3364702e-06
645	no_pain	0.99999094	1.1567181e-06	7.901605e-06
646	no_pain	0.9988466	2.4631587e-05	0.001128813
647	low_pain	2.990082e-06	0.99999446	2.5400582e-06
648	no_pain	0.99999535	1.0921275e-06	3.5167195e-06
649	high_pain	0.268857	0.00010560592	0.73103744
650	no_pain	0.99999756	8.018718e-07	1.6875092e-06
651	no_pain	0.99999046	3.187645e-06	6.3418534e-06
652	no_pain	0.999986	3.266931e-06	1.0728736e-05
653	no_pain	0.999997	9.797137e-07	2.0030461e-06
654	no_pain	0.9999961	9.556667e-07	2.9523976e-06
655	no_pain	0.999997	1.005497e-06	2.0306152e-06
656	no_pain	0.99998623	1.1712525e-06	1.2528413e-05
657	high_pain	0.28618285	5.2506286e-05	0.71376467
658	low_pain	5.9206636e-06	0.9999894	4.6770533e-06
659	high_pain	0.00049385824	0.26579255	0.7337136
660	no_pain	0.9999955	1.1731893e-06	3.3500266e-06
661	high_pain	9.4562456e-05	9.930779e-06	0.9998955
662	no_pain	0.9999954	1.3170265e-06	3.2147714e-06
663	no_pain	0.9999908	3.6871695e-06	5.501257e-06
664	no_pain	0.9999929	2.2760025e-06	4.82841e-06
665	no_pain	0.9796586	0.0002851369	0.020056237
666	no_pain	0.9999947	1.2017061e-06	4.0885316e-06
667	no_pain	0.9999877	4.1625294e-06	8.117807e-06
668	no_pain	0.99998826	2.374378e-06	9.371384e-06
669	no_pain	0.99999696	1.0684031e-06	1.9609893e-06
670	no_pain	0.99999064	3.1839159e-06	6.1262867e-06
671	no_pain	0.9999894	3.6627873e-06	6.959604e-06
672	no_pain	0.9999943	1.6532589e-06	4.065045e-06
673	no_pain	0.5714218	0.42856973	8.487303e-06
674	no_pain	0.9999952	1.1305383e-06	3.6904387e-06
675	no_pain	0.99998856	4.3438195e-06	7.055358e-06
676	low_pain	3.7760412e-06	0.9999928	3.4428117e-06
677	no_pain	0.99999374	2.1679139e-06	4.1464987e-06
678	high_pain	0.00014093397	0.00014109923	0.9997179
679	no_pain	0.99999225	2.5745303e-06	5.1634447e-06
680	no_pain	0.9999959	9.198615e-07	3.2004739e-06
681	no_pain	0.9999861	1.3522877e-06	1.2543575e-05
682	no_pain	0.99998885	2.3792438e-06	8.734868e-06
683	high_pain	0.0019594932	0.00012792746	0.9979125
684	no_pain	0.99999696	7.5548814e-07	2.3093519e-06
685	no_pain	0.99992573	8.989244e-06	6.526381e-05
686	high_pain	6.0865714e-05	8.191912e-06	0.9999309
687	no_pain	0.57144463	6.0604502e-06	0.42854926
688	no_pain	0.99999577	1.1761497e-06	3.058562e-06
689	no_pain	0.9999936	2.3845678e-06	4.0616146e-06
690	no_pain	0.99999243	1.094007e-06	6.4651276e-06
691	low_pain	3.2811754e-06	0.9999937	3.0421095e-06
692	no_pain	0.99999267	2.436588e-06	4.8698735e-06
693	no_pain	0.99999624	9.149691e-07	2.8100205e-06
694	no_pain	0.99999535	1.4274327e-06	3.2499513e-06
695	high_pain	0.27512458	0.00015890217	0.72471654
696	no_pain	0.99998987	3.045025e-06	7.1412223e-06
697	no_pain	0.999997	9.894472e-07	1.9740708e-06
698	low_pain	4.159626e-06	0.9999927	3.1788127e-06
699	no_pain	0.99999416	1.9579245e-06	3.8603366e-06
700	no_pain	0.9999933	9.556954e-07	5.7094753e-06
701	no_pain	0.9999932	8.71783e-07	5.890378e-06
702	no_pain	0.9999868	3.7468767e-06	9.409133e-06
703	no_pain	0.9999887	4.43416e-06	6.8950676e-06
704	no_pain	0.9999955	1.3311868e-06	3.1590728e-06
705	no_pain	0.99999624	1.0025994e-06	2.7275648e-06
706	no_pain	0.99999744	8.2499565e-07	1.7848791e-06
707	no_pain	0.9999832	3.499047e-06	1.3338366e-05
708	no_pain	0.99999	2.1716155e-06	7.787095e-06
709	no_pain	0.9999949	1.7318926e-06	3.3520014e-06
710	no_pain	0.999994	8.311681e-07	5.1886536e-06
711	no_pain	0.9999896	3.997777e-06	6.3971165e-06
712	no_pain	0.99999416	2.0089622e-06	3.847045e-06
713	no_pain	0.99998796	3.3618119e-06	8.668419e-06
714	low_pain	1.1804522e-05	0.99998105	7.1580994e-06
715	no_pain	0.99999607	9.137126e-07	3.0322371e-06
716	no_pain	0.9999892	1.4124482e-06	9.358039e-06
717	low_pain	4.5286624e-06	0.9999916	3.8545236e-06
718	no_pain	0.57144374	0.4285263	2.9890505e-05
719	no_pain	0.9999943	1.9260117e-06	3.739692e-06
720	no_pain	0.9507279	0.00023084728	0.049041267
721	low_pain	4.22304e-06	0.99999225	3.5388227e-06
722	low_pain	0.2477201	0.43544307	0.31683683
723	no_pain	0.9999886	4.2254187e-06	7.175358e-06
724	no_pain	0.9999901	2.6374692e-06	7.2556772e-06
725	high_pain	0.00027402295	1.9551724e-05	0.9997064
726	no_pain	0.9999899	3.275745e-06	6.7786436e-06
727	no_pain	0.9999851	5.127877e-06	9.768854e-06
728	no_pain	0.9999941	2.014958e-06	3.920238e-06
729	no_pain	0.99999255	2.4376345e-06	4.963978e-06
730	no_pain	0.99999505	1.6062402e-06	3.3879471e-06
731	low_pain	0.14278264	0.8571982	1.9212735e-05
732	no_pain	0.9999899	1.44618e-06	8.660194e-06
733	no_pain	0.99999565	1.1810549e-06	3.1490688e-06
734	no_pain	0.9999774	2.7109381e-06	1.9911673e-05
735	no_pain	0.9999896	4.3093273e-06	6.0205666e-06
736	no_pain	0.99998677	3.346457e-06	9.844656e-06
737	no_pain	0.99998844	3.2871544e-06	8.278344e-06
738	no_pain	0.9999805	1.6102947e-06	1.7856466e-05
739	no_pain	0.99999624	8.9206554e-07	2.8351521e-06
740	no_pain	0.9999879	3.898636e-06	8.218389e-06
741	no_pain	0.99998766	1.3624441e-06	1.0963695e-05
742	low_pain	0.14485869	0.85488796	0.0002533448
743	no_pain	0.9999109	1.0225137e-05	7.8893136e-05
744	no_pain	0.99999726	9.2157586e-07	1.8626682e-06
745	no_pain	0.99999636	9.812346e-07	2.6312823e-06
746	no_pain	0.9276966	0.07220765	9.5808595e-05
747	no_pain	0.9999962	9.040962e-07	2.861034e-06
748	low_pain	2.7421268e-06	0.99999475	2.5424501e-06
749	low_pain	3.2151236e-06	0.99999416	2.6805153e-06
750	no_pain	0.9999885	2.680565e-06	8.870472e-06
751	no_pain	0.99999624	9.1782437e-07	2.8645245e-06
752	no_pain	0.9999899	2.9184587e-06	7.165368e-06
753	no_pain	0.9999939	2.0816383e-06	3.9971887e-06
754	high_pain	0.26140532	0.000120915436	0.7384738
755	no_pain	0.9999954	1.1236381e-06	3.4163565e-06
756	no_pain	0.9908907	0.008873609	0.00023567175
757	high_pain	0.1157177	0.2804089	0.6038734
758	low_pain	5.7278474e-05	0.99986714	7.553686e-05
759	low_pain	0.00019684221	0.9997904	1.2762297e-05
760	no_pain	0.99999297	1.995308e-06	5.0211684e-06
761	no_pain	0.9999896	1.4487143e-06	8.902787e-06
762	no_pain	0.99999493	1.7550555e-06	3.2619412e-06
763	no_pain	0.9999914	3.3061356e-06	5.2687733e-06
764	low_pain	0.14286849	0.85712534	6.126184e-06
765	no_pain	0.99998903	3.554337e-06	7.3936767e-06
766	no_pain	0.9999929	2.437188e-06	4.642425e-06
767	no_pain	0.99998426	1.4553536e-06	1.4274954e-05
768	low_pain	3.5539065e-06	0.9999942	2.2451711e-06
769	no_pain	0.9999973	8.686507e-07	1.8135215e-06
770	no_pain	0.9999954	9.700517e-07	3.635283e-06
771	no_pain	0.99999017	3.9887163e-06	5.827119e-06
772	no_pain	0.99999607	1.0521815e-06	2.8538973e-06
773	no_pain	0.99998295	3.9962874e-06	1.3081719e-05
774	no_pain	0.99998516	1.612065e-06	1.3309021e-05
775	high_pain	0.26484945	8.641508e-05	0.73506415
776	no_pain	0.9999903	2.8701e-06	6.8678114e-06
777	no_pain	0.99998814	2.4701435e-06	9.350205e-06
778	no_pain	0.9999957	1.135452e-06	3.128223e-06
779	low_pain	3.829162e-06	0.99999267	3.5400897e-06
780	no_pain	0.9999963	1.3272481e-06	2.3510142e-06
781	no_pain	0.99999565	1.4088771e-06	2.9212824e-06
782	no_pain	0.9999878	2.9667092e-06	9.233887e-06
783	no_pain	0.9999962	8.9527185e-07	2.937951e-06
784	no_pain	0.9999934	1.1799578e-06	5.4340594e-06
785	no_pain	0.9999962	9.1599185e-07	2.8482282e-06
786	low_pain	3.3866218e-06	0.99999315	3.4899506e-06
787	no_pain	0.999997	9.663885e-07	1.9958593e-06
788	no_pain	0.71743315	0.2824339	0.00013291862
789	no_pain	0.9999858	3.897232e-06	1.0257329e-05
790	no_pain	0.9999894	3.858779e-06	6.774124e-06
791	low_pain	0.28582126	0.7141593	1.9408546e-05
792	no_pain	0.99998456	3.616437e-06	1.1865552e-05
793	no_pain	0.9999967	7.7360465e-07	2.4847639e-06
794	no_pain	0.999988	2.9567575e-06	9.028033e-06
795	low_pain	0.28571245	0.7142806	6.944381e-06
796	low_pain	3.127511e-06	0.9999942	2.668989e-06
797	no_pain	0.9999957	1.4161304e-06	2.8433628e-06
798	no_pain	0.9999877	4.6261725e-06	7.64314e-06
799	no_pain	0.99999624	8.826261e-07	2.8802563e-06
800	no_pain	0.99999374	2.3414718e-06	3.918522e-06
801	no_pain	0.9999943	1.912408e-06	3.7987e-06
802	no_pain	0.9999954	9.178198e-07	3.6418362e-06
803	no_pain	0.9999963	1.1786375e-06	2.4642784e-06
804	no_pain	0.999986	1.2433842e-06	1.273419e-05
805	no_pain	0.99999005	2.8575234e-06	7.0437272e-06
806	no_pain	0.9999896	3.2880484e-06	7.0573255e-06
807	no_pain	0.99999136	2.3380546e-06	6.3079506e-06
808	no_pain	0.99999654	9.612413e-07	2.5374318e-06
809	no_pain	0.999993	1.8255231e-06	5.125043e-06
810	low_pain	3.9969973e-06	0.99999267	3.3397575e-06
811	high_pain	0.0062831934	0.00018668335	0.99353015
812	no_pain	0.9999943	1.1680002e-06	4.562251e-06
813	no_pain	0.999996	1.2160738e-06	2.7811056e-06
814	low_pain	2.773219e-06	0.99999446	2.7262965e-06
815	no_pain	0.9999933	1.2713715e-06	5.3655153e-06
816	no_pain	0.9999948	1.1751063e-06	4.005491e-06
817	no_pain	0.99998623	4.607994e-06	9.109598e-06
818	no_pain	0.9999967	1.0568243e-06	2.239498e-06
819	no_pain	0.9999959	9.731541e-07	3.1379266e-06
820	no_pain	0.999992	2.7707567e-06	5.210723e-06
821	no_pain	0.8571448	2.467968e-06	0.14285274
822	no_pain	0.99998856	3.1574261e-06	8.267527e-06
823	no_pain	0.99999344	2.1941394e-06	4.2800534e-06
824	no_pain	0.9999935	2.2488316e-06	4.213506e-06
825	high_pain	0.001418973	0.17652068	0.8220604
826	no_pain	0.9999889	3.7782052e-06	7.322185e-06
827	no_pain	0.9999886	2.43893e-06	8.970209e-06
828	no_pain	0.99999315	2.3925513e-06	4.486305e-06
829	low_pain	5.345558e-06	0.9999913	3.3835051e-06
830	no_pain	0.99999195	3.1221687e-06	4.9612468e-06
831	high_pain	0.42811006	3.7968606e-05	0.571852
832	no_pain	0.99998015	3.2971398e-06	1.649999e-05
833	no_pain	0.99999535	1.0707861e-06	3.5435198e-06
834	no_pain	0.999991	1.411271e-06	7.5650555e-06
835	no_pain	0.9999909	1.2925068e-06	7.9002275e-06
836	no_pain	0.81351805	0.00013189524	0.18635009
837	no_pain	0.9999886	3.0386757e-06	8.36481e-06
838	no_pain	0.99999624	8.4676543e-07	2.874156e-06
839	no_pain	0.99998486	4.8381044e-06	1.0238397e-05
840	no_pain	0.8230825	0.00015665093	0.17676082
841	no_pain	0.99996763	3.9694223e-06	2.8400855e-05
842	no_pain	0.9999946	1.5870802e-06	3.831299e-06
843	high_pain	0.00010905962	1.0272318e-05	0.9998807
844	no_pain	0.99999434	1.022411e-06	4.6303685e-06
845	no_pain	0.9999908	3.1589368e-06	6.0394673e-06
846	no_pain	0.99998885	3.5922135e-06	7.619738e-06
847	no_pain	0.9999956	9.261559e-07	3.5125206e-06
848	no_pain	0.99999374	1.2429582e-06	5.0656226e-06
849	no_pain	0.99998814	3.8335943e-06	8.0231675e-06
850	no_pain	0.9999915	2.091821e-06	6.411763e-06
851	no_pain	0.9999924	2.838496e-06	4.7645517e-06
852	high_pain	0.00015212758	2.2128328e-05	0.9998258
853	no_pain	0.999991	1.3458002e-06	7.64075e-06
854	no_pain	0.9999829	5.6019976e-06	1.1468742e-05
855	no_pain	0.9999873	3.504222e-06	9.171829e-06
856	no_pain	0.99999523	1.0724367e-06	3.6422095e-06
857	low_pain	5.0818207e-06	0.9999914	3.4754235e-06
858	low_pain	3.0849417e-06	0.99999446	2.4428125e-06
859	no_pain	0.9999915	1.116594e-06	7.3445926e-06
860	no_pain	0.99998915	4.537462e-06	6.267881e-06
861	no_pain	0.99931383	9.730729e-06	0.00067642436
862	low_pain	0.007573314	0.54728687	0.44513986
863	no_pain	0.99999493	1.5644812e-06	3.4773366e-06
864	no_pain	0.9999879	1.1829381e-06	1.098792e-05
865	no_pain	0.99998516	3.7000032e-06	1.1138748e-05
866	no_pain	0.61930317	0.00029425896	0.38040262
867	no_pain	0.99998575	1.2333342e-06	1.3013317e-05
868	low_pain	0.0009615867	0.999008	3.0440888e-05
869	low_pain	0.065468386	0.93441707	0.0001145417
870	low_pain	5.7491047e-06	0.99999	4.2517927e-06
871	no_pain	0.96208847	0.00018024468	0.037731312
872	no_pain	0.99999297	1.2109183e-06	5.7354514e-06
873	no_pain	0.9999956	1.0260851e-06	3.4002558e-06
874	low_pain	4.5984416e-06	0.9999917	3.7135364e-06
875	no_pain	0.7165853	7.2973584e-05	0.28334174
876	no_pain	0.9999875	4.168211e-06	8.411857e-06
877	no_pain	0.99998844	1.2283543e-06	1.0326941e-05
878	no_pain	0.9999906	3.0802762e-06	6.3336115e-06
879	low_pain	0.0004367993	0.78061587	0.21894737
880	no_pain	0.9581957	0.00019992796	0.0416044
881	no_pain	0.9999967	1.1091544e-06	2.206561e-06
882	no_pain	0.99999654	9.841119e-07	2.524312e-06
883	no_pain	0.9999955	9.1512993e-07	3.6116635e-06
884	low_pain	3.1576953e-06	0.9999936	3.2817131e-06
885	low_pain	3.7575644e-06	0.99999315	3.1260995e-06
886	no_pain	0.9999936	2.2210766e-06	4.181752e-06
887	no_pain	0.9999803	2.8056913e-06	1.690794e-05
888	low_pain	0.00067843555	0.8012385	0.19808312
889	no_pain	0.9999889	3.7109942e-06	7.4155964e-06
890	no_pain	0.9999939	2.9628748e-06	3.1257932e-06
891	low_pain	3.4008215e-06	0.99999344	3.1012726e-06
892	no_pain	0.9999955	1.4509452e-06	3.046287e-06
893	no_pain	0.9999834	9.007931e-06	7.6245683e-06
894	low_pain	2.9109446e-05	0.99996424	6.6788207e-06
895	no_pain	0.9999947	2.0165824e-06	3.3057788e-06
896	no_pain	0.9999944	1.4426067e-06	4.160404e-06
897	high_pain	0.0008095569	7.8071775e-05	0.9991124
898	no_pain	0.9999921	1.1944682e-06	6.686924e-06
899	no_pain	0.9999946	1.1571999e-06	4.2600063e-06
900	no_pain	0.9999957	1.3658585e-06	2.9062653e-06
901	no_pain	0.999993	9.3712396e-07	5.9992917e-06
902	low_pain	0.00025925608	0.99363804	0.006102746
903	no_pain	0.9999844	1.3169887e-06	1.4241639e-05
904	no_pain	0.99999225	2.6560504e-06	5.045144e-06
905	no_pain	0.99999607	9.3024727e-07	3.0356136e-06
906	no_pain	0.99999374	1.6476295e-06	4.5963907e-06
907	no_pain	0.9999875	1.1890759e-06	1.1309471e-05
908	no_pain	0.99998623	1.5900366e-06	1.2201739e-05
909	no_pain	0.9999786	5.5380638e-06	1.5844425e-05
910	no_pain	0.9999916	2.6363716e-06	5.7402826e-06
911	no_pain	0.9999963	8.9923697e-07	2.761101e-06
912	no_pain	0.99999607	1.4101254e-06	2.5731822e-06
913	no_pain	0.9999377	5.570154e-06	5.6687742e-05
914	no_pain	0.9999942	1.9052369e-06	3.9201213e-06
915	no_pain	0.9999838	3.8686912e-06	1.2400909e-05
916	no_pain	0.9999879	4.3666255e-06	7.720793e-06
917	no_pain	0.99999034	2.9498333e-06	6.7651586e-06
918	no_pain	0.9999932	1.1941395e-06	5.619989e-06
919	no_pain	0.902075	0.0004067682	0.09751821
920	no_pain	0.9999894	1.2383946e-06	9.429353e-06
921	no_pain	0.99999154	2.862909e-06	5.5659543e-06
922	no_pain	0.9988851	1.7707429e-05	0.0010972074
923	high_pain	0.000107212574	0.14286886	0.8570239
924	no_pain	0.9999966	1.1632908e-06	2.228602e-06
925	no_pain	0.999994	2.1923136e-06	3.8019846e-06
926	no_pain	0.9999755	3.2390733e-06	2.1305927e-05
927	no_pain	0.9997845	6.4777055e-06	0.00020898119
928	no_pain	0.9999957	1.3312796e-06	2.95362e-06
929	low_pain	4.0698305e-06	0.99999225	3.678266e-06
930	low_pain	4.0570626e-06	0.99999243	3.5090454e-06
931	no_pain	0.99999446	1.8264901e-06	3.6838944e-06
932	no_pain	0.99998677	1.4611261e-06	1.1722021e-05
933	no_pain	0.99999267	1.2031853e-06	6.181485e-06
934	no_pain	0.9999884	3.9787924e-06	7.686707e-06
935	high_pain	0.15681009	0.000116241405	0.84307367
936	no_pain	0.999991	1.3232345e-06	7.658731e-06
937	low_pain	4.0201635e-06	0.9999915	4.494885e-06
938	no_pain	0.99999636	1.1964896e-06	2.405737e-06
939	no_pain	0.99999446	1.4547592e-06	4.0421774e-06
940	no_pain	0.999994	1.924726e-06	4.0461605e-06
941	no_pain	0.9999963	9.14321e-07	2.7589629e-06
942	no_pain	0.9999867	4.4890244e-06	8.800845e-06
943	no_pain	0.79109484	0.20820089	0.00070428057
944	no_pain	0.99999696	9.948227e-07	2.0950165e-06
945	no_pain	0.9999961	9.061998e-07	3.0107472e-06
946	high_pain	0.34818664	8.72087e-05	0.6517262
947	low_pain	0.009316453	0.9905886	9.4895884e-05
948	no_pain	0.9999895	2.7015087e-06	7.77187e-06
949	no_pain	0.8730373	0.000114807706	0.12684788
950	no_pain	0.9999889	3.1598865e-06	7.933211e-06
951	no_pain	0.9999879	1.4130716e-06	1.0734927e-05
952	no_pain	0.99999434	1.6620085e-06	3.9563315e-06
953	no_pain	0.9999955	1.4084206e-06	3.076542e-06
954	no_pain	0.9999857	3.0166918e-06	1.1302471e-05
955	no_pain	0.9999914	2.9824812e-06	5.584334e-06
956	no_pain	0.9999967	1.1045255e-06	2.1702679e-06
957	no_pain	0.99998397	1.7352128e-06	1.4208867e-05
958	no_pain	0.9999877	3.450338e-06	8.832795e-06
959	no_pain	0.9999901	1.3730956e-06	8.480908e-06
960	high_pain	0.33210063	0.00030573265	0.6675936
961	no_pain	0.99999017	1.3990593e-06	8.4406265e-06
962	no_pain	0.99999607	1.0261381e-06	2.88473e-06
963	no_pain	0.8664176	0.00024832212	0.13333403
964	no_pain	0.9999957	1.424486e-06	2.8327702e-06
965	no_pain	0.9999929	1.0096089e-06	6.044286e-06
966	no_pain	0.99999124	3.0334415e-06	5.711025e-06
967	no_pain	0.9999959	9.2919026e-07	3.1763666e-06
968	no_pain	0.99999434	1.872924e-06	3.7720436e-06
969	high_pain	0.4097335	0.00038546787	0.589881
970	no_pain	0.99998826	3.946839e-06	7.782576e-06
971	no_pain	0.99999684	1.0479096e-06	2.0695443e-06
972	no_pain	0.9999955	1.3733924e-06	3.1279794e-06
973	no_pain	0.9999948	1.1912349e-06	3.9320685e-06
974	no_pain	0.99999493	1.7039349e-06	3.3237354e-06
975	no_pain	0.9999944	1.2279876e-06	4.393177e-06
976	no_pain	0.5714254	0.42856255	1.2081818e-05
977	no_pain	0.9999939	1.2157278e-06	4.8422744e-06
978	no_pain	0.8691649	3.499036e-05	0.13080014
979	no_pain	0.9999904	2.7053463e-06	6.911953e-06
980	no_pain	0.9999942	1.9977251e-06	3.7635102e-06
981	no_pain	0.99998885	4.526395e-06	6.656335e-06
982	no_pain	0.9999946	1.9174336e-06	3.5431342e-06
983	low_pain	0.28571615	0.7142787	5.1020315e-06
984	no_pain	0.99999535	1.4952192e-06	3.1057236e-06
985	no_pain	0.99998623	1.4521049e-06	1.2314901e-05
986	low_pain	1.86391e-05	0.9999633	1.8091714e-05
987	no_pain	0.9999966	1.1259739e-06	2.2184506e-06
988	no_pain	0.9999929	2.4510416e-06	4.6054142e-06
989	no_pain	0.9999967	1.1265436e-06	2.1234803e-06
990	high_pain	0.14765643	0.00036490473	0.85197866
991	low_pain	3.8156495e-06	0.99999297	3.205106e-06
992	no_pain	0.9999868	4.3880245e-06	8.744241e-06
993	no_pain	0.8492859	7.503694e-05	0.15063907
994	no_pain	0.9999914	2.8852571e-06	5.7394495e-06
995	high_pain	0.026881665	0.00049988733	0.9726184
996	no_pain	0.99998796	1.1443923e-06	1.0870615e-05
997	low_pain	6.0870366e-06	0.9999875	6.467659e-06
998	no_pain	0.9999903	3.0915792e-06	6.6791004e-06
999	no_pain	0.99999374	2.1719075e-06	4.0901537e-06
1000	no_pain	0.9999938	2.005091e-06	4.220263e-06
1001	no_pain	0.99999416	1.9948782e-06	3.915538e-06
1002	no_pain	0.99998814	4.2905754e-06	7.5171124e-06
1003	no_pain	0.9999729	3.122618e-06	2.3976569e-05
1004	no_pain	0.9999951	9.980696e-07	3.907217e-06
1005	no_pain	0.9999848	5.085075e-06	1.01013475e-05
1006	high_pain	6.599979e-05	7.897131e-06	0.9999261
1007	no_pain	0.99998176	4.004708e-06	1.4274339e-05
1008	no_pain	0.99999535	1.3160522e-06	3.2720031e-06
1009	no_pain	0.99999344	2.2284164e-06	4.323086e-06
1010	no_pain	0.9999835	3.2008495e-06	1.3255388e-05
1011	no_pain	0.571391	1.8390663e-05	0.42859063
1012	high_pain	0.034917857	0.00025675268	0.96482533
1013	no_pain	0.9999955	1.3644751e-06	3.0906579e-06
1014	no_pain	0.9999955	1.3652326e-06	3.1258392e-06
1015	no_pain	0.99998814	3.1798033e-06	8.673096e-06
1016	no_pain	0.9658276	0.00017010166	0.034002308
1017	no_pain	0.9999963	8.55622e-07	2.8280742e-06
1018	no_pain	0.99999064	2.1848848e-06	7.1548593e-06
1019	no_pain	0.99999684	1.0456412e-06	2.0612133e-06
1020	no_pain	0.99999744	8.5152857e-07	1.7675842e-06
1021	no_pain	0.9999876	4.171833e-06	8.240265e-06
1022	no_pain	0.9999967	9.3488626e-07	2.396518e-06
1023	no_pain	0.99994814	5.605161e-06	4.6193923e-05
1024	low_pain	0.346404	0.65334845	0.00024758064
1025	no_pain	0.99999243	2.055908e-06	5.466501e-06
1026	high_pain	0.14324579	4.832156e-05	0.85670584
1027	no_pain	0.9999921	2.6378127e-06	5.3129384e-06
1028	no_pain	0.9999841	3.4832115e-06	1.2507546e-05
1029	no_pain	0.9999963	8.982578e-07	2.7937924e-06
1030	low_pain	6.0590905e-06	0.99999005	3.854328e-06
1031	no_pain	0.85756814	4.359064e-05	0.14238824
1032	no_pain	0.999951	4.5621427e-06	4.438205e-05
1033	low_pain	3.3851197e-06	0.9999935	3.1266593e-06
1034	no_pain	0.9999525	6.2441236e-06	4.1232204e-05
1035	no_pain	0.99998766	4.5640013e-06	7.779424e-06
1036	no_pain	0.9999953	1.4455856e-06	3.2539676e-06
1037	no_pain	0.99998635	3.5320395e-06	1.0094061e-05
1038	low_pain	3.716573e-06	0.99999297	3.319414e-06
1039	no_pain	0.9999891	3.148918e-06	7.720003e-06
1040	no_pain	0.9984476	4.955771e-05	0.0015028017
1041	no_pain	0.9999919	3.1150068e-06	4.960871e-06
1042	no_pain	0.9999968	7.804726e-07	2.4162835e-06
1043	no_pain	0.99998724	4.1419225e-06	8.629698e-06
1044	no_pain	0.99999064	3.0937933e-06	6.2579084e-06
1045	no_pain	0.99999046	1.2740293e-06	8.216858e-06
1046	no_pain	0.99999577	1.4367932e-06	2.7259055e-06
1047	no_pain	0.99998695	1.4114847e-06	1.1618309e-05
1048	no_pain	0.9999948	1.7061824e-06	3.4848442e-06
1049	no_pain	0.9999868	1.2120242e-06	1.1935224e-05
1050	no_pain	0.99999565	1.0297161e-06	3.3213146e-06
1051	no_pain	0.99999416	1.9102567e-06	3.951281e-06
1052	no_pain	0.9999971	9.865996e-07	1.983918e-06
1053	no_pain	0.99999416	1.9450692e-06	3.885153e-06
1054	no_pain	0.9999925	2.8183636e-06	4.7026656e-06
1055	no_pain	0.9999436	5.2843575e-06	5.1172683e-05
1056	no_pain	0.9999868	1.4555745e-06	1.1699287e-05
1057	low_pain	4.2986926e-06	0.9999921	3.554629e-06
1058	no_pain	0.9999948	1.140663e-06	4.100028e-06
1059	no_pain	0.9972897	1.9768826e-05	0.0026904996
1060	no_pain	0.999996	9.689342e-07	3.0754584e-06
1061	low_pain	3.3780032e-06	0.99999386	2.746751e-06
1062	low_pain	0.02618074	0.9723789	0.0014403482
1063	no_pain	0.9999874	2.438829e-06	1.01854075e-05
1064	no_pain	0.9999876	4.197101e-06	8.1854405e-06
1065	low_pain	6.217735e-06	0.9999877	6.036552e-06
1066	no_pain	0.999996	9.0285585e-07	3.1369939e-06
1067	no_pain	0.9999919	2.8619793e-06	5.2420755e-06
1068	low_pain	0.14288232	0.70356447	0.15355326
1069	no_pain	0.99999607	1.2887107e-06	2.6640425e-06
1070	no_pain	0.9999934	8.6435375e-07	5.693625e-06
1071	high_pain	0.001318694	0.21842669	0.78025466
1072	no_pain	0.9999949	1.230091e-06	3.8739577e-06
1073	low_pain	7.485315e-06	0.9999882	4.301307e-06
1074	no_pain	0.9999939	2.0870662e-06	3.9717406e-06
1075	low_pain	4.4133785e-06	0.99999297	2.5898444e-06
1076	no_pain	0.99999714	7.3957733e-07	2.1251199e-06
1077	high_pain	0.0009296106	0.3992451	0.59982526
1078	low_pain	0.0024891645	0.7576977	0.23981309
1079	no_pain	0.9999944	1.4812696e-06	4.064179e-06
1080	no_pain	0.9999967	7.7785063e-07	2.5355043e-06
1081	no_pain	0.98961055	7.094679e-05	0.010318513
1082	no_pain	0.84873706	9.403924e-05	0.15116894
1083	no_pain	0.99999017	1.217265e-06	8.623291e-06
1084	no_pain	0.99999225	1.9971296e-06	5.7679385e-06
1085	no_pain	0.99998766	1.2073584e-06	1.1130401e-05
1086	no_pain	0.9999897	1.2337163e-06	9.0894855e-06
1087	low_pain	3.4354186e-06	0.9999942	2.3362122e-06
1088	no_pain	0.99998844	4.0199334e-06	7.6116526e-06
1089	low_pain	3.2545377e-06	0.99999416	2.646041e-06
1090	no_pain	0.99999374	1.6328304e-06	4.6177965e-06
1091	no_pain	0.9999561	2.242493e-06	4.17288e-05
1092	no_pain	0.9999897	3.3041968e-06	6.9667212e-06
1093	no_pain	0.9999965	9.664752e-07	2.534324e-06
1094	no_pain	0.99998623	3.3823653e-06	1.0351508e-05
1095	no_pain	0.9999965	8.626535e-07	2.6618868e-06
1096	no_pain	0.99999535	1.05545e-06	3.615471e-06
1097	no_pain	0.9999827	4.3845503e-06	1.2937978e-05
1098	low_pain	2.7169783e-06	0.9999947	2.6074665e-06
1099	no_pain	0.99999374	9.555705e-07	5.3350536e-06
1100	no_pain	0.9999963	1.3930616e-06	2.2992701e-06
1101	no_pain	0.9999953	1.4121413e-06	3.2798202e-06
1102	no_pain	0.999987	4.8346315e-06	8.189325e-06
1103	no_pain	0.8867261	0.00020338666	0.11307051
1104	no_pain	0.9999906	3.0859858e-06	6.305187e-06
1105	no_pain	0.5672097	7.527513e-05	0.43271497
1106	high_pain	0.14295475	2.3757368e-05	0.85702145
1107	no_pain	0.9999805	4.600565e-06	1.493303e-05
1108	no_pain	0.85632527	0.14364262	3.2068732e-05
1109	high_pain	0.000116188196	1.273701e-05	0.9998711
1110	no_pain	0.9999951	1.4688115e-06	3.402906e-06
1111	no_pain	0.97343355	0.00016937412	0.02639705
1112	no_pain	0.9999916	2.7516628e-06	5.6345743e-06
1113	no_pain	0.99999386	1.5890456e-06	4.524888e-06
1114	no_pain	0.99999195	2.7958692e-06	5.253783e-06
1115	low_pain	8.794349e-06	0.9999703	2.0891277e-05
1116	no_pain	0.9999879	3.8540156e-06	8.31492e-06
1117	no_pain	0.9999957	9.705203e-07	3.3052056e-06
1118	low_pain	3.9642578e-06	0.9999932	2.8163242e-06
1119	no_pain	0.9999959	9.964108e-07	3.0574151e-06
1120	high_pain	4.7188598e-05	6.9486755e-06	0.9999458
1121	no_pain	0.99999034	2.8316977e-06	6.8546747e-06
1122	high_pain	0.44787222	7.345623e-05	0.5520543
1123	no_pain	0.9999881	2.3201733e-06	9.580728e-06
1124	no_pain	0.9999924	2.6222401e-06	5.059764e-06
1125	no_pain	0.9999895	3.524136e-06	6.980031e-06
1126	no_pain	0.99998724	4.7864205e-06	7.962444e-06
1127	low_pain	2.5549068e-06	0.99999493	2.4575165e-06
1128	no_pain	0.9999914	2.7588135e-06	5.866784e-06
1129	no_pain	0.9999947	1.9985725e-06	3.3286783e-06
1130	no_pain	0.9999853	4.6266987e-06	1.0116202e-05
1131	no_pain	0.99998873	1.3035394e-06	9.915743e-06
1132	no_pain	0.9999814	4.2802453e-06	1.4349136e-05
1133	no_pain	0.9999963	9.158731e-07	2.788324e-06
1134	high_pain	0.0005066563	0.14988229	0.849611
1135	no_pain	0.9999916	1.2649022e-06	7.0738306e-06
1136	no_pain	0.9999928	2.6643913e-06	4.5786405e-06
1137	no_pain	0.9999896	1.2187071e-06	9.107059e-06
1138	no_pain	0.9999916	1.9259596e-06	6.4662736e-06
1139	no_pain	0.99999344	2.2838974e-06	4.2126094e-06
1140	high_pain	0.00013004367	1.9726127e-05	0.9998502
1141	no_pain	0.99998575	1.434025e-06	1.2852696e-05
1142	no_pain	0.8590923	5.246477e-05	0.14085521
1143	no_pain	0.99999386	1.1667232e-06	4.9291484e-06
1144	no_pain	0.9999909	1.3128918e-06	7.832407e-06
1145	no_pain	0.99999046	1.3529188e-06	8.1965545e-06
1146	high_pain	0.14619406	0.13776046	0.7160455
1147	no_pain	0.9999871	1.1912022e-06	1.1665518e-05
1148	no_pain	0.9999861	3.6800282e-06	1.0239227e-05
1149	no_pain	0.99999416	8.5366344e-07	5.015213e-06
1150	no_pain	0.8602404	0.13964285	0.000116756455
1151	low_pain	0.000103779705	0.5718585	0.42803764
1152	low_pain	0.28755638	0.7123743	6.93084e-05
1153	no_pain	0.99998564	2.0681298e-06	1.2287216e-05
1154	no_pain	0.9999938	1.8331613e-06	4.4044777e-06
1155	no_pain	0.7950907	0.20472808	0.00018121787
1156	high_pain	0.2861776	4.213146e-05	0.7137803
1157	no_pain	0.9999911	2.9924108e-06	5.8112887e-06
1158	no_pain	0.99999255	1.2477747e-06	6.142708e-06
1159	low_pain	5.48841e-06	0.9999904	4.0925556e-06
1160	no_pain	0.99998516	3.9940937e-06	1.0853778e-05
1161	no_pain	0.99999034	3.186487e-06	6.4675937e-06
1162	no_pain	0.9999488	8.826649e-06	4.235364e-05
1163	no_pain	0.99999386	2.1112896e-06	4.0932005e-06
1164	low_pain	0.14285682	0.8571369	6.191433e-06
1165	no_pain	0.9999962	1.402757e-06	2.4164926e-06
1166	low_pain	3.3943836e-06	0.9999933	3.2832709e-06
1167	no_pain	0.99999344	2.214843e-06	4.246369e-06
1168	low_pain	7.801059e-06	0.9999873	4.8620527e-06
1169	no_pain	0.99999183	1.2750918e-06	6.861064e-06
1170	no_pain	0.9999947	1.1037553e-06	4.2068536e-06
1171	no_pain	0.9999877	1.5517256e-06	1.073944e-05
1172	no_pain	0.99998605	5.7112056e-06	8.253511e-06
1173	no_pain	0.9949996	5.719924e-05	0.004943178
1174	low_pain	0.28580433	0.7141781	1.755943e-05
1175	no_pain	0.99999565	1.319807e-06	2.962962e-06
1176	no_pain	0.99999195	2.0489483e-06	5.957217e-06
1177	no_pain	0.9999972	9.689174e-07	1.8584321e-06
1178	no_pain	0.999989	3.1271559e-06	7.894097e-06
1179	low_pain	0.11906663	0.8805814	0.00035196362
1180	no_pain	0.99999386	1.3191122e-06	4.827737e-06
1181	no_pain	0.9999963	8.5384687e-07	2.8156496e-06
1182	no_pain	0.94793254	0.00018770958	0.051879764
1183	no_pain	0.99999684	1.0671507e-06	2.1278904e-06
1184	no_pain	0.9999918	2.783301e-06	5.450351e-06
1185	low_pain	0.14287782	0.8570792	4.2971544e-05
1186	no_pain	0.71426284	6.597235e-06	0.2857306
1187	no_pain	0.9999958	1.2569959e-06	2.8932648e-06
1188	no_pain	0.99999386	1.9193524e-06	4.2604743e-06
1189	no_pain	0.99999607	1.5373698e-06	2.4236979e-06
1190	low_pain	6.2891318e-06	0.99999005	3.7016466e-06
1191	no_pain	0.99999446	1.6268493e-06	3.895742e-06
1192	no_pain	0.97790956	7.361256e-05	0.022016829
1193	no_pain	0.9999892	2.927906e-06	7.8786325e-06
1194	low_pain	0.0022727787	0.9976924	3.4807763e-05
1195	no_pain	0.99998677	3.4500895e-06	9.794999e-06
1196	no_pain	0.9999963	1.2029902e-06	2.502299e-06
1197	high_pain	0.28521442	0.000117922864	0.7146677
1198	no_pain	0.5713645	1.2510327e-05	0.42862296
1199	no_pain	0.9999884	1.3337514e-06	1.0303658e-05
1200	no_pain	0.99998933	4.3600135e-06	6.301288e-06
1201	no_pain	0.99999565	9.56792e-07	3.386145e-06
1202	no_pain	0.58596057	0.00028760562	0.4137518
1203	no_pain	0.9999959	1.2349035e-06	2.837158e-06
1204	no_pain	0.999988	4.126361e-06	7.873822e-06
1205	no_pain	0.9999965	9.1174877e-07	2.5846819e-06
1206	no_pain	0.99998885	4.0680648e-06	7.0385354e-06
1207	no_pain	0.99999464	1.3802361e-06	4.0141954e-06
1208	no_pain	0.9999956	1.3499541e-06	3.0204224e-06
1209	low_pain	2.924057e-06	0.9999943	2.777037e-06
1210	low_pain	4.7548406e-06	0.999992	3.1935567e-06
1211	low_pain	0.011818198	0.9878914	0.00029040826
1212	no_pain	0.9999919	1.3507786e-06	6.745001e-06
1213	no_pain	0.99999624	9.4422427e-07	2.870064e-06
1214	no_pain	0.99998826	3.4318393e-06	8.28649e-06
1215	no_pain	0.9999943	1.9991205e-06	3.7506475e-06
1216	no_pain	0.9999924	2.5782251e-06	5.0906665e-06
1217	no_pain	0.9999935	1.4371578e-06	5.0410003e-06
1218	no_pain	0.98046726	0.00012530561	0.019407447
1219	no_pain	0.99999505	1.6507419e-06	3.3439683e-06
1220	no_pain	0.99997413	4.5444153e-06	2.1296068e-05
1221	no_pain	0.99999106	9.216131e-07	7.969231e-06
1222	no_pain	0.9999896	3.196829e-06	7.1500035e-06
1223	low_pain	1.0703788e-05	0.9999835	5.816683e-06
1224	no_pain	0.9999968	1.0420333e-06	2.1406097e-06
1225	no_pain	0.99999386	1.9366003e-06	4.2096353e-06
1226	low_pain	3.4392303e-06	0.9999936	2.993918e-06
1227	no_pain	0.9999959	1.0727896e-06	3.0288854e-06
1228	no_pain	0.99999374	2.1718238e-06	4.0615378e-06
1229	no_pain	0.9999965	8.991969e-07	2.6466773e-06
1230	no_pain	0.99999386	1.434684e-06	4.7105736e-06
1231	high_pain	0.0035218312	0.0001433509	0.99633485
1232	no_pain	0.999584	1.5823698e-05	0.00040016734
1233	no_pain	0.99999624	1.0076573e-06	2.7344165e-06
1234	low_pain	0.00076579023	0.75274944	0.24648477
1235	low_pain	3.741103e-06	0.9999927	3.5148012e-06
1236	high_pain	0.13587908	0.0114979	0.852623
1237	high_pain	0.006259404	0.000100876736	0.99363977
1238	high_pain	0.0003102545	0.00031970214	0.99937004
1239	no_pain	0.9999844	3.725692e-06	1.1864837e-05
1240	no_pain	0.99998665	1.5851157e-06	1.1766278e-05
1241	no_pain	0.9999812	3.1202162e-06	1.5722848e-05
1242	no_pain	0.99999756	7.9054155e-07	1.7103915e-06
1243	no_pain	0.9999917	2.8048332e-06	5.527835e-06
1244	low_pain	0.4928349	0.50692	0.00024512198
1245	no_pain	0.9999936	2.0764433e-06	4.3133764e-06
1246	low_pain	3.9368024e-06	0.9999924	3.6910462e-06
1247	no_pain	0.50054604	0.49893612	0.0005178504
1248	no_pain	0.5715551	6.293361e-05	0.42838198
1249	no_pain	0.9908161	0.00013028228	0.009053613
1250	no_pain	0.9999929	1.9369925e-06	5.1865636e-06
1251	no_pain	0.9999965	8.843312e-07	2.7081066e-06
1252	high_pain	0.00011576956	1.3334876e-05	0.99987084
1253	no_pain	0.9999956	1.384147e-06	3.0428741e-06
1254	low_pain	2.9488222e-06	0.99999505	2.0464574e-06
1255	no_pain	0.9999809	3.9013526e-06	1.5119716e-05
1256	no_pain	0.99999636	1.1548602e-06	2.454281e-06
1257	no_pain	0.9999937	1.1377751e-06	5.189421e-06
1258	no_pain	0.9999944	1.0814844e-06	4.534867e-06
1259	no_pain	0.99998873	3.5745798e-06	7.650607e-06
1260	low_pain	3.6943231e-06	0.9999928	3.5181406e-06
1261	no_pain	0.999996	9.767715e-07	3.0298488e-06
1262	no_pain	0.9999861	1.5618427e-06	1.2364294e-05
1263	no_pain	0.999989	3.060902e-06	7.94024e-06
1264	no_pain	0.99998343	2.931158e-06	1.36440585e-05
1265	no_pain	0.99999636	8.809298e-07	2.7253318e-06
1266	high_pain	0.20554271	0.00012329704	0.794334
1267	no_pain	0.9999966	1.179744e-06	2.2175275e-06
1268	low_pain	0.1428602	0.85713655	3.2484784e-06
1269	no_pain	0.99999434	1.6932248e-06	3.954095e-06
1270	no_pain	0.9999941	1.5090809e-06	4.4248923e-06
1271	no_pain	0.9999951	1.0800103e-06	3.8338367e-06
1272	no_pain	0.99999726	8.745429e-07	1.848025e-06
1273	no_pain	0.9999835	1.7655917e-06	1.4737787e-05
1274	no_pain	0.9999955	9.156965e-07	3.5657292e-06
1275	no_pain	0.9999952	1.8482377e-06	3.0297535e-06
1276	no_pain	0.99999607	1.007508e-06	2.953166e-06
1277	no_pain	0.9999965	1.2496952e-06	2.2490797e-06
1278	no_pain	0.99999607	8.101168e-07	3.1105776e-06
1279	no_pain	0.99999124	1.1952039e-06	7.613027e-06
1280	no_pain	0.9999971	9.645812e-07	1.9697782e-06
1281	no_pain	0.9999965	8.4496247e-07	2.638717e-06
1282	high_pain	0.005210201	0.00011958809	0.9946702
1283	no_pain	0.9999875	1.4046518e-06	1.1114401e-05
1284	no_pain	0.9999861	1.6715876e-06	1.2184231e-05
1285	no_pain	0.999994	2.101899e-06	3.873388e-06
1286	no_pain	0.9999923	2.5676377e-06	5.110586e-06
1287	no_pain	0.999987	1.3048427e-06	1.170947e-05
1288	high_pain	0.00012718908	1.1299779e-05	0.99986154
1289	no_pain	0.9999959	1.1333098e-06	2.934338e-06
1290	no_pain	0.9999921	2.0358468e-06	5.830163e-06
1291	no_pain	0.9758522	0.00013946669	0.02400831
1292	no_pain	0.9999868	4.461509e-06	8.7024e-06
1293	low_pain	9.3721195e-05	0.9992927	0.0006136148
1294	no_pain	0.9999901	1.4899523e-06	8.40213e-06
1295	low_pain	3.4188756e-06	0.9999933	3.2440475e-06
1296	no_pain	0.99999374	2.1660712e-06	4.099946e-06
1297	no_pain	0.9999909	1.2320987e-06	7.867642e-06
1298	no_pain	0.9999938	2.2798918e-06	3.940323e-06
1299	no_pain	0.9999941	1.8511977e-06	4.0340274e-06
1300	low_pain	2.9959487e-05	0.9999615	8.510485e-06
1301	no_pain	0.9999873	4.289799e-06	8.366763e-06
1302	no_pain	0.99998605	1.7205673e-06	1.2246002e-05
1303	no_pain	0.99999505	1.5234546e-06	3.4852262e-06
1304	no_pain	0.99999195	1.2484676e-06	6.80875e-06
1305	no_pain	0.99999136	2.907844e-06	5.6880567e-06
1306	no_pain	0.99999607	9.170717e-07	3.0386805e-06
1307	no_pain	0.9999962	1.3220694e-06	2.477162e-06
1308	no_pain	0.999967	4.671404e-06	2.8327855e-05
1309	low_pain	0.05292921	0.9466757	0.00039509338
1310	no_pain	0.9999944	1.4032067e-06	4.124374e-06
1311	high_pain	0.14599411	0.00021500922	0.8537908
1312	no_pain	0.57152957	0.4284504	2.0009918e-05
1313	no_pain	0.999994	1.6134518e-06	4.369049e-06
1314	no_pain	0.9999971	9.741896e-07	1.9576494e-06
1315	low_pain	0.14285854	0.85713804	3.441138e-06
1316	no_pain	0.9999795	3.232866e-06	1.730394e-05
1317	no_pain	0.99998766	4.0191485e-06	8.30285e-06
1318	low_pain	0.00086351635	0.9991242	1.219478e-05
1319	no_pain	0.9999851	3.5849655e-06	1.1324604e-05
1320	no_pain	0.9999929	1.2290641e-06	5.813236e-06
1321	no_pain	0.99999565	1.3273509e-06	3.0167778e-06
1322	no_pain	0.9999958	1.2567335e-06	2.9122855e-06
1323	no_pain	0.99998367	3.8270055e-06	1.2550372e-05
