sample_index	label	no_pain	low_pain	high_pain
000	no_pain	0.9999973	1.5739897e-06	1.10605e-06
001	no_pain	0.9999997	1.731723e-07	2.1543678e-07
002	no_pain	0.63525385	0.00017306277	0.36457306
003	high_pain	0.48250824	9.128492e-05	0.51740044
004	no_pain	0.99999946	1.5202156e-07	4.028938e-07
005	no_pain	0.85577804	5.821382e-06	0.14421614
006	no_pain	0.8671033	0.00013190058	0.13276485
007	no_pain	0.9999996	1.7024836e-07	2.573602e-07
008	no_pain	0.5274305	0.00019183313	0.47237772
009	no_pain	0.9999996	1.7970562e-07	1.9812458e-07
010	no_pain	0.9999996	1.777253e-07	2.3433708e-07
011	no_pain	0.9999994	1.4866464e-07	4.900543e-07
012	no_pain	0.9999997	1.6809145e-07	2.0992444e-07
013	no_pain	0.999999	1.2642849e-07	9.0636706e-07
014	no_pain	0.99999964	1.7003966e-07	2.265285e-07
015	high_pain	0.43848705	0.0001986893	0.5613142
016	low_pain	0.004708812	0.9952467	4.4502576e-05
017	no_pain	0.99999934	1.7812309e-07	4.6979602e-07
018	low_pain	0.0012070657	0.71659046	0.28220245
019	no_pain	0.9999994	1.5008675e-07	4.9259e-07
020	no_pain	0.9999996	1.702779e-07	2.4091904e-07
021	no_pain	0.9999996	1.6583014e-07	2.517407e-07
022	high_pain	0.2866266	1.5271153e-05	0.7133581
023	low_pain	0.00010980474	0.9998774	1.2776339e-05
024	no_pain	0.7514419	0.00016736309	0.24839075
025	no_pain	0.99999946	2.0225839e-07	3.1967463e-07
026	low_pain	5.0276372e-05	0.9999405	9.174845e-06
027	no_pain	0.9999995	1.502751e-07	4.011347e-07
028	no_pain	0.9999994	2.3742645e-07	3.2973944e-07
029	no_pain	0.9999996	1.8414076e-07	2.0507676e-07
030	no_pain	0.9999995	1.8801644e-07	2.321009e-07
031	no_pain	0.9999996	1.8272715e-07	2.0492601e-07
032	no_pain	0.9999995	2.0659482e-07	2.424519e-07
033	no_pain	0.7146984	7.5164157e-06	0.28529412
034	no_pain	0.9999997	1.6858135e-07	2.0912323e-07
035	no_pain	0.99999964	1.6847525e-07	2.1651739e-07
036	low_pain	0.00027593548	0.99970645	1.7554845e-05
037	high_pain	0.04385913	7.427191e-05	0.9560666
038	no_pain	0.9999996	1.5352191e-07	2.3833358e-07
039	no_pain	0.99999964	1.7450331e-07	2.0420522e-07
040	high_pain	0.2791193	0.00014214555	0.72073853
041	low_pain	0.0009530959	0.9990174	2.9445737e-05
042	low_pain	0.002283513	0.9976594	5.708557e-05
043	low_pain	0.14312519	0.85686	1.4807001e-05
044	no_pain	0.9999996	1.6381075e-07	2.5323115e-07
045	high_pain	0.28571025	1.9861734e-06	0.71428776
046	high_pain	0.42233464	2.567327e-06	0.5776628
047	no_pain	0.9999994	2.3899136e-07	3.4103982e-07
048	no_pain	0.9999995	1.4085732e-07	3.3538282e-07
049	high_pain	1.3830955e-05	1.9552942e-06	0.9999842
050	high_pain	0.00035144863	1.6800814e-05	0.99963176
051	no_pain	0.99999875	3.3550876e-07	8.74719e-07
052	low_pain	0.00014991223	0.9998372	1.2925892e-05
053	no_pain	0.60904014	0.39082384	0.00013607036
054	no_pain	0.99999946	1.8679675e-07	2.6307032e-07
055	no_pain	0.57143974	2.6640116e-06	0.42855766
056	no_pain	0.9999994	2.4767354e-07	3.5381942e-07
057	no_pain	0.99999934	2.7164353e-07	4.454266e-07
058	no_pain	0.99999964	1.7732948e-07	2.0175527e-07
059	no_pain	0.9999997	1.6821666e-07	1.9565917e-07
060	high_pain	0.05846561	0.0001482912	0.9413861
061	no_pain	0.99999964	1.6122233e-07	2.1551999e-07
062	no_pain	0.99999964	1.5079468e-07	2.1832066e-07
063	no_pain	0.99999964	1.691805e-07	2.2068684e-07
064	no_pain	0.99999946	1.7241992e-07	3.897885e-07
065	no_pain	0.9999995	1.8609049e-07	2.9939338e-07
066	no_pain	0.9999992	1.942035e-07	5.523901e-07
067	no_pain	0.9999997	1.5177034e-07	2.1472634e-07
068	high_pain	0.00038429725	1.4376873e-05	0.9996013
069	no_pain	0.9999996	1.7044333e-07	2.339527e-07
070	no_pain	0.9999996	1.7886659e-07	2.3661947e-07
071	no_pain	0.433297	0.14964162	0.41706136
072	no_pain	0.9999995	1.762846e-07	3.3697276e-07
073	high_pain	0.03480695	8.484755e-05	0.9651082
074	no_pain	0.9999992	1.0723105e-07	6.2993934e-07
075	no_pain	0.9999996	1.8091524e-07	2.1152378e-07
076	no_pain	0.8563108	1.2399323e-06	0.14368798
077	no_pain	0.99999946	1.9527045e-07	3.0668357e-07
078	no_pain	0.99999964	1.701683e-07	1.9384473e-07
079	no_pain	0.9999995	2.040157e-07	2.3818089e-07
080	high_pain	0.4285559	1.6831884e-06	0.5714425
081	high_pain	0.15294167	0.021754414	0.8253039
082	high_pain	0.42912182	5.8849105e-06	0.57087225
083	no_pain	0.99999946	1.6050556e-07	3.9512224e-07
084	no_pain	0.9999996	1.746465e-07	2.993339e-07
085	no_pain	0.9999996	1.8054514e-07	2.0986961e-07
086	no_pain	0.9999995	1.853293e-07	2.711685e-07
087	low_pain	0.428722	0.5712612	1.6764501e-05
088	no_pain	0.99999946	3.2116677e-07	2.0623527e-07
089	no_pain	0.9999985	2.6088196e-07	1.2669973e-06
090	high_pain	0.006851843	6.140848e-05	0.99308676
091	no_pain	0.9999994	2.3498099e-07	3.291368e-07
092	no_pain	0.9999996	1.7459698e-07	2.3679478e-07
093	low_pain	0.0011251428	0.99879426	8.063623e-05
094	no_pain	0.99999946	1.9728999e-07	3.0443985e-07
095	no_pain	0.99999946	1.9705497e-07	2.9031278e-07
096	no_pain	0.9999997	1.7238679e-07	2.0470756e-07
097	high_pain	0.14290741	2.4513417e-06	0.8570901
098	high_pain	1.180708e-05	1.5287065e-06	0.99998665
099	low_pain	0.1432824	0.85669726	2.033929e-05
100	no_pain	0.99999946	1.8742402e-07	2.6824424e-07
101	no_pain	0.9999996	1.7027423e-07	2.6155547e-07
102	low_pain	0.0014169315	0.9985377	4.5308563e-05
103	low_pain	0.2857761	0.714214	9.851498e-06
104	no_pain	0.99999744	2.4893762e-07	2.3001123e-06
105	no_pain	0.7238745	4.031042e-06	0.27612147
106	high_pain	0.00019753711	2.3110279e-05	0.9997793
107	no_pain	0.9999996	1.6146018e-07	2.361622e-07
108	no_pain	0.9999995	1.838246e-07	2.5913036e-07
109	no_pain	0.9999996	1.6907373e-07	2.4386472e-07
110	no_pain	0.99999946	3.3611408e-07	2.033182e-07
111	no_pain	0.9999992	2.1419474e-07	5.4106346e-07
112	no_pain	0.5822907	0.41469258	0.0030167438
113	no_pain	0.99999946	1.8964148e-07	2.737263e-07
114	no_pain	0.9999995	1.8379072e-07	2.2657385e-07
115	high_pain	0.14266522	1.58225e-05	0.85731894
116	no_pain	0.9999995	1.6142954e-07	3.4954172e-07
117	high_pain	3.6387188e-05	2.940834e-06	0.9999607
118	high_pain	0.2857339	2.1689268e-06	0.7142639
119	no_pain	0.99999964	1.6910123e-07	2.1699793e-07
120	no_pain	0.64088595	0.000114619805	0.35899943
121	no_pain	0.9999996	1.6767197e-07	2.6330966e-07
122	no_pain	0.99999946	1.4958721e-07	4.20418e-07
123	no_pain	0.9999996	1.6421586e-07	2.4581138e-07
124	no_pain	0.63782215	2.3508075e-05	0.36215433
125	no_pain	0.99999946	1.8232545e-07	3.0292293e-07
126	no_pain	0.9999997	1.6873094e-07	2.1838154e-07
127	no_pain	0.9999997	1.7182902e-07	2.1313043e-07
128	no_pain	0.99999946	1.8579301e-07	2.6691444e-07
129	no_pain	0.9999996	1.7238304e-07	2.5294307e-07
130	no_pain	0.9999996	1.7001561e-07	2.5507592e-07
131	no_pain	0.9999996	1.6871435e-07	2.4876007e-07
132	no_pain	0.9999996	1.792513e-07	1.997389e-07
133	no_pain	0.9999995	1.8537534e-07	2.6914122e-07
134	no_pain	0.99999946	1.7652147e-07	3.9119223e-07
135	no_pain	0.9999996	1.7469628e-07	2.7435286e-07
136	low_pain	0.00033707402	0.99964297	1.9922572e-05
137	high_pain	0.14319025	3.518627e-06	0.8568063
138	no_pain	0.9999995	1.8583025e-07	2.3239731e-07
139	no_pain	0.99999875	7.8808273e-07	4.6451663e-07
140	no_pain	0.57144254	2.4395035e-06	0.428555
141	no_pain	0.9999996	1.7056672e-07	2.513647e-07
142	no_pain	0.948738	0.00011054664	0.05115145
143	no_pain	0.9999994	1.4689165e-07	4.499985e-07
144	low_pain	0.31400186	0.6453976	0.04060057
145	no_pain	0.9999996	1.6525951e-07	2.56451e-07
146	low_pain	0.14778413	0.85216004	5.5816094e-05
147	no_pain	0.99999946	1.9266852e-07	3.9245833e-07
148	low_pain	0.029306542	0.9705922	0.00010119786
149	no_pain	0.99999946	2.0489588e-07	3.5681987e-07
150	no_pain	0.99999946	1.3900838e-07	4.1527005e-07
151	no_pain	0.99997807	4.681642e-07	2.1456204e-05
152	no_pain	0.99999905	2.6081875e-07	7.1105177e-07
153	no_pain	0.9999997	1.6933656e-07	2.1079688e-07
154	no_pain	0.99900776	6.021359e-05	0.0009319897
155	no_pain	0.5005177	0.0001577632	0.49932453
156	high_pain	0.14933129	5.5185643e-05	0.85061353
157	no_pain	0.99999934	1.1948923e-07	5.9876095e-07
158	no_pain	0.9999996	1.8155664e-07	2.015095e-07
159	no_pain	0.90909153	0.08077907	0.010129427
160	low_pain	0.07533512	0.9245227	0.00014223334
161	no_pain	0.99999297	2.225423e-07	6.7689034e-06
162	no_pain	0.99999917	1.8954982e-07	6.0696357e-07
163	no_pain	0.5714573	3.908844e-06	0.42853877
164	no_pain	0.9999996	1.4369053e-07	3.0836551e-07
165	high_pain	0.0017013206	0.43852553	0.5597731
166	no_pain	0.99999523	1.6583363e-07	4.6124646e-06
167	no_pain	0.9999996	1.7273774e-07	2.4939646e-07
168	no_pain	0.9999625	8.300135e-07	3.664329e-05
169	no_pain	0.9999996	1.5962837e-07	2.798594e-07
170	no_pain	0.57137215	0.42861694	1.0911742e-05
171	low_pain	0.14274083	0.85725075	8.463785e-06
172	no_pain	0.9999996	1.8113829e-07	2.0432434e-07
173	no_pain	0.7359664	1.445141e-05	0.2640191
174	no_pain	0.9999995	1.7948263e-07	2.898049e-07
175	low_pain	0.12813452	0.5872845	0.284581
176	no_pain	0.9999995	1.6032378e-07	3.7253196e-07
177	no_pain	0.9999996	1.7115892e-07	2.3107943e-07
178	no_pain	0.99999964	1.710501e-07	2.1414583e-07
179	no_pain	0.9999996	1.7460796e-07	2.2674683e-07
180	no_pain	0.99999946	2.0587949e-07	2.8126084e-07
181	no_pain	0.9999995	1.5092144e-07	3.903256e-07
182	no_pain	0.90620375	1.6007356e-05	0.09378021
183	no_pain	0.99999917	2.4113675e-07	5.784281e-07
184	no_pain	0.99999934	2.7866548e-07	3.737432e-07
185	no_pain	0.99999845	1.605825e-07	1.4867863e-06
186	high_pain	0.42857784	1.9188496e-06	0.57142025
187	no_pain	0.9999996	1.73517e-07	2.268566e-07
188	high_pain	0.14154427	1.3428443e-05	0.8584423
189	high_pain	1.337738e-05	2.6264702e-06	0.99998397
190	no_pain	0.9999989	2.3317122e-07	9.1430735e-07
191	high_pain	2.1423866e-05	2.032756e-06	0.9999766
192	no_pain	0.99999905	1.10615936e-07	8.5474454e-07
193	no_pain	0.9999995	1.9876435e-07	2.651616e-07
194	no_pain	0.9999996	1.7541174e-07	2.3853013e-07
195	no_pain	0.9999994	1.660258e-07	4.838468e-07
196	no_pain	0.99999934	1.4630999e-07	5.5623025e-07
197	no_pain	0.9999996	1.9109596e-07	2.4174807e-07
198	low_pain	0.114425525	0.8854958	7.87021e-05
199	no_pain	0.99999946	1.4864615e-07	4.5727379e-07
200	no_pain	0.99999946	1.7316822e-07	3.896189e-07
201	no_pain	0.5714339	1.4157806e-06	0.42856473
202	low_pain	0.00042076435	0.99955684	2.2391343e-05
203	low_pain	0.00012302697	0.99986446	1.254541e-05
204	no_pain	0.9999995	2.1337954e-07	2.7412185e-07
205	no_pain	0.9999992	2.244844e-07	4.711685e-07
206	low_pain	0.1449569	0.8550115	3.1587082e-05
207	no_pain	0.99958813	4.8155925e-06	0.0004070173
208	no_pain	0.9999995	1.5553493e-07	3.5646113e-07
209	no_pain	0.9999997	1.6163665e-07	1.9199426e-07
210	no_pain	0.9999994	1.705822e-07	4.5895737e-07
211	no_pain	0.9999996	1.7123337e-07	2.6368897e-07
212	no_pain	0.9999995	1.6207787e-07	3.0488826e-07
213	no_pain	0.99999934	2.4858383e-07	3.892133e-07
214	low_pain	0.0013700508	0.998598	3.197474e-05
215	no_pain	0.9999996	1.7754459e-07	1.9872864e-07
216	no_pain	0.9999995	1.4810385e-07	3.9186503e-07
217	no_pain	0.9999996	1.7905381e-07	2.0125253e-07
218	no_pain	0.9999513	7.883067e-06	4.0844083e-05
219	no_pain	0.99999946	1.6056306e-07	3.8599038e-07
220	low_pain	0.28573456	0.7142345	3.094241e-05
221	no_pain	0.99999946	1.9519916e-07	2.939496e-07
222	low_pain	0.14272	0.85111994	0.00616009
223	no_pain	0.99999917	2.700452e-07	6.326263e-07
224	no_pain	0.6822368	0.00011580985	0.3176474
225	no_pain	0.9999996	1.7506757e-07	2.3459802e-07
226	no_pain	0.99999946	2.4330947e-07	3.163249e-07
227	no_pain	0.9999996	1.7169928e-07	2.3340375e-07
228	no_pain	0.9999996	1.6526181e-07	2.4251767e-07
229	no_pain	0.9999995	1.4909463e-07	3.777915e-07
230	no_pain	0.99999964	1.745584e-07	2.0030254e-07
231	no_pain	0.9999995	1.7804734e-07	3.0070697e-07
232	no_pain	0.9999996	1.7725598e-07	2.438656e-07
233	no_pain	0.99999946	1.8226388e-07	3.943541e-07
234	no_pain	0.9999997	1.6523792e-07	2.1778449e-07
235	no_pain	0.99999946	1.8013462e-07	3.9273306e-07
236	no_pain	0.9999995	1.5713957e-07	3.487891e-07
237	no_pain	0.99999225	2.069283e-07	7.5176226e-06
238	high_pain	6.8530506e-05	6.676039e-05	0.9998647
239	no_pain	0.99996996	3.9011556e-07	2.9646346e-05
240	no_pain	0.9999995	1.5099045e-07	3.586619e-07
241	no_pain	0.99999946	1.9233447e-07	3.1376013e-07
242	no_pain	0.9999996	1.6651765e-07	2.422249e-07
243	no_pain	0.9999997	1.7057462e-07	2.138455e-07
244	no_pain	0.9999994	2.2034307e-07	3.757832e-07
245	no_pain	0.9999995	1.796387e-07	2.359151e-07
246	no_pain	0.99999934	1.506702e-07	5.8616126e-07
247	no_pain	0.9999995	1.5129108e-07	3.620193e-07
248	no_pain	0.99999905	2.0456234e-07	7.186924e-07
249	no_pain	0.9999994	2.459631e-07	3.613746e-07
250	no_pain	0.99999905	3.3157886e-07	6.2829884e-07
251	low_pain	0.00019687871	0.99977434	2.8787585e-05
252	no_pain	0.9999996	1.7589339e-07	2.3042844e-07
253	no_pain	0.9999997	1.677413e-07	2.1301248e-07
254	no_pain	0.9999995	1.5238234e-07	3.3929115e-07
255	no_pain	0.7957364	0.00011170388	0.20415191
256	no_pain	0.9999996	1.700588e-07	2.434932e-07
257	high_pain	0.42861524	2.6040302e-06	0.57138216
258	high_pain	0.07841833	0.00011671552	0.9214649
259	no_pain	0.99999917	2.2719267e-07	5.7192136e-07
260	no_pain	0.9999997	1.6448043e-07	2.1544842e-07
261	high_pain	0.0014886755	4.4532594e-06	0.9985069
262	no_pain	0.99903816	3.5552857e-06	0.00095829973
263	no_pain	0.9999996	1.6681905e-07	2.5825494e-07
264	no_pain	0.99999726	1.4005981e-07	2.5857373e-06
265	no_pain	0.9999996	1.6918669e-07	2.5139016e-07
266	high_pain	0.42778698	4.3004948e-05	0.57216996
267	no_pain	0.9999996	1.6389137e-07	2.7742973e-07
268	high_pain	0.00059271057	9.985342e-05	0.99930733
269	no_pain	0.95042884	0.009173949	0.04039723
270	low_pain	0.0020633664	0.856491	0.14144564
271	no_pain	0.99999744	2.267079e-06	2.8052142e-07
272	low_pain	0.000500847	0.99947417	2.494668e-05
273	low_pain	0.14288162	0.85710496	1.3385185e-05
274	no_pain	0.99998885	2.8883656e-07	1.0893791e-05
275	no_pain	0.99999756	6.416589e-07	1.8471428e-06
276	no_pain	0.984581	1.0867035e-05	0.0154081825
277	no_pain	0.85714656	9.101818e-07	0.14285256
278	no_pain	0.9999996	1.7723423e-07	2.0003678e-07
279	no_pain	0.9999995	1.8686605e-07	2.3588237e-07
280	no_pain	0.99999607	3.078916e-07	3.714045e-06
281	no_pain	0.9999995	1.5082472e-07	3.4557044e-07
282	no_pain	0.9999995	1.8731672e-07	2.3091378e-07
283	no_pain	0.99999917	2.5161728e-07	5.3815853e-07
284	no_pain	0.9999996	1.6625674e-07	2.6678245e-07
285	no_pain	0.9999996	1.7128897e-07	2.5415437e-07
286	no_pain	0.9999995	1.8304968e-07	2.3811711e-07
287	low_pain	0.14287415	0.85712004	5.809204e-06
288	no_pain	0.9999996	1.6667398e-07	2.3754764e-07
289	no_pain	0.9999997	1.667237e-07	2.1519986e-07
290	no_pain	0.99999946	1.741456e-07	3.7815153e-07
291	low_pain	0.00010369073	0.9998842	1.2059871e-05
292	no_pain	0.9999991	2.8993026e-07	6.020874e-07
293	no_pain	0.9999996	1.6603693e-07	2.6911326e-07
294	low_pain	0.031444542	0.9684309	0.00012455744
295	no_pain	0.9999996	1.6581241e-07	2.5928026e-07
296	no_pain	0.99999726	1.7173274e-07	2.5845864e-06
297	no_pain	0.9999996	1.6417765e-07	2.4474804e-07
298	no_pain	0.57249546	1.1702421e-06	0.42750335
299	no_pain	0.99994326	2.5958132e-06	5.416123e-05
300	low_pain	0.0033578444	0.8596229	0.13701932
301	no_pain	0.9999996	1.658669e-07	2.673633e-07
302	low_pain	0.0003396233	0.9995514	0.000108968
303	no_pain	0.9998471	5.409023e-05	9.871237e-05
304	no_pain	0.9999995	1.88081e-07	2.6583726e-07
305	no_pain	0.9999997	1.507857e-07	2.1571734e-07
306	no_pain	0.9999995	1.5060697e-07	3.6285726e-07
307	no_pain	0.9999996	1.8196884e-07	2.3597798e-07
308	low_pain	0.1442375	0.8557107	5.1796695e-05
309	no_pain	0.9999997	1.7042915e-07	1.9514225e-07
310	no_pain	0.9999996	1.705879e-07	2.465202e-07
311	no_pain	0.9999996	1.8077426e-07	1.9423796e-07
312	no_pain	0.99999875	3.089845e-07	9.045768e-07
313	no_pain	0.99999946	1.7790596e-07	3.205823e-07
314	no_pain	0.9999996	1.8207399e-07	2.0183559e-07
315	no_pain	0.99999934	2.0183585e-07	4.8601675e-07
316	no_pain	0.9999995	1.7005134e-07	3.472682e-07
317	no_pain	0.9999991	1.9710805e-07	6.525752e-07
318	no_pain	0.9999997	1.6545216e-07	2.160681e-07
319	high_pain	0.010202602	0.0026408844	0.9871565
320	no_pain	0.9999995	1.6311773e-07	3.3037455e-07
321	low_pain	0.00015114025	0.99982697	2.1884738e-05
322	low_pain	9.837894e-05	0.9998897	1.1990485e-05
323	no_pain	0.99999964	1.5100935e-07	2.2133311e-07
324	no_pain	0.9999996	1.676667e-07	2.5409102e-07
325	low_pain	0.040999066	0.9263664	0.032634567
326	high_pain	0.00024350031	1.7662567e-05	0.9997388
327	no_pain	0.99999917	3.4475573e-07	4.555179e-07
328	no_pain	0.99999934	2.4569354e-07	3.8804956e-07
329	no_pain	0.9999995	1.7957855e-07	2.462088e-07
330	low_pain	0.0010559524	0.7016366	0.29730746
331	no_pain	0.9999996	1.516715e-07	3.2016715e-07
332	no_pain	0.9999996	1.7451912e-07	2.4593456e-07
333	no_pain	0.9999996	1.6799311e-07	2.594273e-07
334	high_pain	0.0004637447	5.2749954e-05	0.9994835
335	no_pain	0.99999917	3.56987e-07	4.7376443e-07
336	no_pain	0.99999857	1.13982146e-07	1.3017855e-06
337	no_pain	0.9999996	1.4913287e-07	2.3669558e-07
338	high_pain	0.35538143	0.00016855173	0.64445
339	no_pain	0.9999997	1.6854506e-07	2.0438831e-07
340	low_pain	0.14225213	0.8577237	2.4165198e-05
341	no_pain	0.9999997	1.680642e-07	1.9539209e-07
342	no_pain	0.9999992	2.8904665e-07	4.7579553e-07
343	no_pain	0.9999992	2.5485392e-07	4.5862615e-07
344	no_pain	0.9999995	1.849113e-07	2.6106324e-07
345	no_pain	0.99999946	1.4841594e-07	4.08992e-07
346	no_pain	0.9999996	1.7731239e-07	2.2412516e-07
347	no_pain	0.99999964	1.4965379e-07	2.279053e-07
348	no_pain	0.99999964	1.5071365e-07	2.2404298e-07
349	no_pain	0.9999996	1.6323781e-07	2.3091013e-07
350	no_pain	0.73423475	7.6693424e-05	0.2656885
351	no_pain	0.9999995	1.7991704e-07	3.2273576e-07
352	low_pain	0.00039648145	0.9995839	1.957334e-05
353	no_pain	0.99999946	1.9485937e-07	2.7240498e-07
354	no_pain	0.9999996	1.8105573e-07	2.0425696e-07
355	no_pain	0.9999994	1.6383972e-07	4.9392173e-07
356	no_pain	0.9999996	1.714642e-07	2.8653216e-07
357	no_pain	0.9999995	2.0353136e-07	2.3753933e-07
358	no_pain	0.99999946	1.7545783e-07	3.5218414e-07
359	high_pain	0.4287555	2.7462359e-06	0.5712418
360	no_pain	0.9999996	1.7564446e-07	2.275507e-07
361	no_pain	0.99999964	1.5117173e-07	2.2954623e-07
362	no_pain	0.9996457	4.5090737e-06	0.0003497501
363	no_pain	0.9999996	1.7135645e-07	2.459158e-07
364	no_pain	0.99999946	1.2631686e-07	4.608549e-07
365	no_pain	0.999998	1.435536e-07	1.8698204e-06
366	no_pain	0.9999996	1.6384998e-07	3.073525e-07
367	no_pain	0.99999964	1.735681e-07	2.1570584e-07
368	no_pain	0.9999996	1.7517348e-07	2.4201645e-07
369	no_pain	0.99999887	2.1174482e-07	9.728103e-07
370	no_pain	0.9999996	1.7774923e-07	1.9885293e-07
371	low_pain	0.0006587001	0.71293396	0.28640732
372	low_pain	0.00026439148	0.99969137	4.4255466e-05
373	no_pain	0.5889732	0.4109912	3.5605837e-05
374	no_pain	0.99999964	1.727394e-07	2.1650979e-07
375	low_pain	0.00047284635	0.9995037	2.3502096e-05
376	no_pain	0.9999987	4.51948e-07	8.6991383e-07
377	no_pain	0.9999994	1.4766103e-07	4.3971127e-07
378	no_pain	0.99999946	2.0725062e-07	2.912316e-07
379	low_pain	0.00035652381	0.57671654	0.4229269
380	no_pain	0.9999934	6.065238e-06	5.651218e-07
381	low_pain	0.14310935	0.8568705	2.0189178e-05
382	no_pain	0.9999996	1.7417013e-07	2.456023e-07
383	no_pain	0.99999934	1.8688137e-07	4.5670353e-07
384	no_pain	0.99999875	1.1101933e-07	1.1314323e-06
385	no_pain	0.7305413	0.000203283	0.26925543
386	no_pain	0.9999929	2.4687395e-07	6.81745e-06
387	no_pain	0.99999934	2.5023843e-07	4.0795177e-07
388	no_pain	0.99999905	1.565429e-07	8.3393667e-07
389	no_pain	0.9999994	2.2614135e-07	3.406263e-07
390	no_pain	0.58011633	6.0569997e-05	0.4198231
391	no_pain	0.9999996	1.8107653e-07	2.072259e-07
392	high_pain	0.14374769	1.1897129e-05	0.8562404
393	no_pain	0.9999901	2.7438116e-07	9.58619e-06
394	no_pain	0.9999995	1.816088e-07	2.5449032e-07
395	no_pain	0.99999946	1.5347561e-07	4.3178898e-07
396	no_pain	0.99999964	1.7407898e-07	2.0834791e-07
397	no_pain	0.9999989	3.729351e-07	6.899769e-07
398	low_pain	0.2958836	0.70406395	5.246522e-05
399	low_pain	0.14275514	0.85723436	1.0493789e-05
400	low_pain	0.0012715015	0.99870473	2.377682e-05
401	low_pain	5.187204e-05	0.9999367	1.1403215e-05
402	no_pain	0.99999946	1.8943813e-07	2.785634e-07
403	high_pain	0.004136957	3.992004e-05	0.9958231
404	no_pain	0.9999995	1.724576e-07	3.2844756e-07
405	no_pain	0.66774404	0.00012926149	0.3321268
406	no_pain	0.9999995	1.9618085e-07	2.5917106e-07
407	no_pain	0.85823065	0.14173613	3.3170498e-05
408	no_pain	0.9999996	1.7566128e-07	2.579099e-07
409	no_pain	0.9999997	1.669254e-07	2.1417002e-07
410	no_pain	0.6124994	9.6673226e-05	0.38740394
411	no_pain	0.99999815	1.3694732e-07	1.7158366e-06
412	no_pain	0.9999996	1.7274624e-07	2.2519714e-07
413	low_pain	0.15449484	0.84544486	6.0259455e-05
414	low_pain	0.40918294	0.5874938	0.0033233475
415	no_pain	0.83753353	4.639739e-06	0.16246185
416	low_pain	0.0030244146	0.9969201	5.549275e-05
417	no_pain	0.99999964	1.7298676e-07	2.0632845e-07
418	low_pain	0.00045235985	0.999525	2.2644212e-05
419	no_pain	0.9999992	2.072914e-07	5.262435e-07
420	no_pain	0.9999995	1.7162048e-07	3.7492742e-07
421	high_pain	0.17396112	0.010161867	0.815877
422	no_pain	0.99999934	2.096575e-07	4.3245043e-07
423	no_pain	0.7535568	0.24624966	0.00019353775
424	no_pain	0.9999996	1.7104603e-07	2.3383993e-07
425	no_pain	0.7992558	0.002074419	0.19866982
426	low_pain	0.0013181835	0.99865234	2.9555891e-05
427	high_pain	0.00018728014	6.2622216e-06	0.9998064
428	no_pain	0.7144116	3.719382e-06	0.28558463
429	no_pain	0.5714594	7.96723e-07	0.42853978
430	no_pain	0.99999946	1.8675685e-07	2.799346e-07
431	no_pain	0.9999995	1.8410024e-07	2.7809838e-07
432	no_pain	0.99999934	1.0675485e-07	5.69225e-07
433	high_pain	0.05650962	0.00010691742	0.9433835
434	no_pain	0.99997693	5.6965932e-06	1.7418713e-05
435	no_pain	0.9999996	1.7821131e-07	2.003e-07
436	high_pain	0.009963122	5.558567e-05	0.9899813
437	high_pain	0.00021498564	1.1547194e-05	0.99977344
438	no_pain	0.9999997	1.6464521e-07	2.0884438e-07
439	no_pain	0.9999996	1.6339841e-07	2.815322e-07
440	no_pain	0.9999996	1.65428e-07	2.6399158e-07
441	no_pain	0.99999964	1.712917e-07	2.185129e-07
442	no_pain	0.9999996	1.745107e-07	2.5546836e-07
443	no_pain	0.9999997	1.6751981e-07	2.1055871e-07
444	no_pain	0.9999996	1.608385e-07	2.294811e-07
445	no_pain	0.9999996	1.7074863e-07	2.4962182e-07
446	no_pain	0.99999887	1.5024271e-07	9.98746e-07
447	no_pain	0.99999946	2.032031e-07	3.5661338e-07
448	no_pain	0.9999995	1.5278069e-07	3.740252e-07
449	no_pain	0.99999744	1.3493454e-07	2.4982023e-06
450	low_pain	0.008043617	0.8588763	0.13308005
451	no_pain	0.8588151	2.0540265e-05	0.1411644
452	high_pain	0.43572292	0.00011527894	0.56416184
453	no_pain	0.99995536	7.5347435e-07	4.3833188e-05
454	high_pain	1.17884965e-05	1.8686889e-06	0.9999863
455	no_pain	0.9999995	1.5300168e-07	3.514604e-07
456	no_pain	0.9999997	1.6810539e-07	2.1146317e-07
457	no_pain	0.99999946	1.5520243e-07	3.924454e-07
458	no_pain	0.5767847	2.0763523e-06	0.42321324
459	no_pain	0.9999995	1.8505706e-07	2.6493018e-07
460	high_pain	0.00019967194	1.03969605e-05	0.9997899
461	no_pain	0.99999946	1.8671979e-07	3.1012425e-07
462	low_pain	0.00029060105	0.99968994	1.943404e-05
463	no_pain	0.9985847	6.452389e-06	0.0014088867
464	no_pain	0.99997336	4.55387e-06	2.2068703e-05
465	high_pain	1.15025905e-05	1.8634248e-06	0.99998665
466	no_pain	0.99999905	2.765051e-07	6.6481596e-07
467	no_pain	0.9999997	1.722747e-07	2.0677335e-07
468	no_pain	0.99996126	1.5124408e-05	2.3593806e-05
469	no_pain	0.9999996	1.6908771e-07	2.4780573e-07
470	no_pain	0.99463254	0.0053223656	4.5146135e-05
471	high_pain	0.00052372454	1.44017495e-05	0.9994618
472	no_pain	0.99999946	1.4338666e-07	4.532626e-07
473	high_pain	0.0006148811	9.314576e-06	0.99937576
474	no_pain	0.99995273	7.7782437e-07	4.65109e-05
475	low_pain	0.14302571	0.8568222	0.00015207662
476	no_pain	0.9999996	1.767419e-07	2.2353856e-07
477	no_pain	0.9999995	1.8487184e-07	2.6043182e-07
478	high_pain	0.14288671	3.3330548e-06	0.85710996
479	no_pain	0.7023813	2.0527854e-05	0.2975981
480	no_pain	0.9999996	1.6888559e-07	2.485459e-07
481	no_pain	0.9999996	1.8452296e-07	2.3270074e-07
482	no_pain	0.9999996	1.6360009e-07	2.496801e-07
483	low_pain	0.0056668795	0.9924589	0.0018742488
484	no_pain	0.9999995	1.8852157e-07	2.741543e-07
485	no_pain	0.99999857	1.0944882e-07	1.3369535e-06
486	no_pain	0.9999997	1.6859391e-07	2.1097227e-07
487	no_pain	0.6039115	8.5493935e-05	0.39600298
488	no_pain	0.9999972	4.2472473e-07	2.368603e-06
489	no_pain	0.9999652	3.0080739e-05	4.742517e-06
490	low_pain	0.0006727932	0.99928933	3.789249e-05
491	no_pain	0.9999996	1.8460992e-07	2.1014603e-07
492	high_pain	0.273003	7.5258827e-06	0.72698945
493	no_pain	0.9999995	1.9236532e-07	2.4846773e-07
494	no_pain	0.99267256	0.007247619	7.9821366e-05
495	no_pain	0.9999994	1.8721109e-07	4.0972893e-07
496	no_pain	0.9999992	2.0734517e-07	4.702893e-07
497	no_pain	0.99999946	1.5694236e-07	4.2889354e-07
498	no_pain	0.9999997	1.6618438e-07	1.941445e-07
499	high_pain	0.035187963	8.684026e-05	0.9647252
500	no_pain	0.9999996	1.6385425e-07	2.5035095e-07
501	no_pain	0.99999386	5.199537e-07	5.5972523e-06
502	no_pain	0.9999996	1.647931e-07	2.7043853e-07
503	no_pain	0.9999996	1.6446417e-07	2.6003377e-07
504	no_pain	0.9999996	1.8045701e-07	2.0049735e-07
505	no_pain	0.9999996	1.4932711e-07	2.3269878e-07
506	no_pain	0.9999997	1.69174e-07	2.0987964e-07
507	no_pain	0.9990793	8.268146e-06	0.00091242604
508	low_pain	0.0011266966	0.8528551	0.14601824
509	no_pain	0.9999996	1.8124192e-07	2.1025205e-07
510	low_pain	0.012096012	0.9878334	7.058889e-05
511	no_pain	0.99999946	1.9008232e-07	3.6185477e-07
512	no_pain	0.9999996	1.9572023e-07	2.1652079e-07
513	no_pain	0.99999946	1.8256726e-07	3.4824592e-07
514	no_pain	0.9999997	1.50104e-07	2.1484995e-07
515	high_pain	0.0065603023	5.0941882e-05	0.9933887
516	no_pain	0.9948786	0.0050030164	0.000118416036
517	no_pain	0.99999964	1.716147e-07	2.2613445e-07
518	no_pain	0.9999995	1.5912819e-07	3.52813e-07
519	no_pain	0.9999996	1.6890604e-07	2.4983305e-07
520	no_pain	0.9999995	1.525652e-07	3.7150045e-07
521	no_pain	0.99999934	1.5181413e-07	5.969554e-07
522	no_pain	0.9999995	1.8083526e-07	2.3575363e-07
523	high_pain	0.16939732	0.000117462456	0.8304852
524	no_pain	0.9999995	1.6036536e-07	3.390053e-07
525	no_pain	0.99999934	2.098747e-07	4.3226527e-07
526	no_pain	0.9999996	1.4583414e-07	3.2882392e-07
527	no_pain	0.9999995	1.8099158e-07	2.8439018e-07
528	no_pain	0.99999946	1.838298e-07	3.0070916e-07
529	low_pain	0.00034726417	0.9996319	2.0870657e-05
530	no_pain	0.9999996	1.8229449e-07	2.0090417e-07
531	high_pain	0.2954066	0.14885817	0.5557352
532	high_pain	0.2857788	4.1965636e-06	0.71421707
533	high_pain	0.00027213985	3.3126347e-05	0.9996947
534	high_pain	0.00035508894	5.2150785e-06	0.9996397
535	no_pain	0.6765632	0.00018213582	0.32325467
536	low_pain	0.14240564	0.857556	3.83919e-05
537	no_pain	0.999998	1.1864969e-07	1.9285146e-06
538	no_pain	0.9999996	1.8166004e-07	2.12681e-07
539	no_pain	0.99999946	1.9647143e-07	2.803957e-07
540	low_pain	0.00010359416	0.99988127	1.5134595e-05
541	no_pain	0.9999997	1.7481152e-07	2.0277882e-07
542	no_pain	0.99999535	6.2455183e-07	4.0086793e-06
543	no_pain	0.9999984	1.9718529e-07	1.4613289e-06
544	low_pain	0.0012731741	0.9986981	2.8659246e-05
545	high_pain	0.0023192593	3.1571624e-05	0.9976492
546	no_pain	0.9999695	7.5479147e-06	2.2962808e-05
547	no_pain	0.999724	0.00025633405	1.9696121e-05
548	no_pain	0.9999995	1.4340216e-07	3.5331317e-07
549	low_pain	0.0039491425	0.99598867	6.2241495e-05
550	low_pain	0.0019149955	0.9940071	0.00407789
551	no_pain	0.9999995	2.018597e-07	2.7967894e-07
552	no_pain	0.9999996	1.7836489e-07	2.486955e-07
553	no_pain	0.9999996	1.5369442e-07	2.3618577e-07
554	no_pain	0.99999964	1.7481112e-07	2.0408781e-07
555	no_pain	0.9999882	2.655493e-07	1.1517385e-05
556	no_pain	0.99999934	2.0670039e-07	4.1902825e-07
557	no_pain	0.99999946	1.4852073e-07	3.9185164e-07
558	low_pain	0.0003696317	0.9996101	2.021273e-05
559	no_pain	0.9999996	1.7343852e-07	2.6627274e-07
560	low_pain	0.0032071644	0.99675363	3.9179522e-05
561	no_pain	0.9999994	2.0033318e-07	3.4057646e-07
562	no_pain	0.57143056	1.1692051e-06	0.42856833
563	no_pain	0.999999	1.222285e-07	8.977931e-07
564	no_pain	0.9999996	1.8014784e-07	2.134275e-07
565	low_pain	0.00035697318	0.99961555	2.7459722e-05
566	no_pain	0.9999995	1.5249135e-07	3.5651163e-07
567	no_pain	0.9999996	1.6552097e-07	2.7347963e-07
568	no_pain	0.9999994	2.3895998e-07	3.3267654e-07
569	no_pain	0.9999972	4.922959e-07	2.307357e-06
570	low_pain	0.1512866	0.8486442	6.917006e-05
571	no_pain	0.9999996	1.6602542e-07	2.6666348e-07
572	no_pain	0.9999996	1.8244255e-07	2.2197544e-07
573	no_pain	0.99999946	1.6302427e-07	3.85339e-07
574	no_pain	0.9999973	1.3599464e-07	2.526905e-06
575	no_pain	0.9999996	1.6556294e-07	2.7226125e-07
576	no_pain	0.99999964	1.6854847e-07	2.2728568e-07
577	low_pain	0.00124426	0.9987244	3.137761e-05
578	no_pain	0.9999996	1.8493225e-07	2.0879897e-07
579	no_pain	0.9999994	1.3301121e-07	4.783242e-07
580	low_pain	2.37513e-05	0.9999682	8.068031e-06
581	no_pain	0.9999997	1.722817e-07	1.9827793e-07
582	low_pain	0.11105375	0.8888715	7.480748e-05
583	no_pain	0.9999997	1.5029768e-07	2.121064e-07
584	low_pain	0.12739335	0.8725501	5.656909e-05
585	no_pain	0.9999992	1.8938691e-07	5.310476e-07
586	no_pain	0.9999984	1.1747319e-07	1.4931646e-06
587	no_pain	0.9999995	1.8224516e-07	3.3445835e-07
588	no_pain	0.99999964	1.4852534e-07	2.289739e-07
589	no_pain	0.99999946	1.6789522e-07	4.2098122e-07
590	no_pain	0.99999946	1.9685483e-07	3.000893e-07
591	no_pain	0.9999996	1.7337989e-07	2.551885e-07
592	no_pain	0.9999997	1.7093937e-07	2.0309017e-07
593	no_pain	0.9999995	1.8492118e-07	2.3190556e-07
594	no_pain	0.99985415	3.0124531e-06	0.00014281055
595	no_pain	0.9999996	1.7629127e-07	2.5609285e-07
596	no_pain	0.99999964	1.5859072e-07	2.3813304e-07
597	low_pain	3.5547575e-05	0.99995625	8.134308e-06
598	no_pain	0.9999992	1.9299712e-07	5.8779995e-07
599	no_pain	0.99999934	2.4637708e-07	4.1821997e-07
600	no_pain	0.9999995	1.8055417e-07	2.5421673e-07
601	no_pain	0.9999996	1.6787983e-07	2.5668294e-07
602	no_pain	0.9999997	1.694106e-07	2.0899562e-07
603	no_pain	0.9999996	1.7848429e-07	1.995949e-07
604	no_pain	0.9999984	1.7808595e-07	1.4398355e-06
605	no_pain	0.85791117	8.282859e-06	0.14208049
606	no_pain	0.9999997	1.7230204e-07	1.9788163e-07
607	no_pain	0.9999996	1.466713e-07	3.0920586e-07
608	no_pain	0.99999964	1.7369521e-07	2.1782179e-07
609	no_pain	0.9999997	1.6873894e-07	2.1113256e-07
610	no_pain	0.99999946	2.3695277e-07	3.3445576e-07
611	no_pain	0.99999964	1.6493131e-07	2.1972404e-07
612	low_pain	0.0001654298	0.9997925	4.201638e-05
613	no_pain	0.57142925	1.0752531e-06	0.42856964
614	no_pain	0.9999996	1.8155856e-07	2.1229597e-07
615	no_pain	0.99999905	2.21636e-07	6.810998e-07
616	low_pain	0.00050346117	0.9994748	2.1707805e-05
617	no_pain	0.8571307	9.529167e-07	0.14286833
618	no_pain	0.9999997	1.4908676e-07	2.1276763e-07
619	no_pain	0.9999996	1.6416068e-07	2.599691e-07
620	no_pain	0.9999996	1.768616e-07	2.64382e-07
621	no_pain	0.99999964	1.6749688e-07	2.2738102e-07
622	no_pain	0.9999995	1.6381014e-07	3.7044737e-07
623	no_pain	0.9999991	1.0535415e-07	7.744317e-07
624	no_pain	0.8556603	0.14362824	0.000711454
625	no_pain	0.9999996	1.7470697e-07	2.7662898e-07
626	no_pain	0.9999997	1.6910359e-07	2.147082e-07
627	no_pain	0.99999774	1.2701898e-07	2.1074818e-06
628	no_pain	0.9999994	1.2048193e-07	4.87378e-07
629	no_pain	0.9999487	1.4721737e-06	4.9777194e-05
630	no_pain	0.99999946	1.8640496e-07	2.6620458e-07
631	no_pain	0.9999996	1.7482941e-07	2.5634745e-07
632	high_pain	2.3068946e-05	1.944056e-06	0.999975
633	no_pain	0.99999946	1.8596106e-07	2.9663124e-07
634	high_pain	0.28387067	2.219077e-05	0.7161072
635	no_pain	0.7143526	0.28562912	1.8231167e-05
636	no_pain	0.9999994	2.3832673e-07	3.444265e-07
637	low_pain	0.0035311047	0.996419	4.9875172e-05
638	no_pain	0.9999995	1.8441054e-07	2.6613566e-07
639	low_pain	0.00053180644	0.99944293	2.5236646e-05
640	no_pain	0.99999946	1.7753497e-07	3.7838092e-07
641	high_pain	0.43038657	3.8349444e-06	0.5696096
642	low_pain	0.082938835	0.9167627	0.00029846904
643	no_pain	0.999999	2.0684605e-07	8.498966e-07
644	no_pain	0.9999995	1.9542479e-07	2.5652977e-07
645	no_pain	0.9999997	1.5020342e-07	2.153583e-07
646	high_pain	0.16299942	0.000120467266	0.8368801
647	high_pain	6.175471e-05	0.14087106	0.85906714
648	no_pain	0.9999997	1.7058531e-07	2.1800214e-07
649	no_pain	0.59341764	5.7702155e-06	0.4065766
650	no_pain	0.9999995	1.6068672e-07	3.791588e-07
651	no_pain	0.9999482	5.7679895e-06	4.598968e-05
652	no_pain	0.9999985	1.3699795e-07	1.3986873e-06
653	no_pain	0.99999934	1.488334e-07	5.8065507e-07
654	no_pain	0.9999996	1.8052529e-07	2.035363e-07
655	no_pain	0.9999995	1.5282724e-07	3.46642e-07
656	no_pain	0.9999997	1.6503135e-07	2.0976314e-07
657	high_pain	0.1431531	9.779289e-06	0.85683715
658	low_pain	0.28761578	0.7123445	3.9767558e-05
659	high_pain	1.3386244e-05	2.0641123e-06	0.9999846
660	no_pain	0.9999997	1.6920735e-07	2.0595458e-07
661	high_pain	1.3232564e-05	2.624233e-06	0.99998415
662	no_pain	0.99999964	1.7430389e-07	2.0953789e-07
663	no_pain	0.9999995	1.7739664e-07	2.6513322e-07
664	no_pain	0.9999996	1.6609363e-07	2.4021148e-07
665	no_pain	0.9999992	3.5072844e-07	3.6383872e-07
666	no_pain	0.9999996	1.6307422e-07	2.4142952e-07
667	no_pain	0.9999996	1.734377e-07	2.7788207e-07
668	no_pain	0.9999996	1.555483e-07	3.0917474e-07
669	no_pain	0.99999946	1.9628712e-07	3.3091823e-07
670	no_pain	0.9999996	1.665701e-07	2.658165e-07
671	no_pain	0.9999996	1.6905874e-07	2.5521825e-07
672	no_pain	0.9999996	1.6781351e-07	2.4547006e-07
673	no_pain	0.8138526	0.18609364	5.380554e-05
674	no_pain	0.99999964	1.7008675e-07	2.1559252e-07
675	no_pain	0.9999996	1.7319066e-07	2.6227397e-07
676	low_pain	0.15245633	0.84737146	0.00017219175
677	no_pain	0.9999991	4.381581e-07	4.3313153e-07
678	high_pain	0.00074847403	8.600244e-05	0.99916553
679	no_pain	0.9999995	1.7931129e-07	2.457509e-07
680	no_pain	0.99999964	1.7881594e-07	2.0797098e-07
681	no_pain	0.9999996	1.7452895e-07	2.2982138e-07
682	no_pain	0.9999995	1.5677729e-07	3.315683e-07
683	high_pain	0.0004031388	4.6772377e-05	0.99955004
684	no_pain	0.9999997	1.6878343e-07	2.164675e-07
685	no_pain	0.8555778	4.7334497e-06	0.14441743
686	high_pain	2.2659951e-05	2.5927786e-06	0.9999748
687	high_pain	1.7603097e-05	1.9658544e-06	0.99998045
688	no_pain	0.9999996	1.6766963e-07	2.2995333e-07
689	no_pain	0.9999995	1.9918014e-07	2.4406071e-07
690	no_pain	0.9998694	0.00010819165	2.2368422e-05
691	low_pain	0.0009917559	0.9989737	3.4503122e-05
692	no_pain	0.9999996	1.6339995e-07	2.4505752e-07
693	no_pain	0.9999992	2.693243e-07	4.3188615e-07
694	no_pain	0.9999996	1.6459538e-07	2.5749605e-07
695	high_pain	8.35921e-05	5.1149627e-06	0.9999113
696	no_pain	0.9999996	1.7682298e-07	2.3359249e-07
697	no_pain	0.999999	2.4024513e-07	7.7857203e-07
698	high_pain	0.42860276	2.9444345e-06	0.57139426
699	no_pain	0.9999995	1.8934152e-07	2.3383552e-07
700	no_pain	0.9999996	1.795929e-07	2.1751589e-07
701	no_pain	0.9999996	1.8432362e-07	2.1047178e-07
702	no_pain	0.99999577	1.8631692e-07	4.0006653e-06
703	no_pain	0.9999995	1.8163796e-07	2.9097257e-07
704	no_pain	0.99999946	3.498862e-07	2.0229125e-07
705	no_pain	0.99999964	1.7122997e-07	1.9602786e-07
706	no_pain	0.9999996	1.7023288e-07	2.8418273e-07
707	no_pain	0.99999946	1.7674454e-07	3.4122758e-07
708	low_pain	0.4299061	0.5700625	3.13714e-05
709	no_pain	0.9999758	1.3980956e-06	2.2774848e-05
710	no_pain	0.9999996	1.8121561e-07	2.0910768e-07
711	no_pain	0.9999996	1.7368613e-07	2.6324955e-07
712	no_pain	0.9999996	1.6728995e-07	2.450093e-07
713	no_pain	0.9999929	2.1291808e-07	6.9153807e-06
714	low_pain	0.15936777	0.8405367	9.5495445e-05
715	no_pain	0.9999996	1.7854977e-07	2.0035013e-07
716	no_pain	0.99999964	1.6482804e-07	2.2298173e-07
717	low_pain	0.42857665	0.5714159	7.473499e-06
718	no_pain	0.5720004	0.4246253	0.0033743887
719	no_pain	0.9999996	1.7262923e-07	2.4854654e-07
720	no_pain	0.68994945	0.00024354075	0.30980706
721	low_pain	0.1237682	0.87617266	5.9114514e-05
722	no_pain	0.56991225	0.43004403	4.370459e-05
723	no_pain	0.9999995	1.859376e-07	2.645176e-07
724	no_pain	0.59785324	7.4019794e-05	0.4020727
725	high_pain	0.1429303	6.023324e-06	0.85706365
726	no_pain	0.9999996	1.67099e-07	2.6561312e-07
727	no_pain	0.9999991	1.8777867e-07	6.998321e-07
728	no_pain	0.9999996	1.6272189e-07	2.4328003e-07
729	no_pain	0.9999996	1.5881326e-07	2.3650395e-07
730	no_pain	0.99999946	1.476432e-07	4.2262894e-07
731	low_pain	0.14287947	0.8571106	9.870983e-06
732	no_pain	0.9999994	1.7435488e-07	4.310643e-07
733	no_pain	0.9999996	1.7878679e-07	2.0794234e-07
734	no_pain	0.9999995	1.6839206e-07	3.4479757e-07
735	no_pain	0.9999996	1.765817e-07	2.7179564e-07
736	no_pain	0.99999946	1.3054884e-07	4.253384e-07
737	no_pain	0.9999983	1.1238868e-07	1.555555e-06
738	high_pain	0.14327934	2.9729163e-06	0.85671765
739	no_pain	0.9999997	1.6693568e-07	2.151731e-07
740	no_pain	0.99999934	2.545489e-07	4.7421736e-07
741	no_pain	0.9999996	1.5496974e-07	2.7811183e-07
742	low_pain	0.14286013	0.857137	2.8329928e-06
743	no_pain	0.9999981	2.4049348e-07	1.6800965e-06
744	no_pain	0.9999995	1.7419056e-07	3.1717164e-07
745	no_pain	0.99999964	1.7091317e-07	2.2051172e-07
746	no_pain	0.8606397	0.13930653	5.3717034e-05
747	no_pain	0.99999934	2.4807403e-07	4.1032445e-07
748	low_pain	0.0014798486	0.9984806	3.9556184e-05
749	low_pain	0.0009543818	0.9989967	4.894376e-05
750	high_pain	0.2955293	2.068037e-05	0.7044501
751	no_pain	0.9999997	1.6719598e-07	2.1497736e-07
752	no_pain	0.9999986	1.10205214e-07	1.2663446e-06
753	no_pain	0.9999932	2.002089e-06	4.7473877e-06
754	high_pain	0.1430527	1.0413576e-05	0.85693693
755	no_pain	0.99999964	1.7212501e-07	2.2308483e-07
756	low_pain	0.28573155	0.7142577	1.0723497e-05
757	high_pain	1.2287802e-05	2.5904067e-06	0.99998516
758	low_pain	0.14284645	0.857144	9.5066425e-06
759	no_pain	0.571609	0.42837146	1.950255e-05
760	no_pain	0.9999995	1.9028019e-07	2.7259202e-07
761	no_pain	0.99999905	1.493626e-07	7.9992475e-07
762	no_pain	0.9999996	1.6743111e-07	2.7548484e-07
763	low_pain	0.05758783	0.9423052	0.000106959356
764	low_pain	0.28496194	0.71500826	2.9818073e-05
765	no_pain	0.9999996	1.7406077e-07	2.6241574e-07
766	no_pain	0.9999996	1.6891053e-07	2.7249413e-07
767	no_pain	0.99999905	1.4172805e-07	8.4872994e-07
768	low_pain	0.0003211131	0.9996589	2.0051228e-05
769	no_pain	0.9999995	1.7669412e-07	3.1281434e-07
770	no_pain	0.9999996	1.8965999e-07	2.620958e-07
771	no_pain	0.9999996	1.8101731e-07	2.620868e-07
772	no_pain	0.99999964	1.7531808e-07	2.0789561e-07
773	no_pain	0.99999493	1.7247112e-07	4.8606717e-06
774	no_pain	0.9999995	1.4825174e-07	3.449844e-07
775	high_pain	0.14288677	1.9286022e-06	0.85711133
776	no_pain	0.9999995	1.8337987e-07	2.55224e-07
777	no_pain	0.9999995	1.6631307e-07	3.354846e-07
778	no_pain	0.99999964	1.7426476e-07	2.0038165e-07
779	low_pain	0.0018982195	0.9980692	3.2557135e-05
780	no_pain	0.9999994	1.7547264e-07	4.5377232e-07
781	no_pain	0.9999995	1.5089913e-07	3.684551e-07
782	high_pain	0.3057332	3.23954e-05	0.69423443
783	no_pain	0.9999996	1.8189978e-07	2.0441892e-07
784	no_pain	0.99999964	1.5055811e-07	2.2095898e-07
785	no_pain	0.99999964	1.7609253e-07	2.016874e-07
786	low_pain	0.0068257446	0.99147594	0.001698363
787	no_pain	0.9999996	1.6975119e-07	3.1356822e-07
788	low_pain	0.42916685	0.57081723	1.5939482e-05
789	no_pain	0.99997985	4.392034e-07	1.970311e-05
790	no_pain	0.99999946	1.9641561e-07	2.8049672e-07
791	low_pain	0.16205041	0.83219874	0.0057508503
792	no_pain	0.99999934	1.07747674e-07	5.827909e-07
793	no_pain	0.99999917	4.6910216e-07	3.5826415e-07
794	no_pain	0.99999845	1.209645e-07	1.433808e-06
795	no_pain	0.57502276	0.003648984	0.42132828
796	low_pain	0.0006596596	0.99930185	3.852307e-05
797	no_pain	0.9999981	7.8171234e-07	1.1828405e-06
798	no_pain	0.99999946	1.9685105e-07	2.9369903e-07
799	no_pain	0.9999997	1.6642275e-07	2.1666644e-07
800	no_pain	0.9999995	1.9742254e-07	2.4085654e-07
801	no_pain	0.9999996	1.7725169e-07	2.3663257e-07
802	no_pain	0.9999997	1.7208949e-07	2.009431e-07
803	no_pain	0.9999995	1.4835362e-07	3.8299055e-07
804	no_pain	0.99997365	1.0771817e-05	1.5564141e-05
805	no_pain	0.9999987	1.2549724e-07	1.1516074e-06
806	no_pain	0.9999633	3.8202006e-06	3.2915363e-05
807	no_pain	0.6519409	2.7988848e-05	0.3480311
808	no_pain	0.99999964	1.710697e-07	2.1883693e-07
809	no_pain	0.9999995	1.8750188e-07	2.740406e-07
810	low_pain	0.1421687	0.8576438	0.00018750457
811	high_pain	0.28572923	3.1331158e-06	0.7142676
812	no_pain	0.9999997	1.4950108e-07	2.119937e-07
813	no_pain	0.9999997	1.6933087e-07	1.9337563e-07
814	low_pain	0.0005878726	0.9993874	2.4719704e-05
815	no_pain	0.9999996	1.495331e-07	2.3146114e-07
816	no_pain	0.9999996	1.6422773e-07	2.3854838e-07
817	no_pain	0.99999946	1.9056856e-07	3.2212694e-07
818	no_pain	0.9999996	1.6196425e-07	3.0342898e-07
819	no_pain	0.9999996	1.801444e-07	2.0286339e-07
820	no_pain	0.9999996	1.6808863e-07	2.4245867e-07
821	no_pain	0.99999774	1.5033139e-07	2.1374728e-06
822	no_pain	0.99999714	1.424327e-07	2.7334972e-06
823	no_pain	0.9999996	1.6946612e-07	2.42437e-07
824	no_pain	0.9999994	2.3606107e-07	3.6333762e-07
825	high_pain	0.14328896	0.0007127453	0.8559982
826	no_pain	0.99999946	1.9032073e-07	2.939036e-07
827	no_pain	0.9999995	1.5605711e-07	3.3710754e-07
828	no_pain	0.9999996	1.722545e-07	2.4973556e-07
829	low_pain	9.2930924e-05	0.9998942	1.2872588e-05
830	no_pain	0.99999946	2.2246424e-07	2.690486e-07
831	high_pain	0.0044380277	4.0291194e-05	0.99552166
832	no_pain	0.9999995	1.523051e-07	3.9896761e-07
833	no_pain	0.99999964	1.7654024e-07	2.1135618e-07
834	no_pain	0.99999946	1.4203582e-07	4.3251603e-07
835	no_pain	0.9999996	1.5159294e-07	2.2758351e-07
836	no_pain	0.5711217	4.86394e-06	0.42887345
837	no_pain	0.9999996	1.4915109e-07	2.8866125e-07
838	no_pain	0.99999964	1.6746478e-07	2.1630619e-07
839	no_pain	0.99999946	1.7451298e-07	4.031404e-07
840	high_pain	0.0016077955	2.143456e-05	0.9983707
841	no_pain	0.99999934	1.8976675e-07	5.0880226e-07
842	no_pain	0.9999995	1.5259579e-07	3.5749082e-07
843	high_pain	0.14566393	0.00085629296	0.85347974
844	no_pain	0.9999996	1.7875051e-07	2.2831854e-07
845	no_pain	0.99999946	1.7323934e-07	3.27554e-07
846	no_pain	0.9999996	1.8144603e-07	2.6403944e-07
847	no_pain	0.9999997	1.7209122e-07	2.0054833e-07
848	no_pain	0.99999964	1.5122069e-07	2.249477e-07
849	no_pain	0.9999995	1.8065904e-07	2.756136e-07
850	no_pain	0.99999946	1.3739421e-07	3.8916832e-07
851	no_pain	0.9999995	1.9945774e-07	2.498525e-07
852	high_pain	1.2877049e-05	1.9053883e-06	0.9999852
853	no_pain	0.9999994	1.438611e-07	4.9518314e-07
854	no_pain	0.99999946	1.6895582e-07	4.009906e-07
855	no_pain	0.9999986	1.2309188e-07	1.2275572e-06
856	no_pain	0.9999997	1.6959804e-07	2.0964569e-07
857	low_pain	0.00022637869	0.9997551	1.8517092e-05
858	low_pain	4.4081495e-05	0.999947	8.915776e-06
859	no_pain	0.9999614	1.7847897e-05	2.074899e-05
860	low_pain	0.18161918	0.8182975	8.324563e-05
861	no_pain	0.86218876	4.2297675e-06	0.13780701
862	low_pain	0.1454035	0.8545333	6.3149186e-05
863	no_pain	0.9999995	1.9117888e-07	2.478004e-07
864	no_pain	0.99999934	2.609922e-07	3.9405063e-07
865	high_pain	0.45158008	0.000100709214	0.5483192
866	high_pain	0.0051101255	5.159328e-05	0.99483824
867	no_pain	0.9999995	1.8560448e-07	2.664146e-07
868	high_pain	0.0001461746	0.15846446	0.84138936
869	low_pain	0.015934706	0.9839856	7.967601e-05
870	low_pain	0.14309557	0.85689086	1.3583823e-05
871	high_pain	0.007578957	5.771266e-05	0.99236333
872	no_pain	0.9999997	1.6911414e-07	2.094531e-07
873	no_pain	0.99999964	1.6751564e-07	2.2663805e-07
874	low_pain	0.28572243	0.71426785	9.672854e-06
875	no_pain	0.71615887	1.0433289e-05	0.28383067
876	no_pain	0.9999996	1.7224576e-07	2.7135889e-07
877	no_pain	0.9999996	1.7766602e-07	2.1509557e-07
878	no_pain	0.9999996	1.6966116e-07	2.4384312e-07
879	low_pain	0.0010703376	0.84922063	0.14970906
880	high_pain	0.037964378	0.00011038973	0.9619252
881	no_pain	0.9999995	1.6871736e-07	3.4567802e-07
882	no_pain	0.9999997	1.6918477e-07	2.1830859e-07
883	no_pain	0.9999997	1.7091159e-07	2.0080934e-07
884	low_pain	0.0023378222	0.98302037	0.014641757
885	low_pain	0.12291775	0.8768343	0.00024798457
886	no_pain	0.9999996	1.7275008e-07	2.4701995e-07
887	no_pain	0.99999946	1.7918832e-07	3.7064223e-07
888	high_pain	3.046375e-05	4.7518664e-05	0.9999221
889	no_pain	0.99999946	1.6968274e-07	3.6504767e-07
890	no_pain	0.9999994	1.8641701e-07	4.300885e-07
891	low_pain	0.00040892427	0.9995697	2.1426738e-05
892	no_pain	0.99999946	1.4854136e-07	4.3922304e-07
893	low_pain	0.46611384	0.5337753	0.000110825335
894	low_pain	0.02834789	0.9715629	8.916385e-05
895	no_pain	0.9999992	1.838243e-07	5.749811e-07
896	no_pain	0.9999995	2.0168103e-07	2.7222538e-07
897	high_pain	0.00042764025	2.1248183e-05	0.9995511
898	no_pain	0.99999964	1.485294e-07	2.2826514e-07
899	no_pain	0.9999997	1.7081057e-07	2.1444498e-07
900	no_pain	0.9999995	1.4811042e-07	3.518842e-07
901	no_pain	0.9999996	1.7745135e-07	2.8284856e-07
902	low_pain	0.007879869	0.99204004	8.012952e-05
903	no_pain	0.99999964	1.709834e-07	2.1108424e-07
904	no_pain	0.9999996	1.7811496e-07	2.4750776e-07
905	no_pain	0.9999997	1.6864627e-07	2.0866887e-07
906	no_pain	0.9999996	1.4319905e-07	2.8865028e-07
907	no_pain	0.9999997	1.7111331e-07	2.1363795e-07
908	no_pain	0.9999995	1.4449067e-07	3.6687968e-07
909	high_pain	0.05628198	4.0480176e-05	0.94367754
910	no_pain	0.99999374	1.6551094e-06	4.5861984e-06
911	no_pain	0.99999934	2.482437e-07	4.1047892e-07
912	no_pain	0.9999991	2.2315793e-07	6.192562e-07
913	no_pain	0.99999946	1.7100763e-07	4.1384502e-07
914	no_pain	0.99999946	2.2254987e-07	3.3073803e-07
915	no_pain	0.9999994	1.2832709e-07	4.96855e-07
916	no_pain	0.99999946	1.9874517e-07	3.517441e-07
917	no_pain	0.9999966	1.5844962e-07	3.1901684e-06
918	no_pain	0.99999964	1.5101507e-07	2.279436e-07
919	no_pain	0.7585854	0.00015418058	0.24126044
920	no_pain	0.9999995	2.0917751e-07	2.4408882e-07
921	no_pain	0.9999996	1.66187e-07	2.6701295e-07
922	no_pain	0.9999992	1.8605816e-07	5.235546e-07
923	no_pain	0.85239106	0.018953105	0.12865584
924	no_pain	0.99999934	1.8638174e-07	4.648888e-07
925	no_pain	0.9999995	1.8864671e-07	2.3411427e-07
926	no_pain	0.9999995	1.5366483e-07	3.4191865e-07
927	no_pain	0.8571057	2.1667881e-06	0.14289215
928	no_pain	0.9999996	1.8272614e-07	2.2477145e-07
929	low_pain	0.072143756	0.92773855	0.00011769649
930	low_pain	0.01065654	0.9892731	7.0425e-05
931	no_pain	0.9999996	1.6799319e-07	2.6197023e-07
932	no_pain	0.8766918	2.981964e-06	0.1233052
933	no_pain	0.9999995	2.0282327e-07	2.3973536e-07
934	no_pain	0.9999994	1.7956518e-07	4.5632189e-07
935	high_pain	0.26469514	7.390105e-06	0.7352975
936	no_pain	0.9999997	1.6512918e-07	2.1796767e-07
937	low_pain	0.00014651737	0.5712627	0.42859077
938	no_pain	0.9999996	1.6873011e-07	2.8676214e-07
939	no_pain	0.9999995	2.0383763e-07	2.7999826e-07
940	no_pain	0.99999946	1.465258e-07	4.3066842e-07
941	no_pain	0.99999934	2.5598334e-07	4.1460686e-07
942	no_pain	0.9999995	1.8239606e-07	2.802795e-07
943	no_pain	0.99909526	8.5122876e-05	0.00081960985
944	no_pain	0.9999996	1.6990099e-07	2.8895624e-07
945	no_pain	0.9999996	1.8271251e-07	2.2446578e-07
946	no_pain	0.57060367	2.006401e-06	0.4293944
947	no_pain	0.5718525	0.42813134	1.6149079e-05
948	no_pain	0.72654384	0.00012427814	0.27333194
949	no_pain	0.5105861	7.230328e-06	0.48940668
950	no_pain	0.9999977	1.2571881e-07	2.1485243e-06
951	no_pain	0.9999996	1.6452898e-07	3.110765e-07
952	low_pain	0.14960119	0.48875636	0.36164245
953	no_pain	0.9999995	1.8512317e-07	2.3236741e-07
954	no_pain	0.9999995	1.5671529e-07	3.6217975e-07
955	no_pain	0.9999996	1.6538606e-07	2.7249533e-07
956	no_pain	0.99999934	1.746722e-07	4.8392616e-07
957	no_pain	0.99999946	2.1842588e-07	3.05009e-07
958	no_pain	0.6010719	0.00011933728	0.39880875
959	no_pain	0.99999964	1.655852e-07	2.2277128e-07
960	high_pain	0.0008027815	1.9741436e-05	0.9991775
961	no_pain	0.99999964	1.6656284e-07	2.2122084e-07
962	no_pain	0.9999995	2.151783e-07	2.4935386e-07
963	no_pain	0.92342556	0.00016524633	0.07640918
964	no_pain	0.99999934	2.2508512e-07	4.826805e-07
965	no_pain	0.99999964	1.7617977e-07	2.3076102e-07
966	no_pain	0.9999995	1.8224762e-07	2.8987645e-07
967	no_pain	0.9999996	1.7950063e-07	1.9933141e-07
968	no_pain	0.9999996	1.7764842e-07	2.3776536e-07
969	no_pain	0.85719174	2.9218206e-06	0.14280531
970	no_pain	0.99999946	1.8854041e-07	3.0697944e-07
971	no_pain	0.99999934	1.5009223e-07	5.561116e-07
972	no_pain	0.9999995	1.8420748e-07	2.2934535e-07
973	no_pain	0.9999996	1.6529738e-07	2.3942366e-07
974	no_pain	0.9998287	2.686824e-05	0.00014444045
975	no_pain	0.9999996	1.6383096e-07	2.43092e-07
976	no_pain	0.71413976	0.28584927	1.09710445e-05
977	no_pain	0.9999996	1.4961907e-07	2.3684551e-07
978	high_pain	0.14293377	1.3119443e-06	0.8570649
979	no_pain	0.99999905	1.13972156e-07	8.071466e-07
980	no_pain	0.9999996	1.6818724e-07	2.524809e-07
981	no_pain	0.99999946	1.8903098e-07	2.972299e-07
982	no_pain	0.99999934	1.9664762e-07	4.9831823e-07
983	low_pain	0.00095872505	0.99901193	2.9351515e-05
984	no_pain	0.9999996	1.6109409e-07	2.2931825e-07
985	no_pain	0.8354841	4.20139e-06	0.16451176
986	low_pain	0.42856595	0.57141316	2.0905423e-05
987	no_pain	0.99999744	2.3722532e-07	2.3863954e-06
988	no_pain	0.9999996	1.7538498e-07	2.4933084e-07
989	no_pain	0.99999946	1.8054402e-07	3.777302e-07
990	high_pain	0.28578904	1.3392456e-06	0.7142096
991	low_pain	0.000105216975	0.999878	1.6745324e-05
992	no_pain	0.99999934	1.8451333e-07	5.3708857e-07
993	high_pain	0.13791737	5.5085173e-05	0.8620276
994	no_pain	0.9999996	1.6439995e-07	2.703155e-07
995	high_pain	0.428423	5.6840263e-06	0.5715713
996	no_pain	0.9999996	1.637501e-07	2.3961886e-07
997	low_pain	0.14303087	0.8569532	1.5891459e-05
998	no_pain	0.9999996	1.7265333e-07	2.5624965e-07
999	no_pain	0.9999996	1.6040349e-07	2.3930028e-07
1000	no_pain	0.99999946	1.5350068e-07	4.6928153e-07
1001	no_pain	0.9999995	1.8232608e-07	2.3620633e-07
1002	no_pain	0.9999995	1.7831348e-07	2.7476946e-07
1003	no_pain	0.9999991	1.2949411e-07	7.5481296e-07
1004	no_pain	0.9999995	1.9823412e-07	3.0441566e-07
1005	no_pain	0.99999946	1.7273315e-07	3.6422608e-07
1006	high_pain	0.00015771725	3.7245604e-06	0.99983853
1007	no_pain	0.9999983	2.3961198e-07	1.4727581e-06
1008	no_pain	0.9999996	1.9235779e-07	2.1424252e-07
1009	no_pain	0.99999917	2.0287449e-07	5.7563835e-07
1010	no_pain	0.9999992	1.9908884e-07	5.825178e-07
1011	high_pain	0.00011782041	1.7854462e-06	0.9998804
1012	high_pain	0.1435605	0.14370115	0.7127384
1013	no_pain	0.9999996	1.830758e-07	2.2353086e-07
1014	no_pain	0.9934764	0.006509773	1.3830614e-05
1015	no_pain	0.9999934	2.1006495e-07	6.4062697e-06
1016	high_pain	0.14291872	1.7013347e-06	0.85707957
1017	no_pain	0.9999997	1.690381e-07	2.1276877e-07
1018	no_pain	0.9999995	1.3898511e-07	3.754653e-07
1019	no_pain	0.99999946	1.7589063e-07	3.5774246e-07
1020	no_pain	0.9999995	1.4877034e-07	3.5883775e-07
1021	no_pain	0.9999996	1.6027109e-07	3.233808e-07
1022	no_pain	0.9999997	1.6912739e-07	2.1739379e-07
1023	no_pain	0.99999875	3.493054e-07	8.2542965e-07
1024	low_pain	0.3517299	0.3611136	0.28715643
1025	no_pain	0.9999996	1.465808e-07	3.006538e-07
1026	high_pain	0.14527296	5.2301925e-06	0.85472184
1027	no_pain	0.9999996	1.7584328e-07	2.4787252e-07
1028	no_pain	0.9998468	5.7278356e-07	0.00015260102
1029	no_pain	0.99999946	2.3896138e-07	3.3438783e-07
1030	low_pain	0.2858531	0.7141348	1.2089304e-05
1031	no_pain	0.7144775	4.701182e-06	0.28551784
1032	no_pain	0.99999946	1.6583066e-07	3.7276635e-07
1033	low_pain	0.14301644	0.8569475	3.6048325e-05
1034	no_pain	0.7364275	2.9534624e-05	0.26354292
1035	no_pain	0.9999995	1.9445692e-07	2.8226046e-07
1036	no_pain	0.9999995	1.843483e-07	2.2927362e-07
1037	no_pain	0.99152076	9.074126e-06	0.008470203
1038	low_pain	0.12459519	0.875343	6.176158e-05
1039	no_pain	0.9999951	1.8132157e-07	4.7536932e-06
1040	high_pain	0.004881746	4.9540024e-05	0.99506867
1041	no_pain	0.99999946	2.0282536e-07	2.5287414e-07
1042	no_pain	0.9999997	1.68527e-07	2.1578269e-07
1043	no_pain	0.99999946	1.923578e-07	2.992528e-07
1044	no_pain	0.9999996	1.6545096e-07	2.6702682e-07
1045	no_pain	0.9999996	1.7619696e-07	2.0974853e-07
1046	no_pain	0.99999905	1.5328985e-07	7.6821726e-07
1047	no_pain	0.8991446	4.5675333e-06	0.100850835
1048	no_pain	0.9999995	1.5091406e-07	3.8662077e-07
1049	no_pain	0.9999997	1.6986789e-07	2.1574975e-07
1050	no_pain	0.99994993	8.744042e-07	4.9177845e-05
1051	no_pain	0.9999996	1.6841405e-07	2.3722886e-07
1052	no_pain	0.9999995	1.5664588e-07	3.7287717e-07
1053	no_pain	0.9999996	1.7399327e-07	2.4575894e-07
1054	no_pain	0.9999995	1.9947363e-07	2.4948216e-07
1055	no_pain	0.99596643	1.0183082e-05	0.0040234057
1056	no_pain	0.99999934	1.5470678e-07	5.543212e-07
1057	low_pain	0.001515451	0.99844354	4.100252e-05
1058	no_pain	0.9999996	1.6395221e-07	2.3593158e-07
1059	no_pain	0.9250957	0.0743077	0.0005966288
1060	no_pain	0.9999996	1.8413076e-07	2.0648301e-07
1061	low_pain	0.00023756734	0.7314175	0.26834497
1062	no_pain	0.5714201	0.42857757	2.3435018e-06
1063	no_pain	0.9999996	1.5313795e-07	3.1125586e-07
1064	no_pain	0.99999934	1.7657713e-07	4.800681e-07
1065	high_pain	0.00019263886	0.40575677	0.5940506
1066	no_pain	0.99999964	1.698448e-07	2.3268241e-07
1067	no_pain	0.9999996	1.6674423e-07	2.5178218e-07
1068	low_pain	0.28954	0.71033895	0.00012110175
1069	no_pain	0.9999995	1.4741512e-07	3.7157e-07
1070	no_pain	0.9999996	1.856373e-07	2.1067297e-07
1071	low_pain	0.00012259079	0.8546666	0.14521083
1072	no_pain	0.9999996	1.645951e-07	2.3482798e-07
1073	no_pain	0.7146958	0.28522584	7.8328376e-05
1074	no_pain	0.9999996	1.7087093e-07	2.475277e-07
1075	low_pain	0.0014029589	0.9985637	3.332031e-05
1076	no_pain	0.99999964	1.6833853e-07	2.1635823e-07
1077	high_pain	1.2048674e-05	2.287648e-06	0.99998564
1078	high_pain	3.4663928e-05	5.4444413e-06	0.9999599
1079	no_pain	0.9999996	1.5973377e-07	2.3698944e-07
1080	no_pain	0.99999917	4.4892508e-07	3.7887455e-07
1081	high_pain	0.08145155	9.5733405e-05	0.91845274
1082	high_pain	0.08498086	5.3455744e-05	0.9149656
1083	no_pain	0.9999995	2.0136271e-07	2.3309465e-07
1084	no_pain	0.9999996	1.4937014e-07	2.9591826e-07
1085	no_pain	0.99999934	2.8564028e-07	3.7834823e-07
1086	no_pain	0.9999995	2.0012963e-07	2.337326e-07
1087	low_pain	0.0012283489	0.99873954	3.2134933e-05
1088	no_pain	0.99999946	1.72289e-07	3.7286813e-07
1089	low_pain	5.5281267e-05	0.9999351	9.651275e-06
1090	no_pain	0.9999994	2.2607801e-07	3.4360218e-07
1091	high_pain	2.2338896e-05	1.14473e-06	0.9999766
1092	no_pain	0.9999996	1.7738114e-07	2.5407257e-07
1093	no_pain	0.99999964	1.6870024e-07	2.2001834e-07
1094	no_pain	0.99999917	1.0688932e-07	6.805512e-07
1095	no_pain	0.99999964	1.7098459e-07	2.2385208e-07
1096	no_pain	0.99999946	1.8443605e-07	3.6579186e-07
1097	no_pain	0.99999905	1.3262976e-07	8.529301e-07
1098	low_pain	0.08295854	0.91688776	0.00015366286
1099	no_pain	0.9999996	1.7914643e-07	2.1589484e-07
1100	no_pain	0.99999917	1.7816546e-07	6.8500304e-07
1101	no_pain	0.9999996	1.6481235e-07	2.575824e-07
1102	no_pain	0.9999995	1.8649853e-07	2.779414e-07
1103	high_pain	0.20649494	4.1668332e-05	0.79346335
1104	no_pain	0.9999996	1.7051477e-07	2.4328767e-07
1105	no_pain	0.53364116	0.40686366	0.059495237
1106	low_pain	0.4604097	0.53824407	0.0013462038
1107	no_pain	0.89951086	1.2509322e-05	0.10047663
1108	no_pain	0.99999946	1.7569509e-07	3.8911136e-07
1109	high_pain	1.8808061e-05	3.718606e-06	0.99997747
1110	no_pain	0.9999996	1.6845497e-07	2.6076495e-07
1111	high_pain	0.01583034	5.7880727e-05	0.9841118
1112	no_pain	0.9999996	1.6294963e-07	2.8603125e-07
1113	no_pain	0.9999995	2.049945e-07	2.791483e-07
1114	no_pain	0.9999996	1.6607397e-07	2.6646572e-07
1115	low_pain	0.0007877598	0.711609	0.2876032
1116	no_pain	0.99999946	1.9642485e-07	2.9944673e-07
1117	no_pain	0.9999996	1.8083142e-07	1.981521e-07
1118	low_pain	0.00015962987	0.9998267	1.3683176e-05
1119	no_pain	0.9999997	1.6651167e-07	2.1460718e-07
1120	high_pain	0.011887124	0.0014265302	0.98668635
1121	no_pain	0.68594754	0.00017399732	0.31387845
1122	high_pain	0.42860588	1.9402528e-06	0.5713922
1123	no_pain	0.9999986	5.3966926e-07	8.326498e-07
1124	no_pain	0.9999996	1.666965e-07	2.6538106e-07
1125	no_pain	0.9999996	1.7399124e-07	2.6932108e-07
1126	no_pain	0.9999995	1.878761e-07	2.786297e-07
1127	low_pain	0.0037609674	0.9961767	6.227595e-05
1128	no_pain	0.9999996	1.7261458e-07	2.6134646e-07
1129	no_pain	0.99999934	2.2366324e-07	4.4662275e-07
1130	no_pain	0.99999946	1.9791254e-07	3.1015082e-07
1131	no_pain	0.9999996	1.5660649e-07	2.8552716e-07
1132	no_pain	0.9996611	2.7202293e-06	0.0003362111
1133	no_pain	0.9999996	1.8099672e-07	2.0592756e-07
1134	low_pain	0.0030723244	0.9802457	0.016681943
1135	no_pain	0.8573636	1.058471e-06	0.14263543
1136	no_pain	0.9999996	1.7825394e-07	2.6287142e-07
1137	no_pain	0.9999995	1.4293221e-07	3.7293563e-07
1138	no_pain	0.9999996	1.66375e-07	2.623372e-07
1139	no_pain	0.9999507	1.7322169e-05	3.2036503e-05
1140	high_pain	1.1816025e-05	1.858209e-06	0.9999863
1141	no_pain	0.57112765	1.1417068e-06	0.4288712
1142	no_pain	0.999132	1.9462082e-06	0.00086608005
1143	no_pain	0.9999997	1.5166894e-07	2.136773e-07
1144	no_pain	0.9999997	1.6467541e-07	2.1839013e-07
1145	no_pain	0.9999997	1.6497138e-07	2.1776626e-07
1146	high_pain	0.42859104	2.5497072e-06	0.5714064
1147	no_pain	0.9999997	1.687525e-07	2.1277451e-07
1148	no_pain	0.99066484	6.12707e-06	0.009329079
1149	no_pain	0.9999996	1.8023027e-07	2.144019e-07
1150	low_pain	0.14278677	0.8571992	1.4047982e-05
1151	low_pain	0.037425403	0.962357	0.0002176207
1152	low_pain	0.286347	0.71362793	2.500558e-05
1153	no_pain	0.99999946	1.7363514e-07	3.8038755e-07
1154	no_pain	0.9999995	1.8989444e-07	2.7104494e-07
1155	low_pain	0.24369767	0.756205	9.732262e-05
1156	high_pain	1.6700804e-05	2.020805e-06	0.9999813
1157	no_pain	0.9999996	1.6541357e-07	2.6982778e-07
1158	no_pain	0.99999964	1.5060697e-07	2.2753609e-07
1159	low_pain	0.0041913665	0.9957095	9.91047e-05
1160	high_pain	0.26106614	0.00018177972	0.73875207
1161	no_pain	0.9999996	1.6945887e-07	2.4321383e-07
1162	no_pain	0.9999982	6.40572e-07	1.0878354e-06
1163	no_pain	0.9999995	1.816904e-07	2.4081515e-07
1164	low_pain	0.41963467	0.5803214	4.3941465e-05
1165	no_pain	0.9999985	2.5723594e-07	1.2560537e-06
1166	low_pain	0.0014869077	0.99848276	3.0313744e-05
1167	no_pain	0.9999996	1.706132e-07	2.4333087e-07
1168	low_pain	0.1507205	0.8492064	7.312203e-05
1169	no_pain	0.9999997	1.6570216e-07	2.1727564e-07
1170	no_pain	0.9999997	1.6831518e-07	2.0910043e-07
1171	no_pain	0.99999934	1.202845e-07	5.862451e-07
1172	no_pain	0.99999946	1.8364105e-07	2.9916015e-07
1173	high_pain	0.33983037	6.802235e-05	0.6601016
1174	no_pain	0.57200825	0.22745015	0.20054159
1175	no_pain	0.9999996	1.8193525e-07	2.2244551e-07
1176	no_pain	0.9999995	1.3886158e-07	3.662797e-07
1177	no_pain	0.9999985	3.5363155e-07	1.067634e-06
1178	no_pain	0.99999565	2.1332214e-07	4.1477488e-06
1179	low_pain	0.14272769	0.8572622	1.0143229e-05
1180	no_pain	0.9999994	1.6504842e-07	4.4488937e-07
1181	no_pain	0.9999997	1.6818436e-07	2.1440253e-07
1182	no_pain	0.7287122	7.163195e-06	0.27128068
1183	no_pain	0.9999992	1.5362262e-07	6.520873e-07
1184	no_pain	0.9999989	2.6959205e-07	8.126798e-07
1185	low_pain	0.121952906	0.8779482	9.886412e-05
1186	high_pain	0.00056184235	3.6544666e-06	0.9994345
1187	no_pain	0.9999997	1.7211642e-07	1.940931e-07
1188	no_pain	0.9999996	1.8789206e-07	2.4558508e-07
1189	no_pain	0.9999984	4.359825e-07	1.1630499e-06
1190	low_pain	0.028851744	0.97106135	8.685895e-05
1191	no_pain	0.9999996	1.63796e-07	2.597861e-07
1192	no_pain	0.9998519	2.3219013e-06	0.00014580277
1193	no_pain	0.99999875	2.513596e-07	9.956576e-07
1194	low_pain	0.027203571	0.9727096	8.686923e-05
1195	no_pain	0.9999981	1.1816706e-07	1.7571882e-06
1196	low_pain	0.010874128	0.989065	6.087043e-05
1197	high_pain	0.28523946	5.0348463e-06	0.71475554
1198	no_pain	0.8633752	0.00087055936	0.13575421
1199	no_pain	0.9999996	1.7957856e-07	2.3929883e-07
1200	low_pain	0.14994773	0.85000473	4.7544534e-05
1201	no_pain	0.9999995	1.9583801e-07	2.822018e-07
1202	high_pain	0.045614965	0.00010213692	0.9542829
1203	no_pain	0.9999997	1.6989141e-07	1.93447e-07
1204	no_pain	0.9999996	1.7407217e-07	2.7295752e-07
1205	no_pain	0.9999997	1.6593003e-07	1.9435218e-07
1206	no_pain	0.99999946	1.9368437e-07	2.7144398e-07
1207	no_pain	0.9999995	1.9734715e-07	2.6255083e-07
1208	no_pain	0.9999996	1.8185453e-07	2.232052e-07
1209	low_pain	0.0001852646	0.9997993	1.5416043e-05
1210	low_pain	0.0003765004	0.99960536	1.8092725e-05
1211	low_pain	0.1969872	0.8028757	0.000137123
1212	no_pain	0.9999996	1.3868761e-07	3.2208254e-07
1213	no_pain	0.9999997	1.6754218e-07	2.1405769e-07
1214	no_pain	0.99998134	3.870263e-07	1.8246767e-05
1215	no_pain	0.7946597	0.00018327244	0.20515707
1216	no_pain	0.9999996	1.6834603e-07	2.5732044e-07
1217	no_pain	0.9999996	1.6276854e-07	2.4189765e-07
1218	high_pain	0.0069969064	6.154746e-05	0.9929415
1219	no_pain	0.9999996	1.6335876e-07	2.9760213e-07
1220	high_pain	0.03843116	5.9655675e-05	0.9615092
1221	no_pain	0.9999996	1.8464017e-07	2.0666005e-07
1222	no_pain	0.9996292	4.2070926e-05	0.0003286773
1223	low_pain	0.13416256	0.865794	4.346065e-05
1224	no_pain	0.99999917	1.4968771e-07	6.8223835e-07
1225	no_pain	0.9999994	1.4691338e-07	4.7215684e-07
1226	low_pain	0.002114787	0.99782914	5.606618e-05
1227	no_pain	0.99999946	2.8360654e-07	2.8137242e-07
1228	no_pain	0.9999996	1.6177987e-07	2.5027688e-07
1229	no_pain	0.99999934	2.6810724e-07	4.385085e-07
1230	no_pain	0.9999996	1.6397128e-07	2.3423736e-07
1231	no_pain	0.7143239	1.1653993e-06	0.28567496
1232	no_pain	0.9996576	4.5602856e-06	0.00033788587
1233	no_pain	0.99999964	1.6816907e-07	2.192788e-07
1234	low_pain	0.13536817	0.8645583	7.350322e-05
1235	low_pain	0.1429573	0.8570251	1.759578e-05
1236	high_pain	0.16348357	0.002580523	0.8339359
1237	no_pain	0.5714456	1.308352e-06	0.4285531
1238	high_pain	1.5395664e-05	6.887156e-06	0.99997765
1239	no_pain	0.99993426	8.0517157e-07	6.489713e-05
1240	no_pain	0.9999995	1.4783733e-07	3.5965786e-07
1241	no_pain	0.99999946	1.6354026e-07	3.972025e-07
1242	no_pain	0.9999995	2.0533868e-07	2.773648e-07
1243	no_pain	0.9999996	1.6886985e-07	2.3253692e-07
1244	no_pain	0.5714223	0.42857388	3.83203e-06
1245	no_pain	0.99999946	1.4592608e-07	4.598478e-07
1246	low_pain	0.0042589083	0.9956965	4.459715e-05
1247	no_pain	0.5714247	0.42857248	2.771352e-06
1248	high_pain	0.0014395184	2.3368188e-05	0.9985371
1249	no_pain	0.8510856	0.00014169596	0.14877272
1250	no_pain	0.9999995	1.4498707e-07	3.5179593e-07
1251	no_pain	0.9999997	1.6599292e-07	2.1498883e-07
1252	high_pain	0.009641624	6.7664737e-06	0.9903517
1253	no_pain	0.9999995	1.8388918e-07	2.3074122e-07
1254	low_pain	0.000120091354	0.99986684	1.3074421e-05
1255	no_pain	0.99996626	1.2775496e-06	3.2432243e-05
1256	low_pain	0.2866858	0.71329594	1.8271168e-05
1257	no_pain	0.9999997	1.5113689e-07	2.1922877e-07
1258	no_pain	0.9999996	1.8430863e-07	2.2040967e-07
1259	no_pain	0.9898773	7.616358e-05	0.010046522
1260	low_pain	0.0059536216	0.9939947	5.167632e-05
1261	no_pain	0.99999964	1.7301087e-07	2.1273236e-07
1262	no_pain	0.9999995	1.4737131e-07	3.3327188e-07
1263	no_pain	0.9999924	2.1566264e-07	7.383541e-06
1264	no_pain	0.9999995	1.5352153e-07	3.759838e-07
1265	no_pain	0.9999997	1.6777233e-07	2.1228595e-07
1266	high_pain	0.14294103	8.782717e-06	0.85705024
1267	no_pain	0.99999934	2.0262301e-07	4.8212075e-07
1268	low_pain	0.14288151	0.85711104	7.458028e-06
1269	no_pain	0.9999996	1.646305e-07	2.6289686e-07
1270	no_pain	0.9999995	2.003595e-07	2.7046318e-07
1271	no_pain	0.9999997	1.6961988e-07	2.0967829e-07
1272	no_pain	0.99999934	1.5593288e-07	5.2733236e-07
1273	no_pain	0.99999964	1.7084191e-07	2.2250053e-07
1274	no_pain	0.9999997	1.7177082e-07	1.9979782e-07
1275	no_pain	0.99999934	1.8095861e-07	4.6309287e-07
1276	no_pain	0.9999996	1.7690594e-07	2.1083856e-07
1277	no_pain	0.9999995	1.8639336e-07	3.0630713e-07
1278	no_pain	0.99999964	1.7560362e-07	2.0648397e-07
1279	no_pain	0.9999995	2.0652774e-07	2.4104057e-07
1280	no_pain	0.99999934	1.4613443e-07	5.74264e-07
1281	no_pain	0.99999934	2.474317e-07	4.0205262e-07
1282	high_pain	2.81454e-05	2.6387365e-06	0.9999692
1283	no_pain	0.59980476	4.793968e-06	0.4001905
1284	no_pain	0.9999995	1.4738445e-07	3.782418e-07
1285	no_pain	0.99999005	2.2683723e-06	7.680069e-06
1286	no_pain	0.9999996	1.7817466e-07	2.474645e-07
1287	no_pain	0.9999996	1.8250319e-07	2.3973257e-07
1288	high_pain	0.000679324	3.80918e-06	0.9993169
1289	no_pain	0.99999964	1.7691488e-07	2.0167512e-07
1290	no_pain	0.9999995	1.411132e-07	3.503996e-07
1291	high_pain	0.15947917	9.7903314e-05	0.8404229
1292	no_pain	0.9999995	1.7906551e-07	2.6941956e-07
1293	high_pain	2.5468235e-05	5.4754623e-06	0.99996907
1294	no_pain	0.9999996	1.4412292e-07	2.678218e-07
1295	low_pain	0.0016407837	0.9983278	3.143459e-05
1296	no_pain	0.9999996	1.7196706e-07	2.4399574e-07
1297	no_pain	0.9999996	1.4837825e-07	2.419215e-07
1298	no_pain	0.9999995	1.8903413e-07	2.3510336e-07
1299	no_pain	0.9999996	1.8747942e-07	1.9965111e-07
1300	low_pain	0.14120735	0.85876757	2.5049e-05
1301	no_pain	0.9999996	1.6795346e-07	2.454763e-07
1302	no_pain	0.9999995	1.9092462e-07	2.5941387e-07
1303	no_pain	0.99999964	1.7484531e-07	2.0776939e-07
1304	no_pain	0.9999997	1.6575822e-07	2.1736098e-07
1305	no_pain	0.9999995	1.813775e-07	2.58457e-07
1306	no_pain	0.9999996	1.7952746e-07	2.0216514e-07
1307	no_pain	0.9999991	3.2680495e-07	6.2463226e-07
1308	no_pain	0.9999986	3.9472678e-07	9.661868e-07
1309	low_pain	0.123829104	0.87609357	7.7285455e-05
1310	no_pain	0.9999995	1.9825902e-07	2.6373132e-07
1311	high_pain	0.00018852993	1.9243524e-05	0.9997922
1312	no_pain	0.9999916	1.2901255e-06	7.0487818e-06
1313	no_pain	0.9999996	1.5874718e-07	2.449223e-07
1314	no_pain	0.9999995	1.5868224e-07	3.6279155e-07
1315	low_pain	0.08920749	0.91069126	0.00010129665
1316	no_pain	0.99999946	1.717638e-07	3.829498e-07
1317	no_pain	0.99999946	2.0094194e-07	3.0967007e-07
1318	low_pain	0.1409652	0.859011	2.3791816e-05
1319	no_pain	0.8734344	1.5996746e-05	0.12654957
1320	no_pain	0.99999964	1.5050685e-07	2.227903e-07
1321	no_pain	0.9999995	1.8347679e-07	2.2507069e-07
1322	no_pain	0.9999997	1.625014e-07	1.9174456e-07
1323	no_pain	0.9999979	1.2339827e-07	1.9498816e-06
